

seed;457697292;
Npop;5000;
mu_feedback;0.0005;
mu_stress_influx;0.0005;
mu_influx;0.0005;
mu_hstart;0.0005;
sP2NP_1;0.19;
sNP2P_1;0.01;
init_feedback;0.1;
init_stress_influx;0.4;
init_influx;0.05;
init_hstart;0.5;
cue_P;0;
cue_NP;0;
s0;0;
ad;0.5;
aP;1;
mort_background;0.002;
dmax;1;
zmax;1;
r;1;
u;1;
p_att;0.5;
NumGen;200000;
base_name;sim_stress_17_02_2020_152622_2;
generation;freq_P;mean_feedback;mean_stress_influx;mean_influx;mean_hormone;mean_damage;sd_feedback;sd_stress_influx;sd_influx;sd_hormone;sd_damage;prop_dead_P;prop_dead_NP;mean_fecundity_P;mean_fecundity_NP;
0;0.0408;0.1;0.399999;0.05;0.50552;0.50552;-nan;4.39557e-05;-nan;0.046664;0.046664;0.29902;0.00187656;0.20828;0.292893;
500;0.0286;0.100051;0.400041;0.0500352;0.522843;0.522843;0.0024852;0.00448238;0.00174509;0.0832693;0.0832693;0.146853;0.00123533;0.103995;0.28376;
1000;0.0266;0.100173;0.399962;0.0499751;0.520381;0.520381;0.00437826;0.00567765;0.00207206;0.0796856;0.0796856;0.142857;0.00349291;0.138758;0.284068;
1500;0.0204;0.100634;0.399969;0.0496979;0.514382;0.514382;0.00745307;0.00524858;0.00328301;0.0822186;0.0822186;0.156863;0.00224581;0.115547;0.288288;
2000;0.0258;0.101073;0.400436;0.0491828;0.50989;0.50989;0.00935871;0.00583947;0.00477594;0.0911429;0.0911429;0.162791;0.00164237;0.135222;0.292592;
2500;0.0256;0.101958;0.400606;0.0476256;0.493476;0.493476;0.0122012;0.007638;0.00750272;0.110417;0.110417;0.242188;0.00205255;0.109921;0.307538;
3000;0.0238;0.106006;0.401378;0.0417632;0.428911;0.428911;0.0212586;0.0112552;0.0128995;0.150689;0.150689;0.268908;0.00327802;0.178153;0.363927;
3500;0.0196;0.115383;0.400673;0.0295106;0.302822;0.302822;0.0332105;0.00865507;0.0173999;0.183135;0.183135;0.367347;0.00142799;0.294982;0.495037;
4000;0.0128;0.119894;0.400848;0.0127629;0.154284;0.154284;0.037049;0.00880879;0.0152637;0.167648;0.167648;0.6875;0.00222853;0.407502;0.697812;
4500;0.0128;0.124563;0.401267;0.00435393;0.0803719;0.0803719;0.0402286;0.0105988;0.00949832;0.13284;0.13284;0.8125;0.00162075;0.674174;0.821999;
5000;0.0114;0.128046;0.401527;0.00114802;0.0504133;0.0504133;0.0423761;0.0109439;0.00431815;0.106361;0.106361;0.807018;0.00202306;0.791872;0.878606;
5500;0.0134;0.132011;0.400924;0.00046735;0.0457043;0.0457043;0.0445909;0.0108314;0.00313238;0.104994;0.104994;0.791045;0.00202716;0.843154;0.892497;
6000;0.0088;0.136715;0.400922;0.000234919;0.0407975;0.0407975;0.0465144;0.010735;0.00243383;0.101501;0.101501;0.977273;0.00201776;0.754073;0.905588;
6500;0.0084;0.142256;0.401181;0.000149968;0.0393959;0.0393959;0.0494749;0.0171937;0.00253764;0.101116;0.101116;0.952381;0.00242033;0.799531;0.909058;
7000;0.0102;0.146127;0.40186;0.00016912;0.0368187;0.0368187;0.0508592;0.0173173;0.0027438;0.0975958;0.0975958;0.72549;0.00121237;0.834073;0.912775;
7500;0.013;0.150573;0.401848;8.34331e-05;0.0381222;0.0381222;0.0514931;0.0160927;0.00217359;0.101358;0.101358;0.738462;0.00182371;0.82042;0.914541;
8000;0.0112;0.15266;0.402538;9.04792e-05;0.036533;0.036533;0.0519154;0.0168154;0.00170925;0.0973931;0.0973931;0.553571;0.00141586;0.792017;0.914534;
8500;0.0094;0.15337;0.401781;9.4515e-05;0.0386451;0.0386451;0.052786;0.0159404;0.00256454;0.0983652;0.0983652;0.765957;0.00201898;0.823328;0.910547;
9000;0.011;0.160839;0.401121;0.000100334;0.0370351;0.0370351;0.0535674;0.0162766;0.00203086;0.0986852;0.0986852;0.872727;0.00202224;0.84857;0.917778;
9500;0.0088;0.170626;0.401047;2.51336e-05;0.0360321;0.0360321;0.0552017;0.0156717;0.000766692;0.0986886;0.0986886;1.06818;0.00201776;0.823723;0.920955;
10000;0.0076;0.179408;0.402685;6.05972e-05;0.0323353;0.0323353;0.0552312;0.0205326;0.00170962;0.0904334;0.0904334;0.842105;0.00161225;0.837418;0.924321;
10500;0.009;0.182175;0.40257;1.69255e-05;0.0318276;0.0318276;0.0552795;0.0210774;0.000852473;0.0926917;0.0926917;1.08889;0.00161453;0.861603;0.929126;
11000;0.0092;0.19254;0.403599;5.77947e-05;0.0301072;0.0301072;0.055057;0.0224375;0.0015993;0.0880691;0.0880691;0.847826;0.00121114;0.870064;0.930241;
11500;0.01;0.200673;0.406542;2.44021e-05;0.028207;0.028207;0.0537365;0.0297639;0.00141772;0.0872526;0.0872526;0.8;0.000808081;0.820998;0.93612;
12000;0.011;0.203874;0.410761;7.01915e-05;0.0252873;0.0252873;0.0530124;0.0357182;0.00227931;0.0815635;0.0815635;0.727273;0.000808898;0.890342;0.940011;
12500;0.009;0.210713;0.41215;7.35438e-06;0.0279214;0.0279214;0.0514052;0.0384485;0.000229056;0.0892584;0.0892584;0.933333;0.00282543;0.839342;0.940127;
13000;0.0082;0.215321;0.411218;3.33211e-05;0.0273753;0.0273753;0.0505406;0.0372012;0.001162;0.0872758;0.0872758;1.21951;0.0026215;0.86523;0.941996;
13500;0.0104;0.219185;0.411018;2.63289e-05;0.0229119;0.0229119;0.0492309;0.0366078;0.000912872;0.0761436;0.0761436;0.711538;0.00101051;0.912092;0.945508;
14000;0.0096;0.224522;0.410409;6.22473e-05;0.0237253;0.0237253;0.0462845;0.0359474;0.00183501;0.0792301;0.0792301;0.708333;0.00181745;0.832539;0.945659;
14500;0.0084;0.225575;0.408756;3.96053e-05;0.0253243;0.0253243;0.0471542;0.0383763;0.00149084;0.083987;0.083987;1.11905;0.00262203;0.879449;0.946399;
15000;0.0134;0.228864;0.407022;1.6618e-05;0.0261025;0.0261025;0.0459174;0.0386753;0.000650953;0.0858749;0.0858749;0.880597;0.00202716;0.909333;0.946171;
15500;0.01;0.233503;0.403368;2.89649e-05;0.0229479;0.0229479;0.0441255;0.0387066;0.00102486;0.0829837;0.0829837;0.96;0.00222222;0.877816;0.952052;
16000;0.0096;0.234458;0.402832;7.24162e-05;0.0228575;0.0228575;0.0431702;0.0358221;0.0024698;0.0788008;0.0788008;0.9375;0.00201939;0.886379;0.949808;
16500;0.0086;0.236772;0.401297;3.9617e-06;0.0221841;0.0221841;0.043123;0.0279839;0.000204363;0.0791916;0.0791916;1.04651;0.00141214;0.842129;0.952631;
17000;0.0086;0.236387;0.401354;5.901e-05;0.0230254;0.0230254;0.0432321;0.0290351;0.00202744;0.0806932;0.0806932;0.930233;0.00181561;0.856509;0.949769;
17500;0.0112;0.237873;0.402856;5.08787e-05;0.0218568;0.0218568;0.0435362;0.0304385;0.00176549;0.0775655;0.0775655;0.732143;0.00121359;0.869675;0.951586;
18000;0.0094;0.240339;0.402456;6.58151e-05;0.0224253;0.0224253;0.0434387;0.0289745;0.00143881;0.0771269;0.0771269;0.808511;0.00161518;0.881743;0.948567;
18500;0.0098;0.24141;0.402695;9.56313e-05;0.0246221;0.0246221;0.0421381;0.0306866;0.00243987;0.084052;0.084052;1.12245;0.00262573;0.866452;0.950437;
19000;0.0088;0.244378;0.403119;0.000101602;0.0215489;0.0215489;0.0400887;0.0274161;0.00261803;0.0789015;0.0789015;0.977273;0.00161421;0.860153;0.953932;
19500;0.01;0.249381;0.401985;1.79037e-05;0.0216865;0.0216865;0.0372416;0.021539;0.000932846;0.079346;0.079346;1.14;0.00141414;0.959013;0.955089;
20000;0.0078;0.251666;0.401589;2.80167e-05;0.0200657;0.0200657;0.0345218;0.0186521;0.00135376;0.0738407;0.0738407;0.820513;0.00181415;0.955186;0.954615;
20500;0.0116;0.252762;0.400997;1.56705e-05;0.0205257;0.0205257;0.0321314;0.0204576;0.00059128;0.0759942;0.0759942;0.603448;0.00202347;0.906694;0.954748;
21000;0.01;0.252884;0.401374;8.55782e-05;0.0216299;0.0216299;0.0326408;0.0225374;0.00207252;0.0800716;0.0800716;0.96;0.0020202;0.831851;0.954958;
21500;0.0112;0.253829;0.401799;0.00010247;0.0227367;0.0227367;0.0323884;0.0237926;0.00267552;0.0823004;0.0823004;0.696429;0.00161812;0.762694;0.952726;
22000;0.0126;0.255168;0.401397;6.72465e-05;0.0216376;0.0216376;0.0320362;0.023552;0.00141776;0.077485;0.077485;0.619048;0.00162042;0.848109;0.952897;
22500;0.0104;0.257425;0.40283;9.51716e-05;0.0206732;0.0206732;0.0282528;0.0296275;0.00187013;0.0733702;0.0733702;0.730769;0.00141471;0.904105;0.953033;
23000;0.0112;0.257339;0.40549;6.5907e-05;0.0222474;0.0222474;0.0282085;0.0320905;0.00228985;0.0824997;0.0824997;0.910714;0.00303398;0.897023;0.955771;
23500;0.0108;0.257833;0.403092;6.56343e-05;0.0213008;0.0213008;0.0270314;0.0353337;0.00261424;0.0793011;0.0793011;0.796296;0.00181965;0.899332;0.9554;
24000;0.0098;0.25797;0.405325;0;0.0205392;0.0205392;0.0255901;0.0331355;0;0.0748485;0.0748485;0.877551;0.00121188;0.922766;0.95487;
24500;0.0082;0.260007;0.403333;2.68193e-05;0.0182777;0.0182777;0.0250317;0.0323458;0.00118048;0.0716033;0.0716033;0.926829;0.000403307;0.907238;0.958527;
25000;0.009;0.260085;0.402549;4.01952e-05;0.018926;0.018926;0.0245178;0.030429;0.00118643;0.0717247;0.0717247;1;0.00201816;0.93324;0.958922;
25500;0.0112;0.259125;0.401584;5.43635e-05;0.0223111;0.0223111;0.0234536;0.0337232;0.00162265;0.0814777;0.0814777;0.910714;0.00202265;0.892968;0.954785;
26000;0.01;0.261007;0.402711;6.92241e-05;0.0206659;0.0206659;0.0226031;0.0286145;0.00191187;0.0760544;0.0760544;0.8;0.00242424;0.907302;0.955544;
26500;0.011;0.262309;0.400691;2.64218e-05;0.0202881;0.0202881;0.0219929;0.030403;0.00118024;0.075672;0.075672;0.690909;0.00101112;0.859869;0.955538;
27000;0.0094;0.264566;0.402873;4.07076e-05;0.0174663;0.0174663;0.0246604;0.0273921;0.00154679;0.0693218;0.0693218;0.680851;0.00323037;0.899502;0.961341;
27500;0.0098;0.265378;0.400592;2.61665e-05;0.0192548;0.0192548;0.0274161;0.0263623;0.000717222;0.0726587;0.0726587;0.836735;0.00161584;0.935224;0.957928;
28000;0.0104;0.267912;0.401356;1.69796e-05;0.0197828;0.0197828;0.0295699;0.0317752;0.000588918;0.0760865;0.0760865;0.884615;0.00181892;0.92005;0.958409;
28500;0.011;0.27039;0.400832;3.44692e-05;0.0199539;0.0199539;0.0309016;0.0318001;0.00105048;0.0755813;0.0755813;0.654545;0.0016178;0.856539;0.957409;
29000;0.0086;0.273028;0.399996;6.86134e-05;0.0182805;0.0182805;0.0311242;0.0319914;0.00199824;0.0714075;0.0714075;0.906977;0.00262255;0.930202;0.959444;
29500;0.0088;0.271777;0.397754;0.00013237;0.0189074;0.0189074;0.030897;0.0373174;0.00222396;0.072011;0.072011;0.795455;0.00221953;0.917389;0.958055;
30000;0.0108;0.272672;0.396636;8.29927e-05;0.0203266;0.0203266;0.0315724;0.0406373;0.00258318;0.0791184;0.0791184;0.888889;0.00222402;0.820284;0.960023;
30500;0.0106;0.275726;0.398302;1.57655e-05;0.0183798;0.0183798;0.0320329;0.0368924;0.000376587;0.0715263;0.0715263;0.735849;0.00202143;0.961477;0.959289;
31000;0.0084;0.278976;0.401314;6.49583e-05;0.0185885;0.0185885;0.03289;0.0400683;0.00199976;0.0730485;0.0730485;1;0.00161355;0.918776;0.96089;
31500;0.0112;0.279401;0.404134;6.60736e-05;0.0198109;0.0198109;0.0330109;0.0381991;0.00168102;0.0753933;0.0753933;0.517857;0.00242718;0.89087;0.957546;
32000;0.0084;0.280586;0.400657;0.000117635;0.0196953;0.0196953;0.031821;0.037997;0.00266944;0.073225;0.073225;0.928571;0.00221864;0.94242;0.95721;
32500;0.01;0.28123;0.403515;7.83668e-05;0.0207448;0.0207448;0.0323182;0.0392035;0.00211475;0.0791028;0.0791028;1.08;0.00222222;0.89299;0.960253;
33000;0.0078;0.282857;0.402846;6.34345e-05;0.019159;0.019159;0.0328987;0.0387787;0.00152375;0.0730246;0.0730246;1.07692;0.00201572;0.886122;0.959727;
33500;0.0112;0.280431;0.403071;0.000122807;0.0194548;0.0194548;0.0315843;0.0374162;0.00259367;0.0751434;0.0751434;0.803571;0.00161812;0.903244;0.959927;
34000;0.0106;0.280754;0.401712;4.42542e-05;0.0194707;0.0194707;0.0326251;0.0382088;0.00120204;0.0740241;0.0740241;0.773585;0.00222357;0.835787;0.959818;
34500;0.0104;0.280356;0.400572;5.07199e-05;0.0173577;0.0173577;0.0326375;0.0379547;0.00150837;0.0694916;0.0694916;0.730769;0.00121261;0.860849;0.961522;
35000;0.014;0.278489;0.400338;1.62129e-06;0.0196561;0.0196561;0.0302505;0.036268;4.04998e-05;0.0757847;0.0757847;0.728571;0.00182556;0.936811;0.960164;
35500;0.009;0.278176;0.398333;3.93e-05;0.0199548;0.0199548;0.0303253;0.0345286;0.00177327;0.0756792;0.0756792;0.933333;0.00221998;0.895399;0.958715;
36000;0.0094;0.278071;0.398043;0.000120005;0.0188129;0.0188129;0.0298866;0.0337072;0.00260181;0.0729499;0.0729499;0.914894;0.00121139;0.905548;0.960445;
36500;0.0096;0.282199;0.397635;4.32828e-05;0.0202166;0.0202166;0.0321374;0.0306122;0.00136454;0.075303;0.075303;0.916667;0.00181745;0.877231;0.957684;
37000;0.0134;0.279733;0.397969;7.83217e-05;0.0182886;0.0182886;0.0300441;0.0271306;0.00163398;0.0702362;0.0702362;0.597015;0.00162173;0.88425;0.960119;
37500;0.0096;0.281567;0.396899;3.96703e-05;0.0191838;0.0191838;0.0324187;0.0276534;0.00150577;0.0754294;0.0754294;0.895833;0.00201939;0.926852;0.960373;
38000;0.0088;0.281138;0.395287;5.70211e-05;0.0185781;0.0185781;0.0329585;0.0274506;0.0020752;0.0712939;0.0712939;0.909091;0.00181598;0.9751;0.959132;
38500;0.0092;0.280688;0.395451;7.65105e-05;0.0190498;0.0190498;0.033348;0.0284871;0.0016671;0.0743046;0.0743046;1.02174;0.00121114;0.895817;0.960252;
39000;0.009;0.280697;0.395536;0.000135231;0.0188981;0.0188981;0.0351015;0.0262413;0.00339325;0.0747018;0.0747018;1.06667;0.00262361;0.88933;0.9619;
39500;0.0092;0.280374;0.395242;2.76208e-05;0.0185676;0.0185676;0.0341862;0.02634;0.00109262;0.0726764;0.0726764;1;0.00222043;0.965934;0.960265;
40000;0.0098;0.280895;0.394106;1.93502e-05;0.0192532;0.0192532;0.0343315;0.0288056;0.000634222;0.0760024;0.0760024;0.755102;0.00141386;0.848402;0.960151;
40500;0.0106;0.281854;0.392398;9.08709e-05;0.0192234;0.0192234;0.0338658;0.0310423;0.00236625;0.075757;0.075757;0.773585;0.00202143;0.863469;0.960917;
41000;0.0094;0.2815;0.392983;0.000115642;0.0220025;0.0220025;0.034592;0.0311525;0.00302031;0.0816369;0.0816369;1.12766;0.00181708;0.848673;0.957076;
41500;0.0118;0.28078;0.39271;8.36772e-05;0.0211781;0.0211781;0.0328361;0.0317405;0.00198154;0.078418;0.078418;0.728814;0.00222627;0.894598;0.957099;
42000;0.0112;0.281586;0.392328;0.000108572;0.0203858;0.0203858;0.035047;0.0331066;0.00260617;0.0752283;0.0752283;0.803571;0.00242718;0.899764;0.957324;
42500;0.0108;0.282514;0.391067;8.73343e-05;0.0184522;0.0184522;0.0352395;0.0344922;0.00255779;0.0725386;0.0725386;0.611111;0.00262839;0.921094;0.959601;
43000;0.011;0.287364;0.391185;0.000169248;0.0200553;0.0200553;0.038021;0.0349545;0.00356049;0.075592;0.075592;0.890909;0.00141557;0.889642;0.95897;
43500;0.0094;0.287311;0.391199;7.72159e-05;0.0200804;0.0200804;0.0386909;0.0340306;0.00229648;0.0751293;0.0751293;0.787234;0.00343226;0.894599;0.95832;
44000;0.0094;0.28741;0.392125;9.23487e-05;0.0200674;0.0200674;0.0394326;0.032548;0.00174497;0.0777568;0.0777568;1;0.00242277;0.839752;0.960236;
44500;0.0098;0.289927;0.389291;7.91934e-05;0.0184946;0.0184946;0.041103;0.0305761;0.00280344;0.0718083;0.0718083;0.959184;0.00121188;0.922449;0.96097;
45000;0.0072;0.290373;0.390017;0.000108821;0.0182745;0.0182745;0.0412255;0.0301083;0.00226225;0.0725912;0.0725912;1.08333;0.00261886;0.926223;0.961643;
45500;0.0096;0.289999;0.389009;6.06243e-05;0.0183116;0.0183116;0.0411399;0.0306767;0.0017191;0.0718423;0.0718423;0.875;0.00181745;0.929345;0.961096;
46000;0.0118;0.289659;0.389231;5.79018e-05;0.019246;0.019246;0.0424057;0.0265948;0.00194417;0.0732755;0.0732755;0.745763;0.00202388;0.975206;0.958491;
46500;0.0094;0.289585;0.386484;7.68117e-05;0.0199542;0.0199542;0.0406633;0.0293047;0.00176677;0.0767993;0.0767993;1.10638;0.00141328;0.897507;0.959958;
47000;0.011;0.29065;0.384228;5.59086e-05;0.0193749;0.0193749;0.0429682;0.0328976;0.00136145;0.0750751;0.0750751;0.890909;0.0016178;0.901181;0.960218;
47500;0.01;0.288586;0.386757;2.38301e-05;0.0207559;0.0207559;0.0421682;0.0298985;0.00101792;0.078859;0.078859;1.14;0.0020202;0.904402;0.959396;
48000;0.011;0.286156;0.387058;6.63888e-05;0.0187956;0.0187956;0.042735;0.0291237;0.00266223;0.0731737;0.0731737;0.763636;0.00141557;0.927544;0.959973;
48500;0.0102;0.287824;0.386155;5.03281e-05;0.0195754;0.0195754;0.0440238;0.0308758;0.00163556;0.0753416;0.0753416;0.882353;0.00242473;0.908497;0.95945;
49000;0.0092;0.291309;0.387935;7.84095e-05;0.0176335;0.0176335;0.0466622;0.0313893;0.00188198;0.068979;0.068979;0.782609;0.00181671;0.912473;0.960654;
49500;0.0088;0.29267;0.388899;2.73002e-05;0.0187103;0.0187103;0.0480136;0.0288026;0.000954332;0.0734179;0.0734179;0.954545;0.00423729;0.94068;0.962039;
50000;0.0106;0.296747;0.388837;0.000163704;0.0186886;0.0186886;0.0514153;0.0280471;0.00274771;0.0744203;0.0744203;0.792453;0.00303214;0.91182;0.961899;
50500;0.0094;0.297508;0.38761;0.000154605;0.0186197;0.0186197;0.0523691;0.0298513;0.00257269;0.0726562;0.0726562;1.02128;0.00161518;0.913531;0.961003;
51000;0.0084;0.303059;0.387164;4.48045e-05;0.0189191;0.0189191;0.0544176;0.0296814;0.00143743;0.0737916;0.0737916;1.07143;0.00262203;0.919119;0.961593;
51500;0.0088;0.302332;0.387701;2.79605e-05;0.015903;0.015903;0.0545622;0.0300933;0.000883547;0.0666419;0.0666419;0.863636;0.00201776;0.95669;0.965597;
52000;0.0108;0.303428;0.384949;2.1677e-05;0.0169123;0.0169123;0.0557285;0.0317344;0.000690007;0.070196;0.070196;0.888889;0.00161747;0.909069;0.965084;
52500;0.0118;0.304478;0.385215;1.73732e-05;0.018063;0.018063;0.057273;0.0313511;0.000414675;0.0732705;0.0732705;0.745763;0.00161911;0.879685;0.963078;
53000;0.01;0.303615;0.384976;5.9246e-05;0.0176193;0.0176193;0.055541;0.0315861;0.000883854;0.0703863;0.0703863;0.82;0.00181818;0.921686;0.962012;
53500;0.0074;0.307734;0.388598;0.000139611;0.0186956;0.0186956;0.0584113;0.0289391;0.00267218;0.073023;0.073023;1.32432;0.00120895;0.903946;0.960472;
54000;0.0088;0.305866;0.391426;6.98607e-05;0.0184335;0.0184335;0.0588103;0.0257635;0.00149596;0.0720872;0.0720872;1;0.00221953;0.959885;0.96126;
54500;0.0074;0.311847;0.388792;1.47787e-05;0.0185388;0.0185388;0.0621823;0.0279368;0.000534694;0.0743494;0.0743494;1.43243;0.00261938;0.965999;0.964033;
55000;0.0108;0.312434;0.389551;0.000153791;0.0187545;0.0187545;0.0640018;0.027467;0.00338031;0.0728858;0.0728858;0.981481;0.000808734;0.946847;0.960682;
55500;0.011;0.312367;0.390027;6.23656e-05;0.0176217;0.0176217;0.0632058;0.0263364;0.00199014;0.0703953;0.0703953;0.672727;0.00141557;0.909756;0.962275;
56000;0.0098;0.312492;0.388798;3.03198e-06;0.017233;0.017233;0.0654976;0.0273204;0.000214372;0.0710736;0.0710736;0.816327;0.00181781;0.875025;0.965001;
56500;0.0116;0.316633;0.388765;3.22228e-07;0.0169654;0.0169654;0.0647085;0.0296118;2.27826e-05;0.0698459;0.0698459;0.758621;0.00161878;0.901984;0.964515;
57000;0.0094;0.321131;0.388133;8.37792e-05;0.0165321;0.0165321;0.0672529;0.0309782;0.00200493;0.0689395;0.0689395;0.87234;0.00121139;0.946952;0.965247;
57500;0.0092;0.326896;0.38846;6.32326e-05;0.0163618;0.0163618;0.0689086;0.0333672;0.00176016;0.0669044;0.0669044;0.652174;0.00161486;0.848062;0.964362;
58000;0.0104;0.32787;0.388107;4.50917e-05;0.0187945;0.0187945;0.0687921;0.0355026;0.00162929;0.0762841;0.0762841;1.17308;0.00141471;0.928878;0.965214;
58500;0.01;0.330976;0.389184;5.99556e-05;0.0167516;0.0167516;0.0698548;0.0345142;0.00219957;0.0694826;0.0694826;0.82;0.00121212;0.904207;0.96545;
59000;0.0092;0.331981;0.391105;8.91507e-05;0.0153018;0.0153018;0.0701772;0.032988;0.00208211;0.0673798;0.0673798;0.826087;0.00181671;0.958324;0.968002;
59500;0.0094;0.33504;0.39153;2.3411e-05;0.0144768;0.0144768;0.0699792;0.0335647;0.000834127;0.0634943;0.0634943;0.595745;0.00121139;0.881902;0.967904;
60000;0.0094;0.333702;0.391333;9.71205e-05;0.0165372;0.0165372;0.0688283;0.0338802;0.00173521;0.0679699;0.0679699;0.808511;0.00161518;0.943388;0.964518;
60500;0.0082;0.331111;0.391509;3.58121e-05;0.0175319;0.0175319;0.068559;0.0303986;0.00145531;0.0742091;0.0742091;1.14634;0.00282315;0.904487;0.966685;
61000;0.0088;0.33135;0.3924;6.16648e-05;0.0142131;0.0142131;0.0680914;0.0298313;0.0017016;0.0627342;0.0627342;0.727273;0.00141243;0.916369;0.968703;
61500;0.0086;0.330563;0.392138;3.4831e-06;0.016131;0.016131;0.068435;0.0305276;0.000174464;0.0677764;0.0677764;1;0.00141214;0.971011;0.966618;
62000;0.0102;0.331239;0.391137;8.60294e-05;0.0163388;0.0163388;0.0673137;0.0324483;0.00210759;0.0705168;0.0705168;0.901961;0.00181855;0.897906;0.967727;
62500;0.011;0.332575;0.390479;7.38258e-05;0.015798;0.015798;0.0685624;0.0341951;0.00166556;0.066787;0.066787;0.654545;0.00242669;0.962588;0.966727;
63000;0.0102;0.333155;0.392913;7.29125e-05;0.0157603;0.0157603;0.0690142;0.0317879;0.00162155;0.0673296;0.0673296;0.705882;0.00202061;0.913643;0.967316;
63500;0.0104;0.335031;0.392566;0.000171964;0.0155478;0.0155478;0.0676751;0.0308639;0.00320308;0.0675698;0.0675698;0.730769;0.00242522;0.922511;0.967988;
64000;0.01;0.336124;0.391165;8.8708e-05;0.0158836;0.0158836;0.0674906;0.029576;0.00244601;0.0694272;0.0694272;0.86;0.00242424;0.952178;0.968396;
64500;0.0082;0.341058;0.391887;6.29315e-05;0.016806;0.016806;0.0681867;0.0287037;0.00199454;0.0704456;0.0704456;1.2439;0.00201654;0.951276;0.96693;
65000;0.0104;0.339705;0.391202;0.000145122;0.017948;0.017948;0.0673779;0.0286472;0.002905;0.0736878;0.0736878;0.980769;0.00202102;0.881492;0.966371;
65500;0.0088;0.343842;0.390326;8.11924e-05;0.0165349;0.0165349;0.0688884;0.0294729;0.00238389;0.0684128;0.0684128;0.75;0.00221953;0.899733;0.966053;
66000;0.011;0.347768;0.388269;0.000124058;0.0171022;0.0171022;0.0689905;0.0310884;0.00294193;0.071553;0.071553;0.927273;0.00262892;0.940343;0.96769;
66500;0.0082;0.355076;0.387334;0.000112669;0.0152919;0.0152919;0.0713941;0.0310849;0.00243174;0.0671121;0.0671121;0.97561;0.0030248;0.92197;0.969993;
67000;0.0104;0.353224;0.386169;4.09083e-05;0.0158532;0.0158532;0.0710154;0.0312734;0.00125268;0.0689203;0.0689203;0.730769;0.00282943;0.878534;0.96904;
67500;0.0128;0.351904;0.386332;0.000146983;0.0167156;0.0167156;0.0715308;0.0314326;0.00392556;0.0696147;0.0696147;0.734375;0.00141815;0.914278;0.967027;
68000;0.0102;0.351452;0.383399;3.54651e-05;0.0161757;0.0161757;0.0709987;0.0341158;0.00144992;0.0706241;0.0706241;0.980392;0.00202061;0.945035;0.969185;
68500;0.011;0.353006;0.381782;0.000117345;0.016364;0.016364;0.0708085;0.0345246;0.00224205;0.0683144;0.0683144;0.781818;0.00222447;0.963184;0.966531;
69000;0.0102;0.351184;0.380656;0.000104562;0.0166986;0.0166986;0.0694371;0.0349754;0.00218431;0.069394;0.069394;0.921569;0.00161649;0.91947;0.966489;
69500;0.0092;0.352327;0.380627;0.000211485;0.0165335;0.0165335;0.0695474;0.0357005;0.00329724;0.0692268;0.0692268;0.956522;0.00100929;0.905137;0.9665;
70000;0.009;0.351569;0.381076;0.000168282;0.0152259;0.0152259;0.0705918;0.0365404;0.00239909;0.0651455;0.0651455;0.844444;0.00201816;0.932943;0.96739;
70500;0.008;0.358625;0.381985;4.88848e-05;0.0159409;0.0159409;0.0727339;0.0358017;0.000951457;0.0705379;0.0705379;1.35;0.00100806;0.911284;0.970275;
71000;0.0086;0.358689;0.381988;4.8349e-05;0.0156525;0.0156525;0.0720577;0.0364037;0.00110336;0.0685994;0.0685994;1.04651;0.00242082;0.941915;0.969371;
71500;0.012;0.367469;0.380764;8.57716e-05;0.0163351;0.0163351;0.0716575;0.036973;0.00206826;0.069819;0.069819;0.733333;0.00283401;0.954234;0.96881;
72000;0.009;0.367391;0.383171;5.52535e-05;0.0159234;0.0159234;0.0731994;0.0348083;0.00182388;0.0717341;0.0717341;1.26667;0.00221998;0.946003;0.972512;
72500;0.0122;0.375653;0.385923;8.01931e-05;0.0158545;0.0158545;0.073274;0.0328897;0.00276762;0.0705758;0.0705758;0.852459;0.0020247;0.954443;0.97083;
73000;0.0084;0.380943;0.383877;0;0.0166664;0.0166664;0.0737112;0.0343898;0;0.0731417;0.0731417;1.28571;0.00302541;0.949371;0.970426;
73500;0.0114;0.384071;0.386495;5.91822e-05;0.0146122;0.0146122;0.0717723;0.0323282;0.00235989;0.0678837;0.0678837;0.736842;0.0032369;0.960082;0.972911;
74000;0.0086;0.386478;0.386748;5.13365e-05;0.0148586;0.0148586;0.0730394;0.0320741;0.00109066;0.0672984;0.0672984;1;0.00262255;0.950386;0.97205;
74500;0.008;0.387958;0.386659;3.53001e-05;0.0143086;0.0143086;0.0726035;0.0315341;0.000860043;0.0659906;0.0659906;1.1;0.00221774;0.908279;0.972543;
75000;0.0104;0.390602;0.38739;0.000109917;0.0126079;0.0126079;0.0716967;0.0295012;0.00222167;0.0596963;0.0596963;0.692308;0.000606306;0.984467;0.972909;
75500;0.0084;0.392199;0.385801;9.56482e-05;0.0136159;0.0136159;0.0703037;0.0309053;0.00208021;0.0635856;0.0635856;0.904762;0.00242033;0.922968;0.973534;
76000;0.008;0.39761;0.386505;9.52733e-05;0.0135657;0.0135657;0.071421;0.0311045;0.00250967;0.0654991;0.0654991;1.125;0.00141129;0.976039;0.975011;
76500;0.0074;0.395639;0.38841;6.25061e-05;0.0143522;0.0143522;0.0699019;0.0289089;0.00175695;0.0664222;0.0664222;1;0.00241789;0.890905;0.972627;
77000;0.0106;0.398797;0.389647;6.41142e-05;0.0135061;0.0135061;0.0699417;0.0280089;0.00141474;0.0652871;0.0652871;0.867925;0.00181928;0.91507;0.974846;
77500;0.0116;0.403749;0.386205;6.0098e-05;0.0136401;0.0136401;0.069856;0.0314246;0.00213292;0.0628458;0.0628458;0.689655;0.00182113;0.955243;0.972504;
78000;0.0108;0.40228;0.389151;8.80646e-05;0.0118905;0.0118905;0.0681317;0.0291604;0.00210709;0.0593885;0.0593885;0.777778;0.00101092;0.961074;0.975942;
78500;0.007;0.402161;0.388659;0.000106006;0.0137402;0.0137402;0.0711303;0.0290029;0.00211908;0.0646665;0.0646665;1.2;0.00221551;0.90698;0.974032;
79000;0.007;0.406647;0.389636;0;0.0139955;0.0139955;0.0706465;0.0277141;0;0.0659544;0.0659544;1.22857;0.00322256;0.980685;0.974587;
79500;0.0098;0.412226;0.39021;5.24185e-05;0.0148387;0.0148387;0.0705486;0.0273319;0.00186973;0.0701246;0.0701246;1.14286;0.00181781;0.934337;0.975025;
80000;0.0126;0.415725;0.389542;3.78105e-05;0.0113059;0.0113059;0.0687464;0.0285515;0.00164142;0.0565132;0.0565132;0.460317;0.00162042;0.986178;0.975936;
80500;0.0074;0.416429;0.39062;3.77627e-05;0.0134104;0.0134104;0.0698643;0.0264539;0.00127483;0.0651007;0.0651007;1.21622;0.00261938;0.936132;0.97597;
81000;0.0088;0.420521;0.391217;2.55888e-05;0.0138764;0.0138764;0.068333;0.0258633;0.000567949;0.0692;0.0692;1.22727;0.00262308;0.914755;0.977418;
81500;0.0092;0.420408;0.391768;3.26694e-05;0.011623;0.011623;0.0691135;0.0246044;0.000926223;0.0595832;0.0595832;0.695652;0.00201857;0.912905;0.977544;
82000;0.0102;0.424384;0.392261;2.41699e-05;0.01437;0.01437;0.069961;0.0248369;0.000931978;0.0685224;0.0685224;0.941176;0.00262679;0.9699;0.975685;
82500;0.0122;0.429681;0.390936;1.73186e-05;0.0138071;0.0138071;0.06707;0.0259519;0.000553368;0.0680833;0.0680833;0.786885;0.00182223;0.923073;0.977039;
83000;0.0098;0.430977;0.391558;6.50926e-05;0.014312;0.014312;0.0662983;0.0251197;0.00153641;0.070324;0.070324;1.08163;0.00201979;0.937316;0.976792;
83500;0.0086;0.429447;0.389901;3.52963e-05;0.012434;0.012434;0.0668394;0.0271279;0.00112583;0.0629895;0.0629895;0.976744;0.00242082;0.962351;0.9772;
84000;0.0092;0.434371;0.388225;4.09978e-05;0.0117077;0.0117077;0.0648004;0.0276758;0.00106305;0.0583595;0.0583595;0.673913;0.00201857;0.92465;0.976471;
84500;0.0106;0.433247;0.389114;1.56881e-05;0.0138523;0.0138523;0.0652899;0.0272977;0.000693283;0.0672187;0.0672187;0.886792;0.00222357;0.904479;0.976886;
85000;0.0084;0.436547;0.389502;7.89415e-05;0.0122944;0.0122944;0.0646666;0.0265051;0.00159578;0.0615681;0.0615681;0.928571;0.00181525;0.977591;0.976598;
85500;0.0118;0.44624;0.388818;0.00010267;0.0135733;0.0135733;0.0625707;0.028309;0.00160312;0.067007;0.067007;0.813559;0.00182149;0.922442;0.97667;
86000;0.011;0.45531;0.39064;5.06108e-05;0.0120117;0.0120117;0.0611363;0.0279968;0.00146;0.0633363;0.0633363;0.763636;0.00222447;0.936887;0.979588;
86500;0.009;0.449958;0.391298;0.00011362;0.014786;0.014786;0.0609394;0.0290039;0.0022549;0.0704831;0.0704831;1.15556;0.00282543;0.928409;0.976119;
87000;0.0088;0.455991;0.391496;7.68731e-05;0.0124058;0.0124058;0.0595231;0.0297582;0.00178219;0.0641197;0.0641197;0.909091;0.00262308;0.936242;0.978629;
87500;0.0098;0.459794;0.390583;3.55385e-05;0.0130855;0.0130855;0.0600658;0.0287529;0.00126466;0.065698;0.065698;1.04082;0.00222177;0.94798;0.978426;
88000;0.0088;0.462248;0.389001;3.8174e-05;0.0127693;0.0127693;0.0577846;0.0298359;0.00118691;0.0672142;0.0672142;1.06818;0.00343019;0.965481;0.98021;
88500;0.0088;0.458188;0.390981;0.000115075;0.0132794;0.0132794;0.060539;0.029854;0.00270188;0.0658952;0.0658952;1;0.00221953;0.933441;0.977063;
89000;0.0106;0.457958;0.390464;0.00027214;0.0125696;0.0125696;0.0578615;0.0306771;0.00435279;0.0628734;0.0628734;0.679245;0.00222357;0.946956;0.976816;
89500;0.0114;0.457989;0.390878;4.96982e-05;0.0108136;0.0108136;0.0564391;0.0304759;0.00166656;0.0599008;0.0599008;0.754386;0.00121384;0.977382;0.98101;
90000;0.0102;0.463342;0.390549;3.15602e-05;0.0104007;0.0104007;0.0518755;0.0309054;0.00126242;0.0559218;0.0559218;0.607843;0.00121237;0.962033;0.979526;
90500;0.0098;0.461672;0.389556;2.47948e-05;0.0126952;0.0126952;0.0502306;0.0322967;0.00101225;0.0642627;0.0642627;0.877551;0.00262573;0.940905;0.977878;
91000;0.0094;0.463174;0.388278;5.08002e-05;0.011102;0.011102;0.0499493;0.0324455;0.0015653;0.0591136;0.0591136;0.680851;0.00262467;0.952939;0.979036;
91500;0.0084;0.460498;0.389556;2.29517e-05;0.011975;0.011975;0.0514778;0.0313858;0.00119612;0.0629769;0.0629769;1.09524;0.00181525;0.958752;0.979328;
92000;0.008;0.461244;0.39096;0.000140303;0.0141886;0.0141886;0.0513085;0.0307041;0.00283773;0.0690017;0.0690017;1.325;0.00221774;0.97045;0.977033;
92500;0.0076;0.46373;0.389941;8.97531e-05;0.011412;0.011412;0.0492166;0.0310064;0.00241482;0.0603782;0.0603782;1.13158;0.00120919;0.957294;0.979297;
93000;0.0076;0.464287;0.390188;5.88426e-05;0.012918;0.012918;0.0491837;0.0293831;0.00134488;0.0668207;0.0668207;1.36842;0.00241838;0.962516;0.979088;
93500;0.008;0.463324;0.390381;4.47248e-05;0.0109273;0.0109273;0.0489245;0.0300215;0.00125418;0.0602428;0.0602428;1.1;0.00120968;0.960473;0.980951;
94000;0.0112;0.466925;0.390912;0.000143681;0.0105241;0.0105241;0.0472605;0.0317127;0.00248028;0.056079;0.056079;0.5;0.00222492;0.9206;0.978962;
94500;0.0092;0.468124;0.389327;9.01988e-05;0.0121421;0.0121421;0.0457271;0.033547;0.00178367;0.0619978;0.0619978;0.913043;0.00222043;0.951924;0.978149;
95000;0.0092;0.467475;0.388926;6.12654e-05;0.0121075;0.0121075;0.0455633;0.0332286;0.00122516;0.0642977;0.0642977;1.1087;0.00181671;0.925355;0.98031;
95500;0.007;0.469621;0.389036;7.09186e-05;0.0120062;0.0120062;0.0452494;0.0326711;0.00162925;0.0620017;0.0620017;1.25714;0.00161128;0.947871;0.979224;
96000;0.011;0.468778;0.389804;6.42044e-05;0.0126312;0.0126312;0.048058;0.0307038;0.00167848;0.0657561;0.0657561;0.890909;0.00343782;0.963056;0.980265;
96500;0.0102;0.468771;0.391953;7.00912e-05;0.0116601;0.0116601;0.0474486;0.0297261;0.00175359;0.0629265;0.0629265;0.980392;0.00222267;0.929072;0.981693;
97000;0.0086;0.468307;0.392856;1.85329e-05;0.010705;0.010705;0.04694;0.0287561;0.000841885;0.0594394;0.0594394;0.953488;0.00181561;0.89742;0.981372;
97500;0.0112;0.468894;0.391897;2.6144e-05;0.0121409;0.0121409;0.0465217;0.0259358;0.00156899;0.0636699;0.0636699;0.857143;0.00202265;0.950243;0.980274;
98000;0.0094;0.471741;0.393598;0.000144511;0.0129041;0.0129041;0.04518;0.0263931;0.00320242;0.0639089;0.0639089;0.93617;0.00302847;0.976608;0.977432;
98500;0.0108;0.474055;0.39399;5.90004e-05;0.0120778;0.0120778;0.0464952;0.0241289;0.00164497;0.0617393;0.0617393;0.777778;0.00202184;0.953665;0.978827;
99000;0.0094;0.472397;0.396322;8.79467e-05;0.0108403;0.0108403;0.0482895;0.0233531;0.00267616;0.0579986;0.0579986;0.765957;0.00222088;0.965401;0.980208;
99500;0.0084;0.472945;0.396004;6.5212e-05;0.0141687;0.0141687;0.0464734;0.0240527;0.0015883;0.0688463;0.0688463;1.35714;0.00282372;0.96335;0.977932;
100000;0.0086;0.47247;0.396955;0.000181119;0.0130439;0.0130439;0.0466109;0.0222543;0.00283657;0.0663094;0.0663094;1.23256;0.00201735;0.938108;0.979296;
100500;0.0072;0.471864;0.396847;8.57375e-05;0.0114125;0.0114125;0.045936;0.0221101;0.00153816;0.0602265;0.0602265;1.02778;0.00261886;0.941923;0.979546;
101000;0.0104;0.472706;0.397284;0.000118827;0.0120666;0.0120666;0.0466424;0.0245637;0.00230684;0.0631671;0.0631671;0.846154;0.00242522;0.974181;0.979594;
101500;0.0094;0.473366;0.399364;6.79682e-05;0.0102683;0.0102683;0.0467198;0.0226795;0.00142238;0.0567023;0.0567023;0.787234;0.000807591;0.948592;0.980605;
102000;0.0094;0.47485;0.398749;8.12661e-05;0.01099;0.01099;0.0439302;0.0226446;0.00223998;0.0597999;0.0597999;0.978723;0.000807591;0.938415;0.980854;
102500;0.0072;0.47568;0.396158;1.61307e-05;0.0116611;0.0116611;0.0424455;0.0250984;0.000688779;0.0645479;0.0645479;1.27778;0.0020145;0.920223;0.98229;
103000;0.0064;0.474804;0.395869;2.65921e-05;0.0109006;0.0109006;0.0412192;0.0253674;0.000730983;0.0590919;0.0590919;1.09375;0.00281804;0.963306;0.98049;
103500;0.0092;0.475328;0.396196;4.73419e-05;0.0110927;0.0110927;0.0417256;0.0245651;0.00121217;0.059933;0.059933;0.76087;0.00262414;0.955923;0.980173;
104000;0.009;0.478515;0.395306;0.000121176;0.0116801;0.0116801;0.0414738;0.0273821;0.00211907;0.0624209;0.0624209;0.955556;0.00221998;0.957331;0.980051;
104500;0.0092;0.479567;0.395045;9.75156e-05;0.0110404;0.0110404;0.0419606;0.029761;0.00203086;0.0594004;0.0594004;0.695652;0.00302786;0.977914;0.98004;
105000;0.0094;0.480667;0.3943;4.55674e-05;0.0109263;0.0109263;0.0396422;0.0313736;0.00129936;0.0592289;0.0592289;0.808511;0.00181708;0.973241;0.980605;
105500;0.01;0.484338;0.394967;0.000101029;0.0115864;0.0115864;0.0376803;0.0332259;0.00248128;0.0614596;0.0614596;0.74;0.00262626;0.945733;0.979901;
106000;0.0084;0.48473;0.395887;4.44766e-05;0.0100676;0.0100676;0.037915;0.0348909;0.00144741;0.0579987;0.0579987;0.880952;0.00242033;0.954505;0.98296;
106500;0.0102;0.484702;0.394897;6.01028e-05;0.0110925;0.0110925;0.0373339;0.0357718;0.00203894;0.0615771;0.0615771;0.901961;0.00202061;0.965868;0.982586;
107000;0.0106;0.487747;0.394956;1.17992e-05;0.0107439;0.0107439;0.035293;0.0389683;0.000407314;0.0603099;0.0603099;0.849057;0.00161714;0.961612;0.982586;
107500;0.0102;0.486213;0.395002;4.03876e-05;0.0126273;0.0126273;0.0340236;0.0355343;0.00170516;0.0679323;0.0679323;1;0.00343504;0.961198;0.981885;
108000;0.0072;0.485861;0.394316;7.94338e-05;0.0112512;0.0112512;0.0368717;0.0353842;0.00192004;0.0616342;0.0616342;1.27778;0.0012087;0.963261;0.980842;
108500;0.0074;0.4873;0.391893;0.000109949;0.0115273;0.0115273;0.0369029;0.0343101;0.00204583;0.0617488;0.0617488;1.05405;0.00261938;0.994311;0.98037;
109000;0.0108;0.485644;0.393784;8.12319e-05;0.0120962;0.0120962;0.0379757;0.0328809;0.00182133;0.0620565;0.0620565;0.888889;0.000606551;0.929907;0.979534;
109500;0.0076;0.483718;0.394467;2.11537e-05;0.0109207;0.0109207;0.0348001;0.0347799;0.000951437;0.0611686;0.0611686;1.23684;0.00181378;0.978493;0.98264;
110000;0.0106;0.485248;0.394182;1.13102e-05;0.0114574;0.0114574;0.0349387;0.0350691;0.000284804;0.061537;0.061537;0.886792;0.00181928;0.990671;0.980678;
110500;0.0094;0.486063;0.398195;3.86371e-05;0.0102251;0.0102251;0.0335597;0.0315025;0.00101246;0.0587859;0.0587859;0.93617;0.00161518;0.978463;0.98292;
111000;0.0102;0.486735;0.39894;7.79217e-05;0.0115659;0.0115659;0.0343831;0.0316772;0.00178091;0.060489;0.060489;0.921569;0.000808244;0.990174;0.979551;
111500;0.0096;0.48785;0.401692;6.98892e-05;0.0108694;0.0108694;0.0328861;0.0298609;0.00227126;0.0604332;0.0604332;0.875;0.00201939;0.924305;0.982317;
112000;0.0086;0.490065;0.399447;8.1264e-05;0.0113396;0.0113396;0.0333151;0.0313472;0.00236073;0.0612664;0.0612664;0.976744;0.00141214;0.944616;0.980803;
112500;0.0096;0.491003;0.400142;9.98325e-05;0.0102374;0.0102374;0.0329643;0.0299495;0.00278586;0.056668;0.056668;0.833333;0.00121163;0.9764;0.981237;
113000;0.009;0.491869;0.398821;2.74963e-05;0.0112752;0.0112752;0.0346537;0.0296718;0.000825868;0.0611907;0.0611907;1.04444;0.00221998;0.951424;0.981161;
113500;0.0078;0.490979;0.399617;2.34246e-05;0.0103336;0.0103336;0.0371206;0.0308466;0.000923513;0.057879;0.057879;1.02564;0.00141101;0.953499;0.981987;
114000;0.0102;0.492292;0.400786;2.82291e-05;0.010035;0.010035;0.03352;0.0309891;0.00111304;0.0574685;0.0574685;0.72549;0.00161649;0.948056;0.982744;
114500;0.0074;0.490599;0.400595;0.000174415;0.00986616;0.00986616;0.03198;0.0269938;0.00337677;0.0546491;0.0546491;0.864865;0.00141044;0.977789;0.980868;
115000;0.011;0.49191;0.400832;0.000128759;0.0110258;0.0110258;0.0323255;0.0256107;0.0020197;0.0599361;0.0599361;0.8;0.00222447;0.976104;0.981141;
115500;0.0104;0.493367;0.399315;6.50183e-05;0.0117536;0.0117536;0.0330715;0.0274606;0.00143474;0.062828;0.062828;0.826923;0.00282943;0.939054;0.98088;
116000;0.0084;0.494196;0.398272;9.54674e-05;0.00976361;0.00976361;0.0315638;0.027329;0.00256215;0.055378;0.055378;0.738095;0.00181525;0.899557;0.982429;
116500;0.009;0.497076;0.398855;3.81241e-05;0.0104559;0.0104559;0.0314144;0.0287526;0.00119608;0.0586794;0.0586794;0.977778;0.00141271;0.922229;0.982605;
117000;0.0114;0.495107;0.39836;2.29632e-05;0.0117766;0.0117766;0.0310043;0.0293259;0.00111206;0.0629589;0.0629589;0.77193;0.00283229;0.940853;0.981728;
117500;0.0096;0.49449;0.398518;0;0.0122482;0.0122482;0.0305955;0.0289978;0;0.0660231;0.0660231;1.1875;0.0026252;0.954036;0.982778;
118000;0.008;0.493444;0.399249;0.000105092;0.0109537;0.0109537;0.0302521;0.0327949;0.0018023;0.0602301;0.0602301;1.05;0.00282258;0.962587;0.981672;
118500;0.0112;0.492122;0.398257;2.66145e-05;0.0121518;0.0121518;0.0306059;0.0338533;0.000734451;0.0639523;0.0639523;0.910714;0.00202265;0.974239;0.980579;
119000;0.01;0.49078;0.398048;4.07297e-05;0.011878;0.011878;0.0319338;0.038297;0.000687087;0.0617345;0.0617345;0.88;0.0020202;0.965183;0.979401;
119500;0.0078;0.491061;0.397425;5.81741e-05;0.0111685;0.0111685;0.0325625;0.0400703;0.00183888;0.0611571;0.0611571;1.23077;0.00201572;0.967819;0.981909;
120000;0.0102;0.493365;0.400534;3.61797e-05;0.0100202;0.0100202;0.0329356;0.0374679;0.000968069;0.0576488;0.0576488;0.862745;0.00121237;0.945242;0.982771;
120500;0.0084;0.494469;0.399527;5.99072e-05;0.010145;0.010145;0.0336329;0.0384311;0.00115378;0.0582977;0.0582977;0.97619;0.00141186;0.932766;0.982826;
121000;0.0092;0.497074;0.39897;0.000137809;0.0103404;0.0103404;0.0318693;0.0369878;0.0024541;0.0569193;0.0569193;0.891304;0.001413;0.970327;0.980657;
121500;0.0096;0.496432;0.400272;5.28478e-05;0.0101885;0.0101885;0.0317208;0.0372181;0.00151044;0.0573578;0.0573578;0.8125;0.00201939;0.967388;0.98223;
122000;0.0096;0.497033;0.399457;6.20898e-05;0.0110411;0.0110411;0.0292938;0.0372916;0.00166178;0.0611369;0.0611369;0.833333;0.00363489;0.938733;0.982998;
122500;0.012;0.496802;0.401457;9.53588e-05;0.0112635;0.0112635;0.0277689;0.0398451;0.00228693;0.0605543;0.0605543;0.833333;0.001417;0.961027;0.981319;
123000;0.0084;0.497437;0.399748;8.40167e-05;0.00977339;0.00977339;0.0293647;0.0404271;0.00227745;0.0550216;0.0550216;0.904762;0.00121017;0.936059;0.981815;
123500;0.009;0.50016;0.399082;8.3365e-05;0.0106423;0.0106423;0.0315051;0.0381742;0.00185344;0.0599204;0.0599204;1.08889;0.0012109;0.966229;0.982944;
124000;0.0086;0.50179;0.398126;7.06634e-05;0.010322;0.010322;0.0312518;0.0394241;0.00154248;0.0595549;0.0595549;1.04651;0.00201735;0.960589;0.983413;
124500;0.008;0.501601;0.399225;6.63088e-05;0.0115336;0.0115336;0.0288459;0.0362211;0.00102287;0.0616329;0.0616329;1.325;0.00141129;0.952288;0.980786;
125000;0.0094;0.503178;0.39788;0.000103561;0.00884242;0.00884242;0.0310958;0.0366535;0.00182428;0.0517282;0.0517282;0.638298;0.00100949;0.93219;0.982286;
125500;0.0094;0.504257;0.401086;0.000140016;0.0109121;0.0109121;0.0302701;0.0383132;0.00212187;0.0582822;0.0582822;0.87234;0.00141328;0.944954;0.980902;
126000;0.0092;0.504079;0.402674;0.000147283;0.00932098;0.00932098;0.0297505;0.036254;0.00264503;0.0532441;0.0532441;0.586957;0.00262414;0.970844;0.981869;
126500;0.0096;0.505419;0.404223;0.000121446;0.00970112;0.00970112;0.0308324;0.03699;0.00239991;0.0553436;0.0553436;0.791667;0.00161551;0.947627;0.98277;
127000;0.0114;0.505995;0.406189;4.92454e-05;0.010329;0.010329;0.032615;0.0372874;0.00119124;0.0583427;0.0583427;0.719298;0.00202306;0.974581;0.982416;
127500;0.0102;0.505796;0.407013;2.55531e-05;0.0107184;0.0107184;0.0317107;0.0357223;0.00140808;0.0605154;0.0605154;0.901961;0.00202061;0.938919;0.983436;
128000;0.0098;0.507475;0.407062;0.000130174;0.0105193;0.0105193;0.0325999;0.0376824;0.0026648;0.0585699;0.0585699;0.77551;0.00242375;0.933209;0.983066;
128500;0.0126;0.50659;0.405025;1.68783e-05;0.00935574;0.00935574;0.0310371;0.0353228;0.000514294;0.0543767;0.0543767;0.492063;0.00243063;0.940278;0.983196;
129000;0.0078;0.508286;0.405557;6.51512e-05;0.0107319;0.0107319;0.0320092;0.035043;0.00189265;0.0588636;0.0588636;1.10256;0.00221729;0.950428;0.981607;
129500;0.0082;0.511687;0.404256;5.12931e-05;0.0111908;0.0111908;0.0343179;0.0338273;0.00141186;0.0609778;0.0609778;1.14634;0.0026215;0.920835;0.982804;
130000;0.0098;0.511256;0.407104;1.92529e-05;0.0111454;0.0111454;0.0335016;0.0354207;0.000776007;0.0624731;0.0624731;1;0.00343365;0.970734;0.983789;
130500;0.0104;0.511046;0.408643;5.85743e-05;0.00995436;0.00995436;0.0338614;0.0345808;0.0016071;0.0575886;0.0575886;0.788462;0.00242522;0.976831;0.98389;
131000;0.0076;0.510634;0.408533;6.48655e-05;0.0102858;0.0102858;0.0332155;0.0337329;0.00224937;0.0583517;0.0583517;1.13158;0.00261991;0.966962;0.983394;
131500;0.0078;0.511254;0.40822;2.40356e-05;0.0118381;0.0118381;0.0327466;0.0311207;0.00102538;0.0641399;0.0641399;1.30769;0.00201572;0.896811;0.982171;
132000;0.0106;0.513847;0.405296;2.53098e-05;0.0110999;0.0110999;0.0326396;0.0311858;0.000529719;0.0615506;0.0615506;1.0566;0.00121286;0.967204;0.983367;
132500;0.0092;0.512625;0.405628;3.9333e-05;0.0111733;0.0111733;0.032134;0.0320865;0.0015675;0.0613028;0.0613028;1.08696;0.00222043;0.935378;0.983266;
133000;0.0082;0.512564;0.405199;1.04267e-05;0.00975997;0.00975997;0.0327391;0.0320133;0.000520553;0.0563363;0.0563363;1.09756;0.000806614;0.987264;0.983254;
133500;0.011;0.512214;0.40298;9.73656e-05;0.0116343;0.0116343;0.0323008;0.0322878;0.00189878;0.0632058;0.0632058;0.872727;0.00404449;0.969383;0.982953;
134000;0.0092;0.512572;0.402122;8.03424e-05;0.01101;0.01101;0.0329635;0.032887;0.00147298;0.0595826;0.0595826;0.913043;0.00222043;0.966489;0.981248;
134500;0.0104;0.512881;0.403866;3.44151e-05;0.0106721;0.0106721;0.032383;0.033316;0.000645922;0.0594992;0.0594992;0.884615;0.00181892;0.957259;0.982263;
135000;0.008;0.514226;0.404366;0.000122899;0.0116728;0.0116728;0.0342308;0.0319606;0.00185159;0.0619027;0.0619027;1.25;0.00201613;0.980797;0.980762;
135500;0.009;0.514739;0.403412;0.000100067;0.0116472;0.0116472;0.0344289;0.031884;0.00171464;0.0640365;0.0640365;1.24444;0.00221998;0.966593;0.983043;
136000;0.008;0.518109;0.400915;4.82754e-05;0.0104506;0.0104506;0.0343051;0.0327422;0.0015709;0.0598774;0.0598774;1.25;0.0016129;0.930299;0.984091;
136500;0.0096;0.520376;0.401472;0.000167694;0.0110683;0.0110683;0.0351719;0.0317797;0.00277037;0.0600272;0.0600272;0.958333;0.00242326;0.951285;0.981695;
137000;0.0092;0.520751;0.402039;2.08424e-05;0.00938731;0.00938731;0.0349167;0.0344524;0.000843943;0.0529285;0.0529285;0.869565;0.00121114;0.968991;0.982416;
137500;0.01;0.523451;0.402814;6.6423e-05;0.00959996;0.00959996;0.0360411;0.0348152;0.00210544;0.0575583;0.0575583;0.84;0.00323232;0.963887;0.985696;
138000;0.0116;0.527206;0.404455;1.1016e-05;0.0106621;0.0106621;0.0374094;0.0367625;0.000481215;0.06028;0.06028;0.810345;0.00323756;0.972566;0.984156;
138500;0.008;0.527478;0.406342;6.46907e-05;0.0104753;0.0104753;0.0362523;0.0377399;0.00212092;0.0594765;0.0594765;1.175;0.00282258;0.945443;0.984389;
139000;0.0084;0.528718;0.40486;2.20394e-05;0.0088761;0.0088761;0.0362365;0.0384502;0.000893756;0.0549621;0.0549621;0.928571;0.00242033;0.956483;0.98647;
139500;0.011;0.530853;0.407623;0.000213644;0.00932956;0.00932956;0.0363568;0.0393514;0.00445785;0.0536809;0.0536809;0.709091;0.00182002;0.958417;0.98362;
140000;0.0078;0.531691;0.40818;3.8828e-05;0.00866594;0.00866594;0.0369656;0.0392387;0.00110232;0.0520798;0.0520798;0.974359;0.00141101;0.991964;0.98455;
140500;0.0124;0.53297;0.408838;4.51202e-05;0.00850721;0.00850721;0.0369514;0.0403453;0.000939165;0.0502641;0.0502641;0.532258;0.0018226;0.951728;0.984528;
141000;0.0072;0.534353;0.409438;8.7937e-05;0.00825793;0.00825793;0.0375106;0.039815;0.00204125;0.0490171;0.0490171;0.972222;0.00100725;0.950019;0.984257;
141500;0.011;0.534688;0.407725;9.91958e-05;0.0112088;0.0112088;0.036736;0.0425801;0.00225468;0.063302;0.063302;1.12727;0.00222447;0.954039;0.98551;
142000;0.0088;0.535357;0.409921;0.000329142;0.0114213;0.0114213;0.0366957;0.0394078;0.00503746;0.061692;0.061692;1.11364;0.00343019;0.940025;0.982474;
142500;0.0096;0.536564;0.407416;0.000133305;0.0103088;0.0103088;0.0361831;0.0398177;0.0019379;0.0564777;0.0564777;0.9375;0.00161551;0.943536;0.982396;
143000;0.0088;0.535954;0.409205;5.11266e-05;0.00799532;0.00799532;0.0353545;0.0410578;0.00107879;0.0503524;0.0503524;0.909091;0.000807103;0.992586;0.985698;
143500;0.0096;0.536138;0.409368;6.54168e-05;0.010409;0.010409;0.0357775;0.0413253;0.00155345;0.0580581;0.0580581;0.979167;0.0026252;0.943798;0.983838;
144000;0.0092;0.538441;0.412066;6.81319e-05;0.0103707;0.0103707;0.0376539;0.0399034;0.00153103;0.0596531;0.0596531;1.13043;0.00181671;0.919138;0.984734;
144500;0.0076;0.538418;0.413011;0.000179772;0.0096464;0.0096464;0.0373785;0.039264;0.00266444;0.0549047;0.0549047;1.15789;0.00161225;0.942747;0.983866;
145000;0.0096;0.539055;0.41167;8.17093e-05;0.00960195;0.00960195;0.0389365;0.0403451;0.00176611;0.0567155;0.0567155;0.895833;0.00222132;0.968934;0.984868;
145500;0.0092;0.54154;0.412597;2.79992e-05;0.0108685;0.0108685;0.0438294;0.0406872;0.00115914;0.0610231;0.0610231;1.1087;0.00222043;0.922961;0.984461;
146000;0.009;0.541873;0.411393;8.97963e-06;0.0101855;0.0101855;0.0410471;0.0430696;0.000634892;0.0588147;0.0588147;1.06667;0.0024218;0.967529;0.984735;
146500;0.0066;0.543219;0.40836;0.000113617;0.0101016;0.0101016;0.0442855;0.0453644;0.00246476;0.056925;0.056925;1.18182;0.00301993;0.933582;0.983587;
147000;0.0108;0.540471;0.407507;6.67189e-05;0.00902876;0.00902876;0.0438919;0.0452948;0.00136274;0.0533596;0.0533596;0.796296;0.0012131;0.965946;0.983954;
147500;0.0082;0.539722;0.408558;0.000129649;0.00962257;0.00962257;0.0444458;0.0501683;0.00215699;0.0568411;0.0568411;1.07317;0.0026215;0.955365;0.985103;
148000;0.0068;0.542817;0.406258;0.000283314;0.0108438;0.0108438;0.0501046;0.0550318;0.00425896;0.0589757;0.0589757;1.44118;0.00221506;0.970372;0.982792;
148500;0.0112;0.542634;0.407086;8.48772e-05;0.00882003;0.00882003;0.0507937;0.0538772;0.00240682;0.0530587;0.0530587;0.732143;0.00141586;0.972017;0.98488;
149000;0.0116;0.544856;0.409472;0.000103374;0.0102738;0.0102738;0.0497396;0.0546698;0.00237768;0.0569151;0.0569151;0.706897;0.00242817;0.979125;0.982731;
149500;0.0094;0.544302;0.407489;0.000128518;0.00973435;0.00973435;0.0472187;0.0527745;0.00279846;0.057592;0.057592;0.978723;0.00181708;0.972918;0.985179;
150000;0.0092;0.54388;0.412642;8.3774e-05;0.0102567;0.0102567;0.047411;0.0507537;0.00179898;0.0585175;0.0585175;1;0.00181671;0.997709;0.983367;
150500;0.0084;0.544751;0.411344;4.91845e-05;0.00926628;0.00926628;0.0480295;0.0492423;0.00150179;0.0551811;0.0551811;0.952381;0.00181525;0.932549;0.984889;
151000;0.0104;0.544177;0.410598;0.000159867;0.00907926;0.00907926;0.0506501;0.0435231;0.00298475;0.0540999;0.0540999;0.653846;0.00262732;0.930414;0.984798;
151500;0.0084;0.542128;0.412026;8.22231e-05;0.0103646;0.0103646;0.0488434;0.0455785;0.00208461;0.0587136;0.0587136;1.11905;0.00221864;0.968737;0.984105;
152000;0.0086;0.537435;0.41127;9.90985e-06;0.0101868;0.0101868;0.049653;0.0498452;0.000588984;0.0574498;0.0574498;0.906977;0.00221908;0.930405;0.98287;
152500;0.0108;0.541271;0.409391;4.76374e-05;0.0097915;0.0097915;0.0518636;0.0497104;0.00086997;0.0581034;0.0581034;0.851852;0.00222402;0.94406;0.985235;
153000;0.0088;0.543619;0.410177;1.9485e-05;0.0104094;0.0104094;0.0528658;0.0509004;0.00109469;0.0603186;0.0603186;1.22727;0.00121065;0.97902;0.985128;
153500;0.0098;0.54638;0.410577;5.1263e-05;0.00721254;0.00721254;0.0546048;0.0538932;0.00144365;0.0459386;0.0459386;0.44898;0.00141386;0.970408;0.984955;
154000;0.0084;0.551684;0.412332;0;0.00751172;0.00751172;0.0566198;0.056135;0;0.0489993;0.0489993;0.666667;0.00161355;0.970536;0.986231;
154500;0.0088;0.550799;0.410832;0.000114037;0.00863694;0.00863694;0.0567033;0.0527797;0.00181144;0.0522664;0.0522664;0.727273;0.00161421;0.960001;0.984477;
155000;0.0078;0.551939;0.41105;0.000112258;0.0104328;0.0104328;0.0558302;0.0536897;0.00172005;0.0597831;0.0597831;1.10256;0.00302358;0.925877;0.984294;
155500;0.0104;0.550938;0.407707;7.24241e-05;0.00923547;0.00923547;0.051998;0.0474421;0.00183885;0.0566391;0.0566391;0.788462;0.00202102;0.985574;0.985427;
156000;0.0088;0.548802;0.409106;3.51615e-05;0.0083098;0.0083098;0.0535085;0.042888;0.0013265;0.0522277;0.0522277;0.75;0.00221953;0.987188;0.985834;
156500;0.0096;0.547896;0.409476;6.11272e-05;0.00808615;0.00808615;0.0517423;0.0433794;0.00203785;0.049448;0.049448;0.604167;0.00121163;0.976546;0.984366;
157000;0.0098;0.548407;0.406485;3.04643e-05;0.00914113;0.00914113;0.050861;0.0431233;0.000829806;0.0557728;0.0557728;0.795918;0.00181781;0.952892;0.985604;
157500;0.0076;0.552734;0.407479;3.88995e-05;0.00860607;0.00860607;0.0520019;0.0432939;0.00145309;0.0531839;0.0531839;0.894737;0.00161225;0.977564;0.985027;
158000;0.0076;0.556669;0.407515;3.63707e-05;0.00965078;0.00965078;0.0536513;0.0430612;0.00229658;0.057563;0.057563;1.07895;0.00141072;0.951849;0.984709;
158500;0.0082;0.553583;0.411095;0.000151127;0.0110463;0.0110463;0.053767;0.0441412;0.00357198;0.0620966;0.0620966;1.2439;0.00161323;0.934042;0.983641;
159000;0.0098;0.553739;0.407543;8.48151e-05;0.00969675;0.00969675;0.054769;0.0456397;0.00219569;0.0573979;0.0573979;0.77551;0.00222177;0.958792;0.98413;
159500;0.0078;0.556967;0.408696;9.42513e-05;0.00864673;0.00864673;0.0568726;0.0446683;0.00255578;0.054037;0.054037;0.897436;0.00161258;0.961706;0.98603;
160000;0.0128;0.554897;0.406425;0.000104479;0.0114854;0.0114854;0.052389;0.0447213;0.00212498;0.0641219;0.0641219;0.828125;0.0030389;0.95875;0.984412;
160500;0.0098;0.556217;0.407272;9.61625e-05;0.00878497;0.00878497;0.0537789;0.0436758;0.00189119;0.0538547;0.0538547;0.714286;0.0010099;0.926556;0.984955;
161000;0.0102;0.556248;0.409227;0.000123947;0.0101858;0.0101858;0.0511029;0.0425448;0.00184606;0.058945;0.058945;0.843137;0.00181855;0.948914;0.98395;
161500;0.01;0.556102;0.4101;6.19036e-05;0.00856791;0.00856791;0.050395;0.0435315;0.0014411;0.0526689;0.0526689;0.64;0.0010101;0.948894;0.984144;
162000;0.0094;0.554224;0.407111;7.23096e-05;0.00973188;0.00973188;0.0509221;0.0441551;0.00146448;0.057132;0.057132;0.829787;0.00201898;0.992666;0.983673;
162500;0.0078;0.556432;0.405218;0.000101839;0.00944211;0.00944211;0.0515333;0.0470802;0.00208728;0.056335;0.056335;1;0.00161258;0.94916;0.98447;
163000;0.009;0.560912;0.405296;5.95986e-05;0.00817836;0.00817836;0.0507008;0.0478303;0.00183629;0.0532345;0.0532345;0.844444;0.00141271;0.955894;0.986934;
163500;0.008;0.559734;0.404909;8.66522e-05;0.0107921;0.0107921;0.0501706;0.0488076;0.00293852;0.0622071;0.0622071;1.4;0.00100806;0.958866;0.984794;
164000;0.01;0.561323;0.406137;5.88673e-05;0.00908662;0.00908662;0.0486185;0.0478801;0.00197593;0.0546745;0.0546745;0.8;0.00141414;0.978626;0.98491;
164500;0.0062;0.557961;0.406146;1.86067e-05;0.00728096;0.00728096;0.0478039;0.0455844;0.000761482;0.0498845;0.0498845;1.09677;0.00100624;0.987791;0.987398;
165000;0.0086;0.556504;0.405805;7.6385e-05;0.00957158;0.00957158;0.0476235;0.0445104;0.00233235;0.058897;0.058897;1.18605;0.00161388;0.9236;0.986994;
165500;0.0076;0.556255;0.410962;3.4509e-05;0.00871878;0.00871878;0.0460859;0.0463092;0.0016544;0.0542184;0.0542184;0.947368;0.00181378;0.984583;0.985688;
166000;0.01;0.555295;0.411281;0.000249692;0.0101391;0.0101391;0.0452059;0.045777;0.00459903;0.0579831;0.0579831;0.86;0.0010101;0.962567;0.983106;
166500;0.01;0.558716;0.412485;0.000137362;0.0103252;0.0103252;0.0480082;0.0427746;0.0025413;0.0601867;0.0601867;0.9;0.00242424;0.955694;0.984654;
167000;0.0088;0.557986;0.412663;8.28416e-05;0.0102102;0.0102102;0.0501331;0.0430666;0.00243644;0.0604631;0.0604631;1.06818;0.00181598;0.979635;0.985081;
167500;0.0102;0.559714;0.409103;9.80587e-05;0.0115579;0.0115579;0.0499446;0.0470235;0.00234085;0.0639819;0.0639819;0.882353;0.0036371;0.964939;0.983732;
168000;0.0084;0.561244;0.407502;5.42953e-05;0.0090031;0.0090031;0.0498645;0.0490384;0.00157615;0.0546988;0.0546988;0.952381;0.00141186;0.940865;0.984873;
168500;0.0108;0.563296;0.410489;0.000188979;0.0100162;0.0100162;0.0492157;0.0499472;0.00344022;0.0580882;0.0580882;0.796296;0.00181965;0.967161;0.984242;
169000;0.0104;0.567144;0.413191;8.687e-05;0.00987755;0.00987755;0.0472002;0.0488364;0.0024254;0.0596435;0.0596435;0.923077;0.00181892;0.973191;0.985981;
169500;0.01;0.568213;0.411636;6.94406e-05;0.00919349;0.00919349;0.0469071;0.0536641;0.00168241;0.055328;0.055328;0.76;0.00141414;0.948519;0.98498;
170000;0.0102;0.565468;0.412226;1.79752e-05;0.00917425;0.00917425;0.0474255;0.0516693;0.000651394;0.0570779;0.0570779;0.882353;0.00121237;0.983435;0.986122;
170500;0.0116;0.563916;0.410876;2.3912e-05;0.00944046;0.00944046;0.0499515;0.0487659;0.00120588;0.0571164;0.0571164;0.689655;0.00222582;0.942394;0.985963;
171000;0.0098;0.5641;0.409121;0.000199334;0.0108867;0.0108867;0.0511896;0.0474227;0.00348671;0.0609382;0.0609382;0.918367;0.00262573;0.956939;0.983265;
171500;0.0088;0.564672;0.410025;9.74304e-05;0.00931142;0.00931142;0.0513204;0.0475054;0.00276899;0.0573245;0.0573245;0.977273;0.00141243;0.977085;0.986034;
172000;0.0078;0.565443;0.404811;4.1148e-05;0.00995985;0.00995985;0.0507012;0.0477822;0.00134036;0.0601753;0.0601753;1.17949;0.00282201;0.967136;0.986358;
172500;0.0108;0.567865;0.405238;5.04627e-05;0.0101943;0.0101943;0.0505183;0.0478236;0.00129478;0.0573608;0.0573608;0.796296;0.0012131;0.944323;0.983249;
173000;0.0102;0.566276;0.406304;3.22204e-05;0.0106852;0.0106852;0.0528461;0.0442023;0.00105144;0.0638483;0.0638483;1.13725;0.00202061;0.999156;0.986664;
173500;0.0094;0.565301;0.40724;5.13058e-05;0.010119;0.010119;0.0520859;0.0439623;0.00129979;0.0596787;0.0596787;0.93617;0.00242277;0.965434;0.984912;
174000;0.0098;0.564783;0.409244;5.98773e-05;0.0103992;0.0103992;0.0530299;0.0446835;0.00169781;0.0600883;0.0600883;0.673469;0.00403959;0.932716;0.984437;
174500;0.0102;0.565335;0.410645;0.000116855;0.00995516;0.00995516;0.0529474;0.0448596;0.00188825;0.0601539;0.0601539;0.862745;0.00262679;0.936218;0.985874;
175000;0.0106;0.56543;0.408711;9.26043e-05;0.00992622;0.00992622;0.0520184;0.0453865;0.00213176;0.059326;0.059326;0.773585;0.00303214;0.965138;0.985655;
175500;0.0102;0.567511;0.408561;0.000185061;0.00908783;0.00908783;0.0520325;0.0434787;0.00339462;0.055267;0.055267;0.745098;0.00161649;0.93635;0.98572;
176000;0.0096;0.56546;0.407687;0.000136351;0.0100176;0.0100176;0.0486909;0.0469768;0.00240001;0.0582577;0.0582577;0.9375;0.00161551;0.960442;0.984274;
176500;0.0082;0.565429;0.406642;3.89045e-05;0.00925393;0.00925393;0.0504757;0.0463989;0.00112484;0.0566121;0.0566121;0.878049;0.00282315;0.951489;0.985624;
177000;0.0086;0.567976;0.404806;7.82616e-05;0.0100231;0.0100231;0.0525257;0.0451165;0.0020552;0.0596179;0.0596179;1.02326;0.00262255;0.966028;0.985467;
177500;0.009;0.566678;0.403198;5.67934e-05;0.00891743;0.00891743;0.0517928;0.040466;0.00156377;0.0555231;0.0555231;0.933333;0.00161453;0.971743;0.986021;
178000;0.01;0.566755;0.401722;8.13602e-05;0.0106481;0.0106481;0.0494636;0.0403511;0.00236511;0.0627067;0.0627067;1;0.00282828;0.977946;0.985633;
178500;0.0102;0.569841;0.401386;6.21502e-05;0.00863443;0.00863443;0.051792;0.0350595;0.00154841;0.0544637;0.0544637;0.705882;0.00202061;0.97937;0.986317;
179000;0.01;0.567726;0.399134;1.36499e-05;0.0102202;0.0102202;0.0529298;0.0373891;0.000682358;0.0590898;0.0590898;0.84;0.00262626;0.943888;0.984853;
179500;0.0098;0.568553;0.399237;9.25976e-05;0.010089;0.010089;0.0558578;0.0371682;0.00273015;0.0588113;0.0588113;1;0.0010099;0.973542;0.984603;
180000;0.0084;0.572323;0.399015;2.2728e-05;0.00948248;0.00948248;0.0566871;0.0374889;0.00118939;0.0588116;0.0588116;1.09524;0.00221864;0.935189;0.987264;
180500;0.009;0.575666;0.395535;0.000155705;0.00877666;0.00877666;0.0568144;0.0363919;0.00355497;0.0553463;0.0553463;0.777778;0.00221998;0.917352;0.986256;
181000;0.01;0.57705;0.39503;4.93895e-05;0.00982894;0.00982894;0.0572919;0.0384631;0.00117338;0.0594888;0.0594888;0.9;0.00161616;0.957145;0.985379;
181500;0.0116;0.579465;0.392973;0.000121099;0.00944499;0.00944499;0.0571381;0.0363379;0.00334601;0.057344;0.057344;0.62069;0.00283286;0.981736;0.985581;
182000;0.0098;0.583222;0.392687;0.000154388;0.0105895;0.0105895;0.0611764;0.0381909;0.00348371;0.0617791;0.0617791;1.16327;0.000807918;0.978034;0.985307;
182500;0.0096;0.585292;0.395577;0.000115188;0.00968621;0.00968621;0.0615906;0.0392083;0.0024951;0.0590842;0.0590842;0.979167;0.00201939;0.983957;0.98601;
183000;0.0094;0.589634;0.395419;0.000140936;0.00996887;0.00996887;0.0652915;0.0394431;0.0026778;0.0593615;0.0593615;0.893617;0.00282657;0.955493;0.985169;
183500;0.0092;0.588326;0.395797;0.000121619;0.00996837;0.00996837;0.0655376;0.0376918;0.00210465;0.0591838;0.0591838;0.956522;0.00242229;0.965701;0.985349;
184000;0.0094;0.588473;0.39632;0.000140394;0.00946996;0.00946996;0.0659736;0.0392864;0.00225581;0.0571781;0.0571781;0.87234;0.00201898;0.961765;0.985571;
184500;0.009;0.587682;0.395499;0.000100978;0.00890889;0.00890889;0.0671091;0.0393494;0.00286078;0.0539214;0.0539214;0.755556;0.00161453;0.985102;0.984456;
185000;0.01;0.58797;0.393986;6.42639e-05;0.0119587;0.0119587;0.0674113;0.037761;0.00123505;0.0668275;0.0668275;1.12;0.0030303;0.97718;0.98499;
185500;0.0098;0.587838;0.393835;6.5981e-05;0.00964044;0.00964044;0.0689462;0.0379574;0.00122708;0.05915;0.05915;0.897959;0.00242375;0.960161;0.986534;
186000;0.008;0.589188;0.392976;0.000101222;0.00952198;0.00952198;0.0689834;0.0398215;0.00202851;0.0573056;0.0573056;1.175;0.000806452;0.967316;0.984885;
186500;0.0094;0.587348;0.393427;3.83423e-05;0.0110378;0.0110378;0.0711253;0.0406298;0.00101351;0.0644786;0.0644786;1.17021;0.00282657;0.977354;0.986457;
187000;0.01;0.588056;0.393596;6.94379e-05;0.00794902;0.00794902;0.071135;0.0406842;0.00142575;0.0510902;0.0510902;0.64;0.00121212;0.960778;0.98609;
187500;0.0076;0.589362;0.393483;0.000105708;0.00964561;0.00964561;0.0703833;0.0428554;0.00212023;0.0589003;0.0589003;1.13158;0.00181378;0.927137;0.986073;
188000;0.007;0.59055;0.39164;7.92605e-05;0.00960809;0.00960809;0.068189;0.042662;0.00163421;0.0577983;0.0577983;1.05714;0.00281974;0.972725;0.985247;
188500;0.0082;0.591676;0.391352;4.23519e-05;0.00880833;0.00880833;0.071765;0.0409873;0.00160956;0.0553279;0.0553279;0.853659;0.00241984;0.97492;0.986144;
189000;0.0084;0.59285;0.393484;1.73429e-05;0.00975203;0.00975203;0.0728199;0.0414251;0.00103602;0.0595587;0.0595587;1.07143;0.00201694;0.961313;0.986383;
189500;0.0094;0.591073;0.393455;5.24673e-05;0.00931904;0.00931904;0.0707313;0.0416661;0.00206735;0.0569493;0.0569493;0.808511;0.00262467;0.979261;0.98555;
190000;0.0088;0.594973;0.391937;0.000108703;0.00877471;0.00877471;0.0703171;0.0430329;0.00284583;0.055518;0.055518;0.772727;0.00201776;0.974378;0.98632;
190500;0.0096;0.592341;0.388828;5.15461e-05;0.0101699;0.0101699;0.0705075;0.0414902;0.00165617;0.0608288;0.0608288;1.20833;0;0.974603;0.985841;
191000;0.0092;0.594904;0.389619;1.03214e-05;0.00872154;0.00872154;0.0730281;0.0436742;0.000572164;0.0565159;0.0565159;0.934783;0.00181671;0.9748;0.987727;
191500;0.009;0.59028;0.389408;4.22873e-05;0.00855426;0.00855426;0.0703821;0.0444923;0.00180028;0.0537612;0.0537612;0.822222;0.000807265;0.964546;0.986084;
192000;0.0138;0.593765;0.389215;9.16581e-05;0.00933595;0.00933595;0.0722177;0.0479962;0.00324205;0.0572956;0.0572956;0.652174;0.00141959;0.973858;0.985866;
192500;0.0092;0.595024;0.391109;0.000108371;0.009278;0.009278;0.0758762;0.0465512;0.00293508;0.0578578;0.0578578;0.891304;0.00262414;0.934931;0.986835;
193000;0.008;0.597586;0.389972;1.76247e-05;0.00893615;0.00893615;0.0768065;0.0467196;0.00124613;0.0572682;0.0572682;1.15;0.00141129;0.965395;0.987641;
193500;0.008;0.597427;0.391911;0.000134406;0.00809258;0.00809258;0.0766527;0.0465263;0.00316202;0.0536223;0.0536223;0.875;0.00141129;0.941518;0.98731;
194000;0.0084;0.601821;0.388508;2.16336e-05;0.0100582;0.0100582;0.0784561;0.0478939;0.0008737;0.0632945;0.0632945;1.16667;0.00282372;0.917905;0.988265;
194500;0.0094;0.600898;0.388018;6.22493e-05;0.00983352;0.00983352;0.0781899;0.0509863;0.00162312;0.0614363;0.0614363;1;0.00201898;0.947903;0.987289;
195000;0.009;0.599424;0.392901;2.64941e-05;0.00945496;0.00945496;0.0767636;0.0499765;0.0005549;0.0593499;0.0593499;0.844444;0.00322906;0.934886;0.986905;
195500;0.011;0.593934;0.39523;9.66029e-05;0.0111642;0.0111642;0.0758012;0.0531191;0.00232543;0.0652759;0.0652759;1.01818;0.00202224;0.957782;0.986066;
196000;0.0102;0.596264;0.393299;0.000168023;0.00986076;0.00986076;0.0764662;0.0521876;0.00327969;0.0604794;0.0604794;0.862745;0.00262679;0.970756;0.986519;
196500;0.0072;0.595761;0.396532;2.11515e-05;0.009612;0.009612;0.0754655;0.0522514;0.000632356;0.0597808;0.0597808;1.27778;0.0020145;0.956061;0.98682;
197000;0.0094;0.59366;0.39238;1.40469e-05;0.0103364;0.0103364;0.0733102;0.0505132;0.000600597;0.0633178;0.0633178;1.12766;0.00201898;0.947826;0.987298;
197500;0.0086;0.594918;0.390982;2.16298e-05;0.00967894;0.00967894;0.0725947;0.0490271;0.00152931;0.0595291;0.0595291;1;0.00242082;0.971507;0.986679;
198000;0.0106;0.590415;0.388764;0.000101343;0.0112588;0.0112588;0.0702982;0.0490302;0.00193163;0.065712;0.065712;1.0566;0.00262786;0.947176;0.986228;
198500;0.0078;0.591538;0.388014;0.000105867;0.00876249;0.00876249;0.0707546;0.0474742;0.0017566;0.0548083;0.0548083;0.794872;0.00262044;0.911926;0.98664;
199000;0.009;0.590971;0.391382;6.94817e-05;0.01113;0.01113;0.0725387;0.0453447;0.00147208;0.0637078;0.0637078;1.02222;0.00322906;0.997528;0.984464;
199500;0.0102;0.591628;0.390746;0.000104958;0.0109735;0.0109735;0.0743575;0.0449628;0.00244464;0.0638107;0.0638107;0.980392;0.00282885;0.968378;0.98564;
200000;0.009;0.599247;0.389706;0.000103635;0.00871202;0.00871202;0.0750422;0.0452901;0.00257757;0.0573023;0.0573023;0.977778;0.00100908;0.96801;0.987543;
