

seed;375588970;
Npop;5000;
mu_feedback;0.0005;
mu_stress_influx;0.0005;
mu_influx;0.0005;
mu_hstart;0.0005;
sP2NP_1;0.19;
sNP2P_1;0.01;
init_feedback;0.1;
init_stress_influx;0.4;
init_influx;0.05;
init_hstart;0.5;
cue_P;0;
cue_NP;0;
s0;0;
ad;1.5;
aP;1;
mort_background;0.002;
dmax;1;
zmax;1;
r;1;
u;1;
p_att;0.5;
NumGen;200000;
base_name;sim_stress_14_02_2020_232531_1;
generation;freq_P;mean_feedback;mean_stress_influx;mean_influx;mean_hormone;mean_damage;sd_feedback;sd_stress_influx;sd_influx;sd_hormone;sd_damage;prop_dead_P;prop_dead_NP;mean_fecundity_P;mean_fecundity_NP;
0;0.0382;0.1;0.4;0.05;0.50496;0.50496;-nan;-nan;-nan;0.0442651;0.0442651;0.350785;0.00291121;0.481467;0.646447;
500;0.0286;0.0999902;0.399989;0.0499796;0.522013;0.522013;0.00122292;0.00293028;0.000980338;0.0816676;0.0816676;0.153846;0.00267655;0.235237;0.630806;
1000;0.0258;0.100009;0.399871;0.0499517;0.519869;0.519869;0.00232163;0.00537156;0.00244648;0.0793466;0.0793466;0.217054;0.00123178;0.238156;0.632142;
1500;0.0262;0.0999929;0.399711;0.0500069;0.518839;0.518839;0.00193594;0.00567838;0.00202061;0.0754537;0.0754537;0.251908;0.00164305;0.297554;0.632062;
2000;0.0274;0.0999787;0.399473;0.0500462;0.521297;0.521297;0.00311936;0.00780987;0.00165614;0.0789491;0.0789491;0.182482;0.00185071;0.282863;0.629844;
2500;0.0284;0.100179;0.399308;0.0501257;0.520807;0.520807;0.00350459;0.0109114;0.0028658;0.0809193;0.0809193;0.176056;0.00144092;0.258155;0.631325;
3000;0.029;0.100157;0.399636;0.0500087;0.519582;0.519582;0.00328739;0.0069058;0.00212887;0.0795239;0.0795239;0.151724;0.00329557;0.26305;0.632852;
3500;0.0222;0.100244;0.399252;0.0500726;0.517883;0.517883;0.00376888;0.00837256;0.00264004;0.0759403;0.0759403;0.243243;0.00163633;0.29021;0.632076;
4000;0.0276;0.100142;0.399579;0.0499887;0.519241;0.519241;0.00369752;0.00712308;0.00256387;0.0790853;0.0790853;0.188406;0.00123406;0.291594;0.632076;
4500;0.0252;0.100315;0.399399;0.0499898;0.519499;0.519499;0.00493509;0.00930312;0.0016817;0.081266;0.081266;0.198413;0.00102585;0.228623;0.632344;
5000;0.0296;0.100801;0.398592;0.0500037;0.518567;0.518567;0.00645465;0.0131564;0.00138816;0.0829213;0.0829213;0.175676;0.0016488;0.261595;0.634067;
5500;0.024;0.101103;0.398121;0.0500321;0.515046;0.515046;0.0076284;0.0134579;0.00358225;0.0798501;0.0798501;0.175;0.0022541;0.290109;0.635374;
6000;0.03;0.101409;0.398261;0.0499709;0.515049;0.515049;0.00816965;0.0133322;0.002309;0.0847473;0.0847473;0.18;0.00206186;0.29238;0.637014;
6500;0.0264;0.100888;0.397867;0.0499826;0.517496;0.517496;0.00690983;0.0138017;0.00261666;0.0853676;0.0853676;0.159091;0.00287592;0.253904;0.634093;
7000;0.0284;0.101403;0.398126;0.0498161;0.512269;0.512269;0.00837975;0.0126344;0.003478;0.0839194;0.0839194;0.204225;0.00308769;0.291514;0.639519;
7500;0.0256;0.101635;0.398155;0.0498671;0.513395;0.513395;0.00880703;0.0122795;0.00393917;0.0888382;0.0888382;0.195312;0.00184729;0.259774;0.637413;
8000;0.0236;0.101997;0.398606;0.0495671;0.507526;0.507526;0.00986849;0.0102389;0.00410022;0.0860938;0.0860938;0.211864;0.00184351;0.283836;0.643117;
8500;0.028;0.101566;0.399372;0.0493956;0.510798;0.510798;0.00895367;0.00838208;0.00478064;0.0959352;0.0959352;0.135714;0.00308642;0.263097;0.640795;
9000;0.022;0.10209;0.40012;0.0493217;0.50723;0.50723;0.0103704;0.00766941;0.00504764;0.0950894;0.0950894;0.218182;0.00143149;0.310833;0.641291;
9500;0.0266;0.103454;0.400369;0.0489777;0.499995;0.499995;0.0133707;0.00896116;0.00568032;0.100215;0.100215;0.157895;0.00246558;0.283483;0.651047;
10000;0.0206;0.104225;0.399395;0.0490185;0.496627;0.496627;0.0147747;0.00959081;0.00539854;0.101104;0.101104;0.271845;0.00142945;0.227068;0.653539;
10500;0.02;0.105501;0.399743;0.0488841;0.489596;0.489596;0.0165145;0.00884495;0.00638923;0.104001;0.104001;0.25;0.00244898;0.368819;0.657469;
11000;0.0266;0.106575;0.400595;0.0484887;0.487145;0.487145;0.019176;0.0104646;0.0069178;0.116121;0.116121;0.240602;0.00164372;0.288066;0.662807;
11500;0.0264;0.108523;0.400357;0.0478478;0.475378;0.475378;0.0220611;0.010325;0.00835291;0.126022;0.126022;0.227273;0.00246508;0.275528;0.674251;
12000;0.0252;0.11018;0.40077;0.0473476;0.465335;0.465335;0.0230394;0.00997534;0.00897469;0.12924;0.12924;0.174603;0.00143619;0.289553;0.683455;
12500;0.022;0.111608;0.400582;0.0471331;0.460473;0.460473;0.0258659;0.010481;0.0090149;0.130626;0.130626;0.236364;0.00163599;0.359218;0.685376;
13000;0.0278;0.110972;0.400193;0.045897;0.450698;0.450698;0.0255401;0.0107827;0.0103652;0.139058;0.139058;0.266187;0.00246863;0.331597;0.697101;
13500;0.0236;0.112151;0.400929;0.0454432;0.444059;0.444059;0.0271096;0.0126524;0.0109151;0.14376;0.14376;0.305085;0.00184351;0.348541;0.700898;
14000;0.0244;0.113232;0.400426;0.0454549;0.442253;0.442253;0.0281643;0.0136556;0.0103362;0.142043;0.142043;0.295082;0.000615006;0.339419;0.703506;
14500;0.0228;0.115005;0.399651;0.0445515;0.430102;0.430102;0.0297795;0.0143352;0.0113435;0.149623;0.149623;0.245614;0.001842;0.302693;0.714154;
15000;0.0232;0.1158;0.40039;0.0440109;0.421628;0.421628;0.0304891;0.0132226;0.011865;0.147938;0.147938;0.275862;0.00225225;0.422941;0.720784;
15500;0.0244;0.117585;0.400087;0.0426962;0.406744;0.406744;0.0308848;0.0140624;0.0127938;0.155585;0.155585;0.286885;0.00328003;0.352617;0.735844;
16000;0.0196;0.120494;0.400056;0.0420318;0.393504;0.393504;0.0336823;0.0154351;0.013609;0.159647;0.159647;0.377551;0.00163199;0.421273;0.744505;
16500;0.0182;0.119346;0.400132;0.0403115;0.382206;0.382206;0.0324304;0.0158912;0.0141008;0.161608;0.161608;0.307692;0.00224078;0.385016;0.754731;
17000;0.0222;0.119007;0.399762;0.0399083;0.380457;0.380457;0.0324386;0.0175583;0.0145974;0.16666;0.16666;0.315315;0.00163633;0.398709;0.756333;
17500;0.0198;0.119904;0.399784;0.0382851;0.364105;0.364105;0.0333646;0.0172238;0.0153933;0.171628;0.171628;0.333333;0.00142828;0.357353;0.770212;
18000;0.0218;0.121391;0.401728;0.0367091;0.348097;0.348097;0.0349281;0.0154872;0.0160416;0.174276;0.174276;0.211009;0.00245349;0.419277;0.783081;
18500;0.0192;0.122141;0.402508;0.0343526;0.328854;0.328854;0.0350194;0.0158512;0.0166281;0.174905;0.174905;0.40625;0.00326264;0.492613;0.797993;
19000;0.0236;0.125639;0.402534;0.0326939;0.309962;0.309962;0.0385971;0.0149653;0.0173733;0.182579;0.182579;0.271186;0.00143384;0.434332;0.814139;
19500;0.019;0.124225;0.402439;0.0319002;0.301529;0.301529;0.0369665;0.0189051;0.0174724;0.180414;0.180414;0.368421;0.00183486;0.474788;0.819138;
20000;0.0162;0.12336;0.403438;0.0309276;0.29801;0.29801;0.03629;0.0208292;0.017509;0.181363;0.181363;0.54321;0.00325269;0.466109;0.821454;
20500;0.0168;0.124867;0.404858;0.0307848;0.291679;0.291679;0.0371056;0.0235531;0.0175783;0.178019;0.178019;0.369048;0.00203417;0.507626;0.826226;
21000;0.0162;0.123971;0.40584;0.0292032;0.281187;0.281187;0.0358841;0.0250817;0.0178884;0.182082;0.182082;0.444444;0.0030494;0.505304;0.833623;
21500;0.0168;0.122346;0.40653;0.0270346;0.267965;0.267965;0.0352171;0.0257054;0.0183546;0.187314;0.187314;0.559524;0.00162734;0.483784;0.842909;
22000;0.016;0.121824;0.406134;0.0259521;0.259369;0.259369;0.0331665;0.0251407;0.0185525;0.185305;0.185305;0.45;0.00325203;0.53638;0.848694;
22500;0.0174;0.120725;0.408879;0.025318;0.253373;0.253373;0.0317586;0.0291402;0.0182599;0.185535;0.185535;0.298851;0.0024425;0.484401;0.853855;
23000;0.0146;0.122259;0.408632;0.0254973;0.251466;0.251466;0.0332839;0.0277278;0.0182819;0.18271;0.18271;0.424658;0.00121778;0.540247;0.853961;
23500;0.0168;0.121833;0.40901;0.0241542;0.24453;0.24453;0.032866;0.0262024;0.0180781;0.187347;0.187347;0.428571;0.00244101;0.496214;0.859595;
24000;0.0174;0.125754;0.408625;0.0234419;0.232886;0.232886;0.0366702;0.0237732;0.0180496;0.184023;0.184023;0.528736;0.00183187;0.526165;0.868862;
24500;0.0144;0.126973;0.407675;0.0223538;0.220209;0.220209;0.0363337;0.0205512;0.0180653;0.179658;0.179658;0.416667;0.00304383;0.567415;0.876571;
25000;0.0152;0.125286;0.409056;0.0211229;0.213383;0.213383;0.0352094;0.0227748;0.0178823;0.178348;0.178348;0.421053;0.00243704;0.619549;0.880902;
25500;0.0164;0.126238;0.409746;0.0202036;0.205503;0.205503;0.0361529;0.0223532;0.0176852;0.178435;0.178435;0.573171;0.00203335;0.631003;0.886906;
26000;0.0182;0.125504;0.40973;0.0186433;0.192516;0.192516;0.0349899;0.0229001;0.017595;0.17885;0.17885;0.43956;0.00244449;0.655671;0.894762;
26500;0.0144;0.126276;0.409647;0.0189527;0.1934;0.1934;0.0353705;0.0239924;0.0177714;0.17541;0.17541;0.555556;0.00162338;0.651374;0.894029;
27000;0.0116;0.123417;0.412024;0.019088;0.196275;0.196275;0.034241;0.0284296;0.0175837;0.17373;0.17373;0.551724;0.00303521;0.616922;0.89218;
27500;0.0148;0.124941;0.412176;0.0189339;0.196299;0.196299;0.0352289;0.0299333;0.0177045;0.178254;0.178254;0.432432;0.00284206;0.606539;0.892182;
28000;0.0138;0.122291;0.412015;0.0181418;0.191926;0.191926;0.0323036;0.0272152;0.017668;0.177871;0.177871;0.521739;0.00283918;0.557101;0.895649;
28500;0.0132;0.122008;0.412807;0.0163239;0.177728;0.177728;0.0317556;0.0300451;0.0171127;0.174466;0.174466;0.621212;0.00222943;0.620637;0.904523;
29000;0.017;0.121335;0.413472;0.0154651;0.172036;0.172036;0.0317437;0.0305397;0.0167936;0.173913;0.173913;0.4;0.000813835;0.691101;0.907096;
29500;0.0138;0.122425;0.414385;0.0155785;0.172526;0.172526;0.0329358;0.0326399;0.0168559;0.17551;0.17551;0.57971;0.00162239;0.612052;0.907316;
30000;0.0134;0.124448;0.41536;0.0157136;0.172594;0.172594;0.0341331;0.032262;0.0167528;0.172835;0.172835;0.656716;0.00324346;0.655632;0.908061;
30500;0.0156;0.125107;0.415798;0.0158154;0.169239;0.169239;0.0352471;0.0332014;0.017469;0.175429;0.175429;0.461538;0.00121902;0.631371;0.909044;
31000;0.0134;0.124705;0.413968;0.0158747;0.172545;0.172545;0.035218;0.0318541;0.0172858;0.175298;0.175298;0.656716;0.00263531;0.676071;0.907031;
31500;0.0148;0.125706;0.415052;0.0152779;0.166894;0.166894;0.0358893;0.0327872;0.0170382;0.173812;0.173812;0.472973;0.00263906;0.650231;0.910867;
32000;0.0126;0.124494;0.414421;0.0148176;0.161173;0.161173;0.0362087;0.0326505;0.0168519;0.17067;0.17067;0.619048;0.00162042;0.705316;0.913873;
32500;0.0162;0.126683;0.41566;0.0139676;0.155711;0.155711;0.0375497;0.0351639;0.0164439;0.169162;0.169162;0.54321;0.00182964;0.755621;0.917473;
33000;0.0142;0.12358;0.418175;0.014805;0.164718;0.164718;0.0351349;0.0364908;0.0167697;0.173143;0.173143;0.647887;0.00121729;0.624501;0.912483;
33500;0.0162;0.120043;0.420343;0.0148032;0.170222;0.170222;0.0325435;0.038857;0.0171193;0.179512;0.179512;0.530864;0.00121976;0.614508;0.908166;
34000;0.0156;0.119627;0.419114;0.0140415;0.16339;0.16339;0.0313909;0.0377094;0.0165306;0.175197;0.175197;0.423077;0.00223486;0.64411;0.912701;
34500;0.0144;0.119369;0.418309;0.0127638;0.151864;0.151864;0.0313562;0.0328263;0.015844;0.169175;0.169175;0.416667;0.00223214;0.652948;0.920131;
35000;0.0152;0.121291;0.416568;0.0131705;0.153767;0.153767;0.0326026;0.0307866;0.0160285;0.171063;0.171063;0.473684;0.00243704;0.630695;0.919687;
35500;0.0142;0.118932;0.41807;0.0131384;0.155031;0.155031;0.0318795;0.0312887;0.0163815;0.173115;0.173115;0.535211;0.00263745;0.678349;0.917502;
36000;0.0112;0.119152;0.419009;0.0124929;0.147793;0.147793;0.0316267;0.0309428;0.0161353;0.171389;0.171389;0.553571;0.00182039;0.698425;0.920293;
36500;0.0144;0.118694;0.419451;0.0128577;0.154621;0.154621;0.0332979;0.0306889;0.0162938;0.176889;0.176889;0.513889;0.00101461;0.629273;0.917165;
37000;0.0124;0.120446;0.42001;0.0128426;0.152955;0.152955;0.0333543;0.030461;0.0160859;0.172582;0.172582;0.66129;0.00283516;0.651075;0.918777;
37500;0.012;0.119951;0.42086;0.0121306;0.14648;0.14648;0.0311519;0.0316381;0.0153197;0.166898;0.166898;0.733333;0.00121457;0.641276;0.923709;
38000;0.01;0.120198;0.419801;0.0121096;0.143975;0.143975;0.0316945;0.0316002;0.0151756;0.164007;0.164007;0.58;0.00282828;0.732461;0.923884;
38500;0.011;0.119844;0.421795;0.0108907;0.134739;0.134739;0.0314901;0.035198;0.0147973;0.160672;0.160672;0.890909;0.00303337;0.668526;0.931572;
39000;0.018;0.120035;0.421177;0.01038;0.134745;0.134745;0.0332574;0.0361607;0.0144789;0.165878;0.165878;0.433333;0.00305499;0.66236;0.931939;
39500;0.013;0.120431;0.422142;0.0105717;0.132369;0.132369;0.0328765;0.0369935;0.0146013;0.162732;0.162732;0.492308;0.00263425;0.607741;0.932977;
40000;0.0132;0.120234;0.424725;0.0109348;0.134939;0.134939;0.033155;0.0386374;0.0147158;0.161872;0.161872;0.515152;0.00101338;0.73538;0.929863;
40500;0.0122;0.11858;0.422705;0.0113114;0.140819;0.140819;0.0312588;0.0376692;0.0148842;0.164639;0.164639;0.672131;0.00222717;0.733752;0.926443;
41000;0.0096;0.118865;0.424671;0.0107854;0.136897;0.136897;0.0312077;0.0394997;0.0144988;0.16355;0.16355;1.04167;0.00222132;0.709524;0.929105;
41500;0.0128;0.118291;0.423643;0.0110025;0.136015;0.136015;0.0291267;0.0401014;0.0146796;0.161889;0.161889;0.53125;0.00141815;0.690443;0.929728;
42000;0.013;0.117969;0.422632;0.0109139;0.135613;0.135613;0.0284766;0.0419188;0.0147048;0.162388;0.162388;0.615385;0.00121581;0.773098;0.929167;
42500;0.0136;0.118401;0.419577;0.010818;0.136603;0.136603;0.0280823;0.0392405;0.0146626;0.163787;0.163787;0.617647;0.00223033;0.680689;0.930117;
43000;0.0118;0.117709;0.422191;0.0110329;0.137089;0.137089;0.0287146;0.0438531;0.0147954;0.16046;0.16046;0.559322;0.00242866;0.750618;0.92875;
43500;0.0148;0.117404;0.41834;0.0121055;0.149013;0.149013;0.028693;0.0417482;0.0154568;0.17271;0.17271;0.567568;0.00162404;0.573597;0.92279;
44000;0.0136;0.121166;0.419184;0.0121816;0.145461;0.145461;0.0328678;0.0420914;0.0153489;0.167099;0.167099;0.426471;0.00182482;0.681765;0.923715;
44500;0.0098;0.121139;0.420936;0.0110602;0.135524;0.135524;0.032497;0.0442166;0.0147382;0.161672;0.161672;0.857143;0.00161584;0.63718;0.93045;
45000;0.0146;0.1232;0.423132;0.0106363;0.132118;0.132118;0.0340862;0.050007;0.014989;0.165043;0.165043;0.547945;0.00243556;0.676661;0.932598;
45500;0.0172;0.125544;0.4226;0.0110661;0.128866;0.128866;0.0340605;0.0493782;0.0147209;0.1575;0.1575;0.360465;0.0018315;0.709956;0.935457;
46000;0.0162;0.124364;0.421126;0.0111486;0.132156;0.132156;0.0315934;0.0468593;0.014705;0.155282;0.155282;0.45679;0.00386257;0.780242;0.933678;
46500;0.0176;0.123936;0.421304;0.0115297;0.136532;0.136532;0.0336626;0.0450422;0.0153063;0.164457;0.164457;0.454545;0.00264658;0.707897;0.930291;
47000;0.0144;0.126611;0.420926;0.0128153;0.144701;0.144701;0.0364864;0.0426927;0.0160461;0.166567;0.166567;0.444444;0.00142045;0.681294;0.924354;
47500;0.014;0.127164;0.424568;0.0118853;0.140162;0.140162;0.0362893;0.04734;0.0154809;0.164839;0.164839;0.585714;0.00182556;0.710731;0.927552;
48000;0.0116;0.127691;0.421547;0.0109785;0.129339;0.129339;0.0357232;0.045052;0.0150532;0.157795;0.157795;0.844828;0.00283286;0.727462;0.935115;
48500;0.0118;0.124984;0.422383;0.00991539;0.125195;0.125195;0.0371373;0.0459915;0.0143863;0.160179;0.160179;0.644068;0.00222627;0.714047;0.935875;
49000;0.012;0.125622;0.423097;0.00944882;0.11922;0.11922;0.0371152;0.0460453;0.0140258;0.155652;0.155652;0.516667;0.00404858;0.744198;0.939908;
49500;0.0164;0.125501;0.423659;0.00912979;0.118666;0.118666;0.0387808;0.0443883;0.0140126;0.157887;0.157887;0.52439;0.000406669;0.748535;0.940282;
50000;0.0112;0.124418;0.423363;0.00844702;0.11218;0.11218;0.0406642;0.0440764;0.0136559;0.154986;0.154986;0.517857;0.00161812;0.790538;0.942314;
50500;0.0128;0.122637;0.41931;0.00950069;0.125028;0.125028;0.0416998;0.0396159;0.0143088;0.164074;0.164074;0.515625;0.00182334;0.755367;0.934715;
51000;0.0126;0.122665;0.422916;0.00882406;0.119662;0.119662;0.0423445;0.0443938;0.0139818;0.165897;0.165897;0.777778;0.00243063;0.739069;0.938293;
51500;0.0118;0.121937;0.423945;0.00876225;0.118902;0.118902;0.0421465;0.0454245;0.0134996;0.158361;0.158361;0.627119;0.00303582;0.741991;0.939733;
52000;0.0126;0.124671;0.423785;0.0086133;0.119304;0.119304;0.0455906;0.044516;0.0138339;0.167059;0.167059;0.761905;0.00141787;0.629944;0.939232;
52500;0.0132;0.120811;0.427184;0.00839964;0.119037;0.119037;0.0429031;0.0468251;0.0130421;0.160779;0.160779;0.712121;0.00101338;0.74124;0.939403;
53000;0.0122;0.121963;0.423779;0.00734803;0.108898;0.108898;0.0426358;0.0448561;0.012195;0.152796;0.152796;0.737705;0.00222717;0.718932;0.946748;
53500;0.0106;0.122909;0.423205;0.00796192;0.111196;0.111196;0.0436596;0.0449001;0.012469;0.148839;0.148839;0.981132;0.00181928;0.841439;0.945372;
54000;0.0104;0.122674;0.421056;0.00727062;0.107301;0.107301;0.0435795;0.0422654;0.0123124;0.15007;0.15007;0.711538;0.00181892;0.719894;0.947188;
54500;0.0132;0.121646;0.423721;0.00772281;0.108928;0.108928;0.040787;0.0471932;0.0118853;0.149681;0.149681;0.712121;0.00202675;0.731119;0.948004;
55000;0.014;0.123112;0.423458;0.00749858;0.109682;0.109682;0.0420309;0.0468624;0.0118675;0.152377;0.152377;0.585714;0.00162272;0.72241;0.946988;
55500;0.0124;0.122001;0.423723;0.00790896;0.114153;0.114153;0.0424545;0.0460614;0.0121135;0.152932;0.152932;0.66129;0.00141758;0.685284;0.944544;
56000;0.016;0.120274;0.426417;0.00763669;0.11114;0.11114;0.0408077;0.0482056;0.0118308;0.150549;0.150549;0.575;0.00182927;0.799226;0.946231;
56500;0.0144;0.118602;0.429044;0.00738733;0.112795;0.112795;0.0387018;0.0487477;0.011444;0.152943;0.152943;0.583333;0.00142045;0.694542;0.945741;
57000;0.0112;0.114896;0.430363;0.00837019;0.124082;0.124082;0.0370165;0.0486575;0.0123871;0.162217;0.162217;0.553571;0.00101133;0.686279;0.936319;
57500;0.0166;0.113444;0.432461;0.00732329;0.114743;0.114743;0.0359771;0.050247;0.011704;0.160684;0.160684;0.518072;0.00162701;0.757831;0.942737;
58000;0.012;0.114417;0.434167;0.00647062;0.108136;0.108136;0.03657;0.0536312;0.0108292;0.157518;0.157518;0.683333;0.001417;0.68237;0.946521;
58500;0.01;0.115026;0.434333;0.00578763;0.09896;0.09896;0.0370194;0.0557455;0.0101508;0.142284;0.142284;0.9;0.00161616;0.83137;0.95277;
59000;0.0118;0.115928;0.436798;0.00587625;0.0991478;0.0991478;0.0380971;0.0578458;0.0101604;0.142842;0.142842;0.813559;0.00121433;0.77423;0.953695;
59500;0.0136;0.113113;0.437408;0.00611176;0.102996;0.102996;0.0345927;0.0588152;0.0100384;0.144289;0.144289;0.720588;0.00162206;0.706646;0.953212;
60000;0.0108;0.112142;0.439113;0.00656335;0.105491;0.105491;0.0321652;0.0598212;0.0101497;0.14115;0.14115;0.851852;0.00161747;0.744747;0.95152;
60500;0.0126;0.113528;0.440379;0.00597077;0.102295;0.102295;0.0342774;0.062816;0.00921458;0.139819;0.139819;0.587302;0.00202552;0.708958;0.953653;
61000;0.0132;0.116912;0.439124;0.00602136;0.0981931;0.0981931;0.037431;0.0604419;0.00889729;0.130487;0.130487;0.606061;0.0016214;0.803791;0.956675;
61500;0.0114;0.117748;0.44177;0.00628264;0.0993657;0.0993657;0.0375217;0.0611724;0.00898227;0.131036;0.131036;0.526316;0.00242768;0.764971;0.956012;
62000;0.0112;0.120535;0.44099;0.00616379;0.0976655;0.0976655;0.0380643;0.0597262;0.00915174;0.129589;0.129589;0.982143;0.00141586;0.841751;0.957335;
62500;0.0122;0.122208;0.442339;0.00590938;0.0930399;0.0930399;0.0401337;0.0625965;0.00947695;0.134009;0.134009;0.639344;0.00182223;0.716101;0.958977;
63000;0.0096;0.119552;0.443436;0.00580398;0.0944167;0.0944167;0.0391059;0.0641212;0.00887196;0.129839;0.129839;0.9375;0.00201939;0.768981;0.958793;
63500;0.0092;0.11676;0.446652;0.00580599;0.094983;0.094983;0.0352204;0.0671212;0.00858624;0.127357;0.127357;0.76087;0.00262414;0.752183;0.958752;
64000;0.011;0.118068;0.446547;0.00645388;0.101711;0.101711;0.0339916;0.0667873;0.00933672;0.136453;0.136453;0.872727;0.00101112;0.697996;0.955188;
64500;0.0124;0.117908;0.447483;0.00726583;0.108424;0.108424;0.0331091;0.0682354;0.0103547;0.141128;0.141128;0.83871;0.00263264;0.747265;0.951506;
65000;0.0098;0.118361;0.447008;0.00704608;0.105283;0.105283;0.0333842;0.0700015;0.00969202;0.134771;0.134771;0.755102;0.00161584;0.783689;0.95238;
65500;0.0108;0.11855;0.439896;0.00757508;0.108106;0.108106;0.0356526;0.0672999;0.0101795;0.136439;0.136439;0.555556;0.0012131;0.743167;0.950766;
66000;0.0118;0.119671;0.440699;0.00734464;0.107423;0.107423;0.0375619;0.0682691;0.00999566;0.136822;0.136822;0.644068;0.00202388;0.775669;0.95133;
66500;0.0132;0.119842;0.440953;0.006645;0.104223;0.104223;0.0377232;0.0694058;0.00898757;0.133137;0.133137;0.681818;0.00121605;0.768457;0.954267;
67000;0.0118;0.120247;0.437863;0.00667497;0.103413;0.103413;0.036887;0.0676289;0.00876452;0.132104;0.132104;0.949153;0.00263105;0.727875;0.956112;
67500;0.011;0.120739;0.438188;0.00703928;0.103273;0.103273;0.0397841;0.0692505;0.00919228;0.132659;0.132659;0.6;0.00323559;0.743768;0.954923;
68000;0.0144;0.120451;0.438304;0.00710948;0.10807;0.10807;0.0391539;0.0698096;0.00986461;0.141269;0.141269;0.5;0.0018263;0.736882;0.950847;
68500;0.012;0.119785;0.441768;0.00779208;0.110475;0.110475;0.0382406;0.0708526;0.0106603;0.140077;0.140077;0.683333;0.00242915;0.795437;0.949559;
69000;0.012;0.115753;0.441693;0.00766203;0.113708;0.113708;0.0320457;0.0692691;0.0106883;0.14641;0.14641;0.716667;0.00222672;0.775137;0.94685;
69500;0.0122;0.115612;0.438527;0.00801677;0.116344;0.116344;0.032529;0.0692973;0.0104753;0.14574;0.14574;0.704918;0.00303705;0.730075;0.946549;
70000;0.0118;0.114285;0.440489;0.00874597;0.119576;0.119576;0.032159;0.0733696;0.0119635;0.147072;0.147072;0.389831;0.00161911;0.712169;0.942991;
70500;0.0128;0.11375;0.446803;0.00853187;0.12612;0.12612;0.0317966;0.0754301;0.0114197;0.155571;0.155571;0.75;0.00344408;0.664584;0.940551;
71000;0.0124;0.115376;0.442275;0.00782725;0.117212;0.117212;0.0344335;0.0731135;0.0101299;0.1467;0.1467;0.758065;0.00101256;0.736988;0.945309;
71500;0.0144;0.113945;0.44241;0.008166;0.123586;0.123586;0.0349923;0.0742304;0.0103866;0.15022;0.15022;0.625;0.00202922;0.635162;0.943403;
72000;0.0132;0.113337;0.445305;0.00799738;0.117738;0.117738;0.0332455;0.0777682;0.0101634;0.142205;0.142205;0.484848;0.00304013;0.799223;0.945334;
72500;0.0126;0.112486;0.448086;0.00818274;0.126462;0.126462;0.0308641;0.0787482;0.00966983;0.14701;0.14701;0.603175;0.000810209;0.682191;0.940949;
73000;0.0124;0.113524;0.455322;0.00935089;0.132765;0.132765;0.0312406;0.0821626;0.0109753;0.148646;0.148646;0.677419;0.00243013;0.716547;0.937866;
73500;0.011;0.111509;0.459693;0.00886155;0.128062;0.128062;0.0303224;0.0860784;0.0091722;0.136509;0.136509;0.745455;0.00222447;0.745573;0.942226;
74000;0.0122;0.113382;0.459982;0.00855468;0.124003;0.124003;0.0324539;0.0859781;0.00899079;0.138462;0.138462;0.639344;0.00060741;0.638369;0.944913;
74500;0.0134;0.112733;0.465362;0.00923256;0.132552;0.132552;0.0330332;0.0859766;0.00955267;0.144623;0.144623;0.522388;0.00141901;0.683056;0.93887;
75000;0.014;0.112149;0.470445;0.00862478;0.127364;0.127364;0.0325732;0.0882983;0.00895032;0.140942;0.140942;0.671429;0.00182556;0.695433;0.942593;
75500;0.0114;0.11147;0.473115;0.00886692;0.129986;0.129986;0.0353192;0.0894791;0.00935785;0.142875;0.142875;0.666667;0.00161845;0.640292;0.940658;
76000;0.0092;0.107029;0.476717;0.00912676;0.137517;0.137517;0.0330948;0.0890511;0.00961379;0.145229;0.145229;0.586957;0.00201857;0.690198;0.93451;
76500;0.0134;0.104103;0.475473;0.00866942;0.140352;0.140352;0.0301506;0.0898946;0.00915784;0.154852;0.154852;0.477612;0.0024326;0.702798;0.93251;
77000;0.0122;0.104111;0.476545;0.00868209;0.136247;0.136247;0.0287958;0.0885017;0.00866461;0.145339;0.145339;0.655738;0.0020247;0.753672;0.936249;
77500;0.0102;0.104921;0.4769;0.00859313;0.134766;0.134766;0.0316401;0.0900435;0.00789457;0.14278;0.14278;0.647059;0.00222267;0.688742;0.937699;
78000;0.0166;0.104382;0.480614;0.00875113;0.139386;0.139386;0.0283334;0.0900911;0.00817388;0.146938;0.146938;0.554217;0.00244051;0.65521;0.936704;
78500;0.0134;0.10554;0.48951;0.00906958;0.13793;0.13793;0.0291629;0.0931259;0.00815873;0.139703;0.139703;0.597015;0.00304075;0.680894;0.938326;
79000;0.0142;0.105023;0.493915;0.00886891;0.132401;0.132401;0.0285833;0.0946651;0.00794695;0.135022;0.135022;0.464789;0.00223169;0.737384;0.941086;
79500;0.0102;0.102367;0.493902;0.0086553;0.137713;0.137713;0.02605;0.0951778;0.00780397;0.137187;0.137187;0.72549;0.00121237;0.735053;0.936741;
80000;0.0142;0.101626;0.505271;0.00884963;0.139895;0.139895;0.0243607;0.0972224;0.00751579;0.139235;0.139235;0.577465;0.00182593;0.649686;0.937764;
80500;0.0156;0.101265;0.504274;0.00940617;0.147679;0.147679;0.024795;0.0963174;0.00762848;0.143397;0.143397;0.487179;0.00121902;0.631208;0.933106;
81000;0.0114;0.10103;0.499702;0.0094124;0.145364;0.145364;0.0236247;0.0968126;0.00745437;0.134186;0.134186;0.578947;0.00161845;0.722071;0.933817;
81500;0.0128;0.101408;0.504029;0.00950054;0.145507;0.145507;0.0238732;0.0970859;0.00691995;0.131724;0.131724;0.65625;0.00182334;0.690573;0.935369;
82000;0.0168;0.100318;0.51024;0.0100527;0.152927;0.152927;0.024759;0.0980418;0.0076056;0.140671;0.140671;0.5;0.00223759;0.597242;0.932247;
82500;0.0144;0.101036;0.515965;0.00988076;0.151834;0.151834;0.0256711;0.0985041;0.00812543;0.143442;0.143442;0.597222;0.00162338;0.686386;0.930243;
83000;0.0144;0.102202;0.527227;0.00996715;0.151684;0.151684;0.0263234;0.100042;0.00736394;0.139354;0.139354;0.541667;0.00121753;0.672045;0.930874;
83500;0.0136;0.101969;0.531387;0.0101067;0.152249;0.152249;0.0259057;0.0979193;0.00731726;0.139256;0.139256;0.661765;0.00202758;0.607363;0.932048;
84000;0.0138;0.102174;0.538307;0.0101528;0.152946;0.152946;0.0259688;0.100877;0.00715215;0.136541;0.136541;0.594203;0.00283918;0.693061;0.931438;
84500;0.0138;0.101938;0.533766;0.010281;0.156943;0.156943;0.0271424;0.101325;0.00669565;0.139921;0.139921;0.478261;0.00304198;0.586851;0.929247;
85000;0.0138;0.100294;0.540652;0.0106494;0.160576;0.160576;0.0257204;0.10053;0.00675206;0.13499;0.13499;0.608696;0.00101399;0.686278;0.926649;
85500;0.0112;0.100201;0.545651;0.0109693;0.162441;0.162441;0.0262412;0.101075;0.00639447;0.133857;0.133857;0.696429;0.000606796;0.653853;0.925435;
86000;0.0128;0.0998407;0.552608;0.0109174;0.167257;0.167257;0.0280701;0.101001;0.00630269;0.13897;0.13897;0.59375;0.000810373;0.631353;0.922313;
86500;0.0112;0.0989687;0.559348;0.0108822;0.164698;0.164698;0.026573;0.099827;0.0064496;0.13483;0.13483;0.732143;0.00182039;0.695369;0.92382;
87000;0.0122;0.0983958;0.558753;0.0109885;0.167976;0.167976;0.0252626;0.0993263;0.00604246;0.136773;0.136773;0.52459;0.00182223;0.616339;0.92238;
87500;0.0176;0.0978317;0.560189;0.0110762;0.169209;0.169209;0.0248713;0.0997861;0.00639185;0.134296;0.134296;0.465909;0.00142508;0.64578;0.923418;
88000;0.015;0.0973381;0.550154;0.0112663;0.170839;0.170839;0.0244843;0.100244;0.00641792;0.138421;0.138421;0.413333;0.00263959;0.595346;0.921594;
88500;0.0144;0.0960168;0.551859;0.0108557;0.172423;0.172423;0.0246998;0.0988599;0.00648353;0.145664;0.145664;0.486111;0.00304383;0.538713;0.920346;
89000;0.0136;0.095071;0.557722;0.0110215;0.171079;0.171079;0.0239002;0.100988;0.00683567;0.140178;0.140178;0.382353;0.00263585;0.658001;0.919248;
89500;0.0162;0.0934258;0.558348;0.0109921;0.179069;0.179069;0.0239818;0.100003;0.00675018;0.150892;0.150892;0.432099;0.00325269;0.529238;0.915729;
90000;0.014;0.092781;0.558004;0.0108162;0.17861;0.17861;0.0244808;0.0993494;0.00650532;0.148572;0.148572;0.6;0.00283976;0.663939;0.913917;
90500;0.0138;0.09133;0.565507;0.0108288;0.181904;0.181904;0.0249266;0.0985397;0.00671824;0.153699;0.153699;0.507246;0.00162239;0.633938;0.910289;
91000;0.0128;0.0909768;0.574845;0.0109924;0.184663;0.184663;0.0261212;0.0965559;0.00650994;0.152798;0.152798;0.65625;0.00384927;0.58755;0.910225;
91500;0.0128;0.0900139;0.576261;0.0112532;0.190273;0.190273;0.0258979;0.0954771;0.00635819;0.152764;0.152764;0.75;0.00162075;0.590335;0.906134;
92000;0.0148;0.090875;0.579186;0.011354;0.188367;0.188367;0.0265369;0.0954089;0.00567694;0.147752;0.147752;0.351351;0.00203004;0.636172;0.907554;
92500;0.0152;0.0890036;0.57581;0.0115585;0.195469;0.195469;0.0260765;0.0959783;0.00609696;0.153207;0.153207;0.486842;0.00243704;0.580317;0.903375;
93000;0.0122;0.0862715;0.580054;0.0116542;0.199779;0.199779;0.0263731;0.0964795;0.00726238;0.154446;0.154446;0.672131;0.0020247;0.64407;0.898237;
93500;0.0172;0.0863846;0.58308;0.0119193;0.205848;0.205848;0.0259046;0.0947702;0.00652738;0.158308;0.158308;0.430233;0.0026455;0.534118;0.8967;
94000;0.0202;0.085653;0.580755;0.0120481;0.208551;0.208551;0.0245916;0.095893;0.00678656;0.157541;0.157541;0.386139;0.00142886;0.494712;0.896928;
94500;0.0136;0.0849512;0.576988;0.0120324;0.20793;0.20793;0.0249962;0.0955195;0.00672187;0.150295;0.150295;0.661765;0.00223033;0.576565;0.895438;
95000;0.0144;0.0849097;0.574237;0.0123469;0.209878;0.209878;0.0252409;0.0954456;0.00632341;0.151183;0.151183;0.527778;0.00284091;0.542364;0.894675;
95500;0.018;0.0829717;0.570532;0.0124848;0.219333;0.219333;0.0259176;0.0971002;0.00601432;0.155012;0.155012;0.5;0.00183299;0.602915;0.887653;
96000;0.0174;0.0828396;0.57186;0.0126953;0.224038;0.224038;0.026074;0.0960741;0.00568019;0.157212;0.157212;0.528736;0.0024425;0.527987;0.885349;
96500;0.0174;0.0838594;0.579299;0.0131734;0.228113;0.228113;0.0270611;0.0964819;0.0056697;0.153877;0.153877;0.333333;0.00203542;0.631679;0.880103;
97000;0.0174;0.0834244;0.579202;0.0131543;0.230391;0.230391;0.0262677;0.0965063;0.00547041;0.158977;0.158977;0.402299;0.00305312;0.570525;0.879442;
97500;0.016;0.0823172;0.580546;0.0132158;0.235433;0.235433;0.0257102;0.0959673;0.00518218;0.162653;0.162653;0.3875;0.00101626;0.481887;0.875322;
98000;0.015;0.0806317;0.584194;0.0130908;0.234579;0.234579;0.0253871;0.0974692;0.00512552;0.156183;0.156183;0.506667;0.00203046;0.452848;0.877503;
98500;0.0176;0.0805359;0.589943;0.0132736;0.237048;0.237048;0.0245762;0.0943973;0.00535859;0.156248;0.156248;0.397727;0.00223941;0.500021;0.876287;
99000;0.018;0.0805988;0.590292;0.0134347;0.238268;0.238268;0.0235409;0.0943962;0.00564521;0.157961;0.157961;0.211111;0.00366599;0.532296;0.874254;
99500;0.013;0.0810808;0.593549;0.0133791;0.233864;0.233864;0.0238312;0.094356;0.0054396;0.149219;0.149219;0.584615;0.00141844;0.612528;0.876867;
100000;0.0174;0.0802593;0.593049;0.0131979;0.237968;0.237968;0.023761;0.0935868;0.00491306;0.15421;0.15421;0.471264;0.00223896;0.508678;0.876329;
100500;0.0192;0.0799062;0.593135;0.0137186;0.245349;0.245349;0.0235249;0.0935854;0.00481369;0.157304;0.157304;0.333333;0.00122349;0.471157;0.871179;
101000;0.0164;0.0797693;0.595249;0.0138947;0.245995;0.245995;0.0231993;0.0936537;0.00522371;0.153901;0.153901;0.390244;0.00142334;0.443037;0.870847;
101500;0.017;0.0799504;0.600685;0.0139525;0.244029;0.244029;0.0230909;0.0918034;0.00538999;0.152089;0.152089;0.423529;0.00162767;0.456012;0.872932;
102000;0.0162;0.0802812;0.603919;0.0139386;0.239908;0.239908;0.0227771;0.090657;0.00475061;0.147084;0.147084;0.333333;0.00101647;0.543187;0.874597;
102500;0.0138;0.0821919;0.600964;0.0139212;0.236404;0.236404;0.0220268;0.0935242;0.00500955;0.147624;0.147624;0.42029;0.00182519;0.494173;0.877186;
103000;0.0164;0.0819753;0.605697;0.0138325;0.236279;0.236279;0.0232721;0.0919091;0.00477461;0.145196;0.145196;0.390244;0.00183001;0.540944;0.87842;
103500;0.0198;0.08054;0.614109;0.0137603;0.242308;0.242308;0.0238281;0.0863129;0.00493964;0.152822;0.152822;0.323232;0.00265252;0.474326;0.874427;
104000;0.0188;0.0806128;0.61757;0.0137513;0.242081;0.242081;0.0234588;0.0863415;0.00465717;0.154431;0.154431;0.382979;0.00183449;0.495911;0.87346;
104500;0.017;0.0804834;0.617725;0.013887;0.244485;0.244485;0.0244;0.0845803;0.0046769;0.151705;0.151705;0.435294;0.00203459;0.544245;0.871081;
105000;0.0168;0.0797323;0.62003;0.0139003;0.246941;0.246941;0.0235741;0.0836034;0.00521064;0.155235;0.155235;0.464286;0.00101709;0.457388;0.869944;
105500;0.0174;0.0791361;0.621056;0.0139318;0.252685;0.252685;0.0236929;0.0836464;0.00516435;0.158637;0.158637;0.413793;0.00142479;0.495786;0.864349;
106000;0.0176;0.0778475;0.623672;0.0139919;0.252339;0.252339;0.0230683;0.084011;0.00598851;0.15719;0.15719;0.306818;0.0012215;0.512028;0.864273;
106500;0.0184;0.0761717;0.625768;0.0139583;0.257614;0.257614;0.0226378;0.083673;0.00537232;0.158034;0.158034;0.326087;0.00346373;0.452216;0.862127;
107000;0.0192;0.0757155;0.626659;0.0141757;0.266238;0.266238;0.023273;0.0846702;0.00520819;0.161511;0.161511;0.354167;0.00163132;0.478952;0.854243;
107500;0.0196;0.0746867;0.627786;0.0143588;0.269251;0.269251;0.0238542;0.0830203;0.00434753;0.159044;0.159044;0.27551;0.00183599;0.464234;0.852957;
108000;0.0174;0.0758564;0.634224;0.0147521;0.273492;0.273492;0.0235439;0.0813051;0.00426754;0.160965;0.160965;0.436782;0.00101771;0.437257;0.849238;
108500;0.0222;0.0760798;0.632103;0.0149481;0.277391;0.277391;0.0243962;0.0820302;0.00410541;0.161181;0.161181;0.351351;0.00163633;0.47283;0.847677;
109000;0.0166;0.0754571;0.638309;0.0148361;0.278795;0.278795;0.0252259;0.0792559;0.00531481;0.165787;0.165787;0.409639;0.00223714;0.422282;0.84405;
109500;0.0194;0.0733205;0.640276;0.0147711;0.283087;0.283087;0.0248187;0.0790963;0.00444128;0.166667;0.166667;0.309278;0.00122374;0.433052;0.841363;
110000;0.0188;0.0739619;0.643794;0.0145976;0.28208;0.28208;0.025357;0.076521;0.00468878;0.167265;0.167265;0.404255;0.00285365;0.384334;0.843282;
110500;0.0176;0.0725282;0.645217;0.0144717;0.28182;0.28182;0.0251746;0.0770037;0.00426061;0.162612;0.162612;0.25;0.002443;0.466465;0.841509;
111000;0.0162;0.0728257;0.646374;0.0143145;0.283919;0.283919;0.0247758;0.0776009;0.0042418;0.163978;0.163978;0.444444;0.00284611;0.562711;0.837865;
111500;0.0192;0.0722227;0.65121;0.0140912;0.281935;0.281935;0.0256108;0.0746052;0.004082;0.164971;0.164971;0.427083;0.00224307;0.501233;0.841907;
112000;0.021;0.0728908;0.655698;0.0139719;0.280469;0.280469;0.0256481;0.072058;0.00449732;0.166145;0.166145;0.333333;0.00367722;0.42844;0.844661;
112500;0.0158;0.0716473;0.658685;0.0139435;0.280694;0.280694;0.026131;0.071366;0.00431955;0.164131;0.164131;0.443038;0.00243853;0.355355;0.843479;
113000;0.0202;0.0705854;0.659227;0.0138676;0.280052;0.280052;0.0246306;0.0687208;0.00369848;0.16384;0.16384;0.178218;0.00183711;0.428997;0.843907;
113500;0.021;0.0710313;0.665044;0.0137813;0.281676;0.281676;0.0247146;0.0648749;0.0040065;0.167783;0.167783;0.295238;0.00102145;0.378586;0.843925;
114000;0.0166;0.0703561;0.664717;0.0140106;0.287039;0.287039;0.0244649;0.064515;0.00490208;0.16978;0.16978;0.409639;0.00183038;0.460341;0.835561;
114500;0.0168;0.0716086;0.664483;0.0138879;0.278161;0.278161;0.0244966;0.0648291;0.00453179;0.165232;0.165232;0.380952;0.00162734;0.436706;0.844156;
115000;0.0218;0.0694687;0.667533;0.013787;0.284862;0.284862;0.0242438;0.062645;0.0042912;0.165525;0.165525;0.211009;0.00163566;0.392403;0.841426;
115500;0.0222;0.0697128;0.668155;0.0138256;0.288891;0.288891;0.0243995;0.0609225;0.0041814;0.170762;0.170762;0.342342;0.00204541;0.389294;0.837911;
116000;0.0216;0.070371;0.666869;0.0137582;0.281393;0.281393;0.0241207;0.0626664;0.00398462;0.165377;0.165377;0.287037;0.00204415;0.484507;0.842315;
116500;0.0216;0.0688383;0.664602;0.0137522;0.289974;0.289974;0.0243928;0.0664981;0.00430429;0.170145;0.170145;0.231481;0.00224857;0.42208;0.83561;
117000;0.0198;0.0678069;0.662282;0.0140171;0.295323;0.295323;0.0241529;0.0673317;0.00525861;0.172597;0.172597;0.393939;0.00163232;0.44667;0.830001;
117500;0.0228;0.0667269;0.664863;0.013801;0.297866;0.297866;0.0232741;0.0638895;0.0040108;0.174207;0.174207;0.394737;0.00204666;0.350981;0.83144;
118000;0.0194;0.0682012;0.666722;0.0136706;0.287995;0.287995;0.0236635;0.0614319;0.00413797;0.167432;0.167432;0.360825;0.00244748;0.431172;0.837217;
118500;0.0204;0.0674624;0.667725;0.0136333;0.289201;0.289201;0.0242189;0.0610218;0.0040412;0.168681;0.168681;0.323529;0.00183748;0.394716;0.836989;
119000;0.0214;0.0651154;0.672084;0.0138362;0.306287;0.306287;0.0229472;0.0550066;0.00436597;0.176624;0.176624;0.28972;0.00245248;0.294577;0.824027;
119500;0.0186;0.0644972;0.668221;0.013871;0.304244;0.304244;0.0223602;0.0597196;0.00430474;0.169165;0.169165;0.397849;0.00285307;0.365483;0.824835;
120000;0.0156;0.0645776;0.670061;0.0137198;0.29929;0.29929;0.0223397;0.0596611;0.0038967;0.162041;0.162041;0.282051;0.00162536;0.359571;0.827937;
120500;0.0216;0.0646487;0.669272;0.0135049;0.298018;0.298018;0.0220622;0.0599496;0.00442353;0.170427;0.170427;0.259259;0.00204415;0.335805;0.831181;
121000;0.0176;0.064521;0.67068;0.0134515;0.292128;0.292128;0.0219178;0.0589602;0.00424309;0.162853;0.162853;0.306818;0.00162866;0.392296;0.834331;
121500;0.0206;0.062652;0.673427;0.0136844;0.304883;0.304883;0.021218;0.0567016;0.00407311;0.161832;0.161832;0.300971;0.00163365;0.436268;0.824508;
122000;0.0214;0.0620243;0.674137;0.0137805;0.312591;0.312591;0.0208391;0.0565455;0.00399981;0.167302;0.167302;0.317757;0.00265686;0.327147;0.819978;
122500;0.02;0.0617361;0.676732;0.0139659;0.312084;0.312084;0.0206637;0.0522552;0.00433946;0.160758;0.160758;0.23;0.00244898;0.446215;0.818237;
123000;0.021;0.0625791;0.67817;0.0138609;0.311041;0.311041;0.0212468;0.0517026;0.00396998;0.16535;0.16535;0.32381;0.0020429;0.322915;0.821577;
123500;0.02;0.0615465;0.680249;0.0137519;0.310136;0.310136;0.0204767;0.0469616;0.00390458;0.160449;0.160449;0.25;0.00265306;0.385125;0.821412;
124000;0.02;0.0612941;0.682922;0.0139151;0.309442;0.309442;0.0201669;0.0434241;0.0044145;0.1543;0.1543;0.28;0.00244898;0.403041;0.823045;
124500;0.0222;0.0609926;0.682149;0.0138444;0.310491;0.310491;0.0196567;0.0430516;0.00348521;0.159212;0.159212;0.288288;0.00224995;0.356222;0.823344;
125000;0.0232;0.059337;0.686585;0.0140791;0.323955;0.323955;0.0194867;0.0366044;0.00321617;0.15882;0.15882;0.232759;0.00184275;0.385472;0.811429;
125500;0.0208;0.0589063;0.68966;0.0140137;0.323667;0.323667;0.0190228;0.0304149;0.00349521;0.156217;0.156217;0.269231;0.00265523;0.335396;0.812059;
126000;0.0208;0.0590897;0.690741;0.0143068;0.327448;0.327448;0.0194397;0.0301397;0.00319662;0.158701;0.158701;0.298077;0.00224673;0.252674;0.810326;
126500;0.0228;0.0582003;0.690377;0.014255;0.328063;0.328063;0.0193962;0.0315897;0.00330726;0.15487;0.15487;0.245614;0.00102333;0.356704;0.809111;
127000;0.021;0.0578627;0.690337;0.0144241;0.335992;0.335992;0.0198281;0.0329092;0.00345435;0.157051;0.157051;0.314286;0.00265577;0.283477;0.802784;
127500;0.0224;0.0573307;0.691561;0.014363;0.33585;0.33585;0.0190259;0.0264333;0.00324717;0.15706;0.15706;0.294643;0.00204583;0.314422;0.803068;
128000;0.022;0.0582462;0.691948;0.0144218;0.331554;0.331554;0.0193721;0.0247802;0.00301475;0.152568;0.152568;0.363636;0.00184049;0.379289;0.80612;
128500;0.0228;0.0571865;0.692432;0.0144437;0.336959;0.336959;0.0184884;0.0247265;0.00349722;0.153431;0.153431;0.280702;0.00307;0.407714;0.800831;
129000;0.0224;0.0564391;0.691338;0.0144183;0.342371;0.342371;0.0177254;0.0286875;0.00265492;0.156534;0.156534;0.330357;0.00204583;0.349461;0.796949;
129500;0.0242;0.0556293;0.691231;0.0143116;0.344374;0.344374;0.0168278;0.0287631;0.00286081;0.15582;0.15582;0.31405;0.00163968;0.3747;0.795358;
130000;0.0248;0.0543779;0.690644;0.0144602;0.350445;0.350445;0.0154375;0.0282772;0.00279569;0.154257;0.154257;0.185484;0.00164069;0.362482;0.789957;
130500;0.0234;0.0548702;0.689973;0.0146402;0.351588;0.351588;0.0158191;0.0305628;0.00299398;0.15684;0.15684;0.179487;0.00163834;0.350387;0.788192;
131000;0.0232;0.0542607;0.688472;0.0147391;0.354106;0.354106;0.0149227;0.0316332;0.00303957;0.153468;0.153468;0.206897;0.001638;0.367543;0.786101;
131500;0.0202;0.0531419;0.687983;0.0147981;0.35889;0.35889;0.0141968;0.0323744;0.0031019;0.151595;0.151595;0.267327;0.00224536;0.305969;0.782335;
132000;0.0264;0.0522869;0.687826;0.0147541;0.364928;0.364928;0.0133146;0.0308599;0.00318966;0.157069;0.157069;0.242424;0.00184881;0.308645;0.779095;
132500;0.0228;0.0516258;0.687646;0.0147314;0.36844;0.36844;0.0128226;0.0321299;0.00333061;0.155197;0.155197;0.377193;0.00163733;0.330773;0.774714;
133000;0.023;0.0514824;0.687397;0.014728;0.365329;0.365329;0.0124316;0.0325463;0.00426057;0.152843;0.152843;0.304348;0.00143296;0.335556;0.777273;
133500;0.018;0.0516035;0.687739;0.0147828;0.366258;0.366258;0.0129967;0.0315082;0.00311519;0.148676;0.148676;0.322222;0.00183299;0.271351;0.775928;
134000;0.0248;0.0507792;0.688751;0.0147068;0.37205;0.37205;0.0122611;0.0294096;0.00296486;0.154068;0.154068;0.241935;0.00184578;0.261125;0.773435;
134500;0.0222;0.0513563;0.688132;0.014611;0.367358;0.367358;0.0132905;0.0297451;0.00302751;0.15022;0.15022;0.243243;0.00163633;0.342887;0.774854;
135000;0.0188;0.0519457;0.689656;0.014719;0.364863;0.364863;0.0132642;0.0285733;0.00252547;0.148832;0.148832;0.319149;0.00203832;0.317662;0.776677;
135500;0.0252;0.0516946;0.691964;0.0146961;0.366448;0.366448;0.0131643;0.0245296;0.00268762;0.148645;0.148645;0.222222;0.00266721;0.320025;0.778263;
136000;0.0256;0.0508468;0.692488;0.0148192;0.372361;0.372361;0.0128097;0.0232309;0.00344422;0.152321;0.152321;0.25;0.00102627;0.286079;0.773406;
136500;0.0242;0.0506924;0.68991;0.0148144;0.375025;0.375025;0.0121532;0.0276271;0.00331329;0.151438;0.151438;0.22314;0.00143472;0.277266;0.769964;
137000;0.0258;0.051199;0.689406;0.014739;0.372111;0.372111;0.0127052;0.0285566;0.00267126;0.150797;0.150797;0.232558;0.00287415;0.339393;0.772609;
137500;0.0264;0.0512408;0.690449;0.0146943;0.368303;0.368303;0.0126433;0.0266624;0.00296099;0.150549;0.150549;0.227273;0.00184881;0.330866;0.776639;
138000;0.0216;0.0517003;0.689019;0.0147067;0.365874;0.365874;0.0133041;0.0301381;0.00280546;0.147588;0.147588;0.175926;0.00102208;0.343093;0.776237;
138500;0.02;0.0507451;0.687211;0.0146792;0.368064;0.368064;0.0125042;0.0316164;0.00287051;0.143816;0.143816;0.24;0.00265306;0.276358;0.776035;
139000;0.0246;0.0506467;0.68605;0.0145733;0.369194;0.369194;0.0123532;0.0328283;0.00286452;0.1475;0.1475;0.243902;0.0018454;0.34634;0.775027;
139500;0.0204;0.0504689;0.684745;0.0146249;0.37035;0.37035;0.0124515;0.0346392;0.00364749;0.148835;0.148835;0.264706;0.00142915;0.300629;0.772621;
140000;0.0226;0.0499813;0.685684;0.0145098;0.373489;0.373489;0.0124834;0.0348332;0.00307364;0.147875;0.147875;0.309735;0.00204625;0.294229;0.771431;
140500;0.0218;0.0497129;0.685651;0.0146706;0.378364;0.378364;0.0118833;0.0370411;0.00372194;0.15189;0.15189;0.266055;0.00204457;0.277519;0.766406;
141000;0.0234;0.0495533;0.686861;0.0146922;0.378084;0.378084;0.0110081;0.0360408;0.00281955;0.147806;0.147806;0.239316;0.0026623;0.293408;0.767548;
141500;0.024;0.0494325;0.689904;0.0147327;0.381215;0.381215;0.0113017;0.0347793;0.00293296;0.151747;0.151747;0.341667;0.000614754;0.275254;0.764643;
142000;0.022;0.0498254;0.689429;0.0147429;0.376392;0.376392;0.0118952;0.0365705;0.00354583;0.148614;0.148614;0.254545;0.00245399;0.29702;0.768055;
142500;0.0232;0.0500395;0.691082;0.0147776;0.378785;0.378785;0.0124787;0.0340934;0.00350099;0.151529;0.151529;0.206897;0.00225225;0.31337;0.765506;
143000;0.0224;0.0514893;0.692486;0.0147533;0.372082;0.372082;0.0156567;0.0377385;0.00340029;0.151265;0.151265;0.276786;0.00225041;0.314657;0.771604;
143500;0.0224;0.0510584;0.691852;0.0147471;0.374405;0.374405;0.0140656;0.0393494;0.00240688;0.150735;0.150735;0.276786;0.00245499;0.25435;0.771046;
144000;0.0218;0.0495905;0.692325;0.0146642;0.379063;0.379063;0.0115572;0.0370218;0.00206826;0.144956;0.144956;0.302752;0.00224903;0.281001;0.766783;
144500;0.025;0.0499171;0.693879;0.0146405;0.37639;0.37639;0.012539;0.0348366;0.00230891;0.145945;0.145945;0.272;0.00225641;0.354294;0.768996;
145000;0.0266;0.0498529;0.693318;0.0146506;0.376724;0.376724;0.0119127;0.0345839;0.00278198;0.147191;0.147191;0.263158;0.00184919;0.320371;0.769917;
145500;0.0232;0.049988;0.691271;0.0146446;0.375325;0.375325;0.0116806;0.0351508;0.00244643;0.146585;0.146585;0.206897;0.001638;0.27132;0.770607;
146000;0.0224;0.0500998;0.691199;0.0146398;0.374081;0.374081;0.0118536;0.0361895;0.00255675;0.144565;0.144565;0.276786;0.00184124;0.297214;0.771106;
146500;0.0228;0.0498993;0.693578;0.0146885;0.373325;0.373325;0.0115821;0.0331049;0.00221868;0.14262;0.14262;0.377193;0.001228;0.347304;0.771476;
147000;0.022;0.0496261;0.693673;0.0148862;0.378776;0.378776;0.0110468;0.0331749;0.00389245;0.147229;0.147229;0.2;0.00163599;0.31501;0.765642;
147500;0.0248;0.0490165;0.69477;0.0148238;0.379407;0.379407;0.0100187;0.033207;0.00351003;0.144201;0.144201;0.274194;0.00287121;0.290928;0.767853;
148000;0.0228;0.0486369;0.696045;0.0147394;0.379946;0.379946;0.00956188;0.0310401;0.00338315;0.143206;0.143206;0.236842;0.00327466;0.296351;0.766477;
148500;0.0268;0.0487851;0.698497;0.0146693;0.379535;0.379535;0.0104611;0.0306138;0.003171;0.142955;0.142955;0.156716;0.00143855;0.293819;0.768286;
149000;0.0254;0.0482601;0.696802;0.0146978;0.382781;0.382781;0.00957254;0.031784;0.00311547;0.143906;0.143906;0.244094;0.00184691;0.345158;0.763495;
149500;0.0234;0.0484056;0.698261;0.0146833;0.384563;0.384563;0.00966606;0.0305596;0.00277872;0.14514;0.14514;0.247863;0.00225271;0.283079;0.762341;
150000;0.0264;0.0485671;0.699236;0.0145754;0.380328;0.380328;0.0102241;0.0322323;0.00318493;0.14549;0.14549;0.219697;0.00246508;0.284743;0.767755;
150500;0.0224;0.048077;0.698692;0.0145639;0.383229;0.383229;0.00915299;0.0317712;0.0024843;0.145086;0.145086;0.3125;0.00143208;0.244562;0.763872;
151000;0.0236;0.0473707;0.6997;0.0145999;0.382121;0.382121;0.00867895;0.0342822;0.00239938;0.139367;0.139367;0.211864;0.00143384;0.283339;0.765183;
151500;0.0306;0.047394;0.700709;0.0145429;0.385994;0.385994;0.0094176;0.0357595;0.00159993;0.143501;0.143501;0.196078;0.00185682;0.329789;0.763085;
152000;0.0232;0.0473576;0.69843;0.0146627;0.385937;0.385937;0.00973623;0.0390036;0.00241431;0.140124;0.140124;0.336207;0.001638;0.272786;0.762022;
152500;0.0206;0.0476749;0.696451;0.0145698;0.378671;0.378671;0.00757738;0.0406246;0.00153148;0.135789;0.135789;0.271845;0.00183786;0.263092;0.767959;
153000;0.022;0.0471726;0.698767;0.014507;0.381845;0.381845;0.00605498;0.0397646;0.00146311;0.137169;0.137169;0.254545;0.00204499;0.341601;0.763885;
153500;0.023;0.0475502;0.69881;0.0145171;0.37737;0.37737;0.00722847;0.0401347;0.00232094;0.136067;0.136067;0.252174;0.00204708;0.312114;0.769548;
154000;0.0232;0.0474374;0.700652;0.0144718;0.377352;0.377352;0.00716311;0.0422946;0.00217533;0.135433;0.135433;0.198276;0.00184275;0.328105;0.769168;
154500;0.022;0.0476552;0.699595;0.0144359;0.377673;0.377673;0.0078371;0.0448396;0.00224288;0.139782;0.139782;0.336364;0.00306748;0.323215;0.768268;
155000;0.0216;0.0473274;0.700015;0.0144783;0.380587;0.380587;0.00675427;0.0452503;0.00268845;0.139997;0.139997;0.185185;0.00143091;0.280243;0.76518;
155500;0.0246;0.0474365;0.701865;0.0144356;0.380913;0.380913;0.00775697;0.0409348;0.0028408;0.14179;0.14179;0.211382;0.00246053;0.29866;0.7664;
156000;0.0242;0.0472354;0.703466;0.0143337;0.377169;0.377169;0.00693196;0.0419345;0.0020247;0.139485;0.139485;0.280992;0.00266448;0.301285;0.77001;
156500;0.0256;0.0470701;0.703256;0.0143346;0.381817;0.381817;0.00670933;0.0398971;0.00181318;0.141676;0.141676;0.226562;0.00266831;0.304295;0.765822;
157000;0.0234;0.0466945;0.703288;0.0144227;0.382878;0.382878;0.00589994;0.040658;0.00223002;0.139632;0.139632;0.213675;0.00245751;0.258554;0.765203;
157500;0.0248;0.047052;0.703891;0.0143459;0.382416;0.382416;0.00591836;0.0393841;0.00272793;0.145452;0.145452;0.290323;0.00184578;0.3104;0.764364;
158000;0.0216;0.0469549;0.701834;0.0142594;0.376044;0.376044;0.00550228;0.0384263;0.00197019;0.136312;0.136312;0.268519;0.00183974;0.360085;0.769116;
158500;0.0252;0.0469013;0.701878;0.0143845;0.381033;0.381033;0.00576662;0.0370171;0.00291917;0.143496;0.143496;0.198413;0.00389824;0.292723;0.76679;
159000;0.0228;0.0470853;0.701527;0.0144257;0.379055;0.379055;0.00486893;0.0371833;0.00318257;0.141542;0.141542;0.27193;0.00143266;0.216014;0.769075;
159500;0.027;0.0468882;0.703289;0.0143508;0.381358;0.381358;0.00520884;0.0355119;0.0026786;0.140814;0.140814;0.185185;0.0024666;0.273333;0.768106;
160000;0.0198;0.0471073;0.703767;0.0143292;0.375803;0.375803;0.0054421;0.03752;0.00235771;0.136791;0.136791;0.323232;0.00326464;0.26594;0.77053;
160500;0.0254;0.0470331;0.70579;0.0143;0.376755;0.376755;0.00535952;0.0373819;0.00255429;0.141001;0.141001;0.181102;0.00266776;0.277252;0.77127;
161000;0.0268;0.0471403;0.705236;0.0143671;0.378503;0.378503;0.0048713;0.036891;0.00270947;0.1419;0.1419;0.231343;0.00184957;0.285708;0.770018;
161500;0.0226;0.0471509;0.705366;0.0143227;0.377294;0.377294;0.00499544;0.0374284;0.00253999;0.138417;0.138417;0.221239;0.00204625;0.332258;0.768341;
162000;0.0216;0.0472243;0.706388;0.0141645;0.372461;0.372461;0.00583278;0.0386936;0.00198228;0.135503;0.135503;0.259259;0.00102208;0.353965;0.772247;
162500;0.023;0.0475895;0.707351;0.0143138;0.372629;0.372629;0.00638538;0.03866;0.00277731;0.135074;0.135074;0.286957;0.00204708;0.343491;0.773474;
163000;0.02;0.0476789;0.70916;0.0143971;0.373303;0.373303;0.00643223;0.0364477;0.00343694;0.13703;0.13703;0.32;0.00204082;0.290506;0.772331;
163500;0.0258;0.0479022;0.708942;0.0143105;0.372857;0.372857;0.00658677;0.0350667;0.00312626;0.142286;0.142286;0.248062;0.00307945;0.251856;0.775641;
164000;0.0232;0.047711;0.707712;0.0143478;0.374487;0.374487;0.00537963;0.034872;0.00381233;0.143774;0.143774;0.258621;0.00102375;0.261807;0.772246;
164500;0.0264;0.0477486;0.709997;0.014368;0.373986;0.373986;0.00547186;0.0360141;0.00347995;0.140731;0.140731;0.242424;0.00246508;0.315801;0.773263;
165000;0.0206;0.0476255;0.709346;0.0144225;0.374774;0.374774;0.00523217;0.0374718;0.00262082;0.138223;0.138223;0.339806;0.00183786;0.313199;0.770717;
165500;0.0242;0.0477178;0.709356;0.0143644;0.374405;0.374405;0.0059686;0.0398374;0.00282332;0.139868;0.139868;0.264463;0.00225456;0.335165;0.771657;
166000;0.0228;0.047937;0.710383;0.0144306;0.373583;0.373583;0.00657878;0.040424;0.00345952;0.141514;0.141514;0.236842;0.00266066;0.292791;0.772492;
166500;0.0236;0.0483854;0.710289;0.014467;0.37455;0.37455;0.00812066;0.039989;0.00230454;0.138037;0.138037;0.271186;0.00163867;0.332015;0.771661;
167000;0.0208;0.0481893;0.712437;0.014457;0.37148;0.37148;0.00641332;0.0397448;0.00368741;0.137825;0.137825;0.413462;0.00245098;0.322621;0.773838;
167500;0.0244;0.0486253;0.713322;0.0143995;0.370151;0.370151;0.00688818;0.0397655;0.00374833;0.139344;0.139344;0.254098;0.00123001;0.336818;0.775678;
168000;0.0248;0.0484867;0.715105;0.0143253;0.370154;0.370154;0.00626806;0.0412168;0.00306136;0.1418;0.1418;0.306452;0.00164069;0.300935;0.776869;
168500;0.022;0.0484827;0.714989;0.0142843;0.36871;0.36871;0.00703225;0.0432348;0.00252452;0.14102;0.14102;0.263636;0.00102249;0.261955;0.777258;
169000;0.024;0.0482813;0.717586;0.0143059;0.375233;0.375233;0.00737709;0.0416469;0.00304939;0.147308;0.147308;0.2;0.00143443;0.294807;0.770528;
169500;0.021;0.0485524;0.71565;0.0142803;0.366679;0.366679;0.0093513;0.0416057;0.00312051;0.142234;0.142234;0.342857;0.00183861;0.295824;0.777987;
170000;0.023;0.0489596;0.717133;0.0142597;0.3671;0.3671;0.00836258;0.0407025;0.00275558;0.144507;0.144507;0.208696;0.00163767;0.315658;0.777348;
170500;0.0222;0.0482916;0.716417;0.0142871;0.368624;0.368624;0.00682531;0.041165;0.00350721;0.144918;0.144918;0.342342;0.0010227;0.284881;0.776579;
171000;0.0234;0.0485672;0.717461;0.0142227;0.364833;0.364833;0.00651115;0.0413565;0.00265481;0.138683;0.138683;0.324786;0.00163834;0.38888;0.779384;
171500;0.0244;0.04856;0.720334;0.0141534;0.364152;0.364152;0.00635154;0.0422905;0.00287128;0.141863;0.141863;0.221311;0.00184502;0.30526;0.781329;
172000;0.0278;0.0483516;0.719899;0.0141217;0.365653;0.365653;0.00565826;0.0405363;0.0028141;0.144397;0.144397;0.223022;0.00164575;0.300422;0.78188;
172500;0.0218;0.0484267;0.718075;0.0142897;0.368086;0.368086;0.00582059;0.0384086;0.00276641;0.139151;0.139151;0.293578;0.00163566;0.310779;0.776922;
173000;0.0224;0.0486135;0.718398;0.0144638;0.368079;0.368079;0.00631262;0.0393924;0.0027201;0.135729;0.135729;0.25;0.00204583;0.35509;0.776912;
173500;0.0298;0.0486504;0.718556;0.0144137;0.371492;0.371492;0.00623579;0.0393912;0.00242885;0.145247;0.145247;0.201342;0.00164914;0.307205;0.776623;
174000;0.0246;0.0486165;0.720996;0.0143195;0.368948;0.368948;0.0069071;0.0409141;0.00282191;0.141416;0.141416;0.235772;0.00348575;0.307901;0.777215;
174500;0.0266;0.0484081;0.721196;0.0143077;0.365033;0.365033;0.00603247;0.0401497;0.00361647;0.138782;0.138782;0.233083;0.00143826;0.388118;0.779839;
175000;0.027;0.0481438;0.720947;0.0142183;0.368081;0.368081;0.00676929;0.039272;0.00235538;0.138353;0.138353;0.237037;0.00184995;0.355403;0.778542;
175500;0.0242;0.0481929;0.722456;0.0142277;0.366682;0.366682;0.0063361;0.0402687;0.00243093;0.140147;0.140147;0.157025;0.00163968;0.296987;0.779408;
176000;0.022;0.0483042;0.722387;0.0142448;0.364342;0.364342;0.00716442;0.040258;0.00285836;0.136799;0.136799;0.218182;0.00286299;0.320594;0.780607;
176500;0.0244;0.04809;0.723045;0.0142908;0.366636;0.366636;0.00614065;0.0418566;0.00279388;0.136599;0.136599;0.286885;0.00164002;0.281932;0.78071;
177000;0.0208;0.0480149;0.72295;0.0143152;0.366196;0.366196;0.00633855;0.0424664;0.00323437;0.135789;0.135789;0.221154;0.00142974;0.323522;0.778454;
177500;0.0236;0.0479803;0.720447;0.0142901;0.367563;0.367563;0.00505912;0.0410154;0.00248789;0.137276;0.137276;0.271186;0.001229;0.338313;0.778173;
178000;0.0254;0.0479609;0.721276;0.0143031;0.369357;0.369357;0.00464387;0.0420894;0.00240833;0.140699;0.140699;0.259843;0.00143649;0.32082;0.777358;
178500;0.0262;0.0480656;0.72071;0.0143636;0.369923;0.369923;0.00459352;0.0417582;0.00232232;0.139052;0.139052;0.267176;0.00164305;0.276755;0.778588;
179000;0.021;0.0482099;0.723007;0.0143114;0.367236;0.367236;0.00547802;0.043067;0.00208856;0.135914;0.135914;0.257143;0.0020429;0.297142;0.778172;
179500;0.025;0.0480657;0.723025;0.0144202;0.3698;0.3698;0.00511827;0.0431984;0.00286078;0.13867;0.13867;0.24;0.00205128;0.355307;0.775856;
180000;0.0224;0.0476779;0.724422;0.0143404;0.368527;0.368527;0.00435657;0.046287;0.00258018;0.134384;0.134384;0.258929;0.00102291;0.364967;0.776135;
180500;0.0214;0.0477994;0.727095;0.0142776;0.366817;0.366817;0.00460206;0.0478959;0.0023395;0.134837;0.134837;0.327103;0.00224811;0.380394;0.777196;
181000;0.0216;0.0476521;0.728228;0.0142868;0.371304;0.371304;0.00476388;0.0482701;0.00221106;0.138031;0.138031;0.231481;0.00327065;0.359031;0.773074;
181500;0.0256;0.0475719;0.729036;0.014323;0.374351;0.374351;0.00478724;0.0504146;0.00199689;0.142561;0.142561;0.226562;0.00287356;0.289777;0.773038;
182000;0.02;0.0475811;0.727391;0.0143484;0.37011;0.37011;0.00459974;0.0484375;0.00233951;0.133093;0.133093;0.38;0.00244898;0.322947;0.775103;
182500;0.022;0.047644;0.726002;0.0143566;0.369921;0.369921;0.00503106;0.0490377;0.00203189;0.133613;0.133613;0.245455;0.00163599;0.266915;0.77739;
183000;0.0222;0.0478897;0.726846;0.014545;0.373648;0.373648;0.00514931;0.0507936;0.00242518;0.135081;0.135081;0.288288;0.00347719;0.323444;0.772817;
183500;0.0264;0.0479081;0.731276;0.0145568;0.373226;0.373226;0.0055091;0.0521066;0.00269406;0.137362;0.137362;0.219697;0.00184881;0.277716;0.775752;
184000;0.0218;0.0479617;0.737985;0.0145431;0.375792;0.375792;0.00647108;0.0516931;0.00231664;0.137027;0.137027;0.275229;0.00122674;0.26021;0.771358;
184500;0.0212;0.0482551;0.739639;0.0146283;0.374416;0.374416;0.00683134;0.0518715;0.00187156;0.135979;0.135979;0.245283;0.00347364;0.222668;0.773587;
185000;0.0232;0.0482647;0.739394;0.0146396;0.374913;0.374913;0.00644552;0.0508576;0.00254785;0.136057;0.136057;0.224138;0.00225225;0.31724;0.771546;
185500;0.0206;0.0482327;0.740453;0.0145944;0.373937;0.373937;0.00630438;0.050791;0.00211152;0.136571;0.136571;0.300971;0.00142945;0.297245;0.772084;
186000;0.0196;0.0480295;0.746049;0.014592;0.375408;0.375408;0.00611069;0.0528775;0.00256865;0.134242;0.134242;0.306122;0.00244798;0.253275;0.771479;
186500;0.0238;0.0479186;0.749648;0.0144886;0.374066;0.374066;0.00561001;0.0530689;0.00153661;0.135933;0.135933;0.252101;0.00184388;0.28288;0.773785;
187000;0.0174;0.0479472;0.752699;0.0144912;0.372902;0.372902;0.00557285;0.0537265;0.00159949;0.13366;0.13366;0.390805;0.00142479;0.261972;0.77241;
187500;0.0254;0.0480498;0.755336;0.0145428;0.371327;0.371327;0.00493004;0.054986;0.00236598;0.13526;0.13526;0.165354;0.00246255;0.316753;0.776219;
188000;0.0224;0.0479714;0.752768;0.0144817;0.373314;0.373314;0.00499866;0.0546853;0.00161578;0.135493;0.135493;0.294643;0.0012275;0.263676;0.774231;
188500;0.0194;0.0477182;0.75413;0.0144886;0.372246;0.372246;0.00455733;0.0556572;0.00297892;0.133817;0.133817;0.237113;0.00183561;0.330978;0.772106;
189000;0.0258;0.0479896;0.754198;0.0144517;0.372153;0.372153;0.00505124;0.0540576;0.00267102;0.138579;0.138579;0.255814;0.000821187;0.259367;0.776444;
189500;0.0242;0.0482204;0.75317;0.0143959;0.370152;0.370152;0.00538862;0.054385;0.00214131;0.135365;0.135365;0.289256;0.0020496;0.343245;0.77631;
190000;0.0218;0.0488657;0.759268;0.0145229;0.363822;0.363822;0.00704753;0.0558228;0.00228563;0.127959;0.127959;0.266055;0.00245349;0.358769;0.781926;
190500;0.0214;0.0491257;0.761572;0.0144856;0.363603;0.363603;0.00756247;0.0575072;0.00328004;0.13607;0.13607;0.345794;0.00204374;0.321389;0.781366;
191000;0.0228;0.049222;0.76064;0.0144571;0.36672;0.36672;0.00763944;0.0556315;0.0030079;0.136732;0.136732;0.210526;0.002456;0.284531;0.779727;
191500;0.0218;0.0483191;0.761992;0.014503;0.369039;0.369039;0.00530924;0.0571506;0.00307187;0.132913;0.132913;0.33945;0.00204457;0.304478;0.777852;
192000;0.0248;0.0485434;0.76362;0.0145974;0.371127;0.371127;0.00555326;0.0569372;0.00346825;0.137641;0.137641;0.169355;0.00164069;0.294605;0.776246;
192500;0.0258;0.048577;0.763034;0.0145657;0.37168;0.37168;0.00636935;0.0576279;0.00261426;0.141306;0.141306;0.224806;0.00246356;0.293534;0.775873;
193000;0.0248;0.0483938;0.763921;0.0145352;0.371338;0.371338;0.0058386;0.0572486;0.00218477;0.137631;0.137631;0.225806;0.00164069;0.304656;0.775933;
193500;0.0232;0.04842;0.762573;0.0145777;0.372397;0.372397;0.00579416;0.0560069;0.00212045;0.137941;0.137941;0.258621;0.00102375;0.284678;0.774744;
194000;0.0238;0.0482966;0.760831;0.0145247;0.372031;0.372031;0.00562809;0.0557653;0.0024167;0.135666;0.135666;0.252101;0.00184388;0.339322;0.774046;
194500;0.0234;0.0481391;0.760151;0.0145901;0.368397;0.368397;0.00471778;0.0563734;0.00322002;0.133057;0.133057;0.273504;0.00143354;0.307779;0.778359;
195000;0.0248;0.0482977;0.762017;0.0146715;0.372645;0.372645;0.0047194;0.0566177;0.00403697;0.138887;0.138887;0.209677;0.00225595;0.271463;0.775493;
195500;0.0252;0.0482215;0.76186;0.0145659;0.370763;0.370763;0.00453399;0.0573418;0.00253632;0.133708;0.133708;0.238095;0.00123102;0.2866;0.777554;
196000;0.0204;0.0482523;0.765646;0.0145583;0.371531;0.371531;0.00545514;0.0578428;0.00249055;0.133521;0.133521;0.254902;0.00142915;0.317828;0.773851;
196500;0.0238;0.0481893;0.764066;0.0145415;0.371823;0.371823;0.00469306;0.0572711;0.00226027;0.135813;0.135813;0.235294;0.00266339;0.346252;0.774285;
197000;0.0242;0.0480475;0.764722;0.0146552;0.376853;0.376853;0.00635374;0.0561268;0.00275025;0.140786;0.140786;0.132231;0.00184464;0.311585;0.769406;
197500;0.0224;0.0482705;0.764696;0.0146735;0.374684;0.374684;0.00823481;0.0561538;0.00314055;0.137562;0.137562;0.366071;0.00306874;0.30336;0.772184;
198000;0.0254;0.0480208;0.765744;0.0146513;0.373597;0.373597;0.00592104;0.057008;0.00282728;0.134225;0.134225;0.149606;0.00123127;0.354075;0.773197;
198500;0.0288;0.0480296;0.761894;0.0146653;0.375672;0.375672;0.00460357;0.0555172;0.00219792;0.137084;0.137084;0.208333;0.00144152;0.321799;0.773159;
199000;0.0228;0.0479339;0.762691;0.014615;0.376739;0.376739;0.00407871;0.055602;0.00178558;0.136676;0.136676;0.298246;0.00225133;0.254958;0.771516;
199500;0.0246;0.0479461;0.758618;0.0146194;0.372896;0.372896;0.00429548;0.0548354;0.00251544;0.138558;0.138558;0.235772;0.00164035;0.287156;0.774703;
200000;0.0214;0.047862;0.755793;0.0146042;0.37228;0.37228;0.00414436;0.0551192;0.00280866;0.131672;0.131672;0.252336;0.00265686;0.337826;0.77372;
