

seed;2240036672;
Npop;5000;
mu_feedback;0.0005;
mu_stress_influx;0.0005;
mu_influx;0.0005;
mu_hstart;0.0005;
sP2NP_1;0.19;
sNP2P_1;0.01;
init_feedback;0.1;
init_stress_influx;0.4;
init_influx;0.05;
init_hstart;0.5;
cue_P;0;
cue_NP;0;
s0;0;
ad;1.5;
aP;1;
mort_background;0.002;
dmax;1;
zmax;1;
r;1;
u;1;
p_att;0.5;
NumGen;200000;
base_name;sim_stress_17_02_2020_152706_3;
generation;freq_P;mean_feedback;mean_stress_influx;mean_influx;mean_hormone;mean_damage;sd_feedback;sd_stress_influx;sd_influx;sd_hormone;sd_damage;prop_dead_P;prop_dead_NP;mean_fecundity_P;mean_fecundity_NP;
0;0.0392;0.1;0.4;0.05;0.50536;0.50536;-nan;-nan;-nan;0.0459921;0.0459921;0.311224;0.0031224;0.473676;0.646447;
500;0.0222;0.0999578;0.399895;0.0499409;0.517816;0.517816;0.00118756;0.00276914;0.00163991;0.0739808;0.0739808;0.27027;0.00184087;0.25345;0.633007;
1000;0.0286;0.0999531;0.399675;0.049948;0.521228;0.521228;0.00220257;0.00505967;0.00197845;0.0812066;0.0812066;0.195804;0.00123533;0.269883;0.630536;
1500;0.0284;0.099895;0.399816;0.0500502;0.52498;0.52498;0.00412092;0.00535958;0.001946;0.0864107;0.0864107;0.176056;0.00226431;0.258987;0.626296;
2000;0.0248;0.0997767;0.40023;0.0500828;0.521315;0.521315;0.0026953;0.00528138;0.00303755;0.0794495;0.0794495;0.193548;0.00123052;0.240037;0.630012;
2500;0.0276;0.0998851;0.400217;0.0500859;0.521137;0.521137;0.00331916;0.00480433;0.00332526;0.0797798;0.0797798;0.181159;0.00205677;0.303825;0.629469;
3000;0.0272;0.0999564;0.400124;0.0501166;0.521478;0.521478;0.00445139;0.00581105;0.0035468;0.0825375;0.0825375;0.183824;0.00185033;0.294533;0.629043;
3500;0.034;0.0999571;0.399994;0.0500492;0.523891;0.523891;0.00286488;0.00741444;0.00329577;0.0888307;0.0888307;0.188235;0.00186335;0.259918;0.629287;
4000;0.0256;0.0998846;0.399946;0.0499067;0.520014;0.520014;0.0030273;0.00771577;0.00379219;0.0850782;0.0850782;0.164062;0.000821018;0.276491;0.630479;
4500;0.0256;0.0998885;0.400317;0.0496778;0.51735;0.51735;0.00304295;0.00862909;0.00469357;0.0862149;0.0862149;0.179688;0.00164204;0.276324;0.633211;
5000;0.0246;0.0999376;0.400315;0.0496956;0.51628;0.51628;0.0034359;0.00873733;0.0047978;0.0840645;0.0840645;0.154472;0.0018454;0.292421;0.633822;
5500;0.0292;0.0999753;0.400638;0.0493376;0.514486;0.514486;0.00369208;0.00727871;0.00448912;0.0893202;0.0893202;0.171233;0.00226617;0.270478;0.63763;
6000;0.0254;0.0999083;0.401015;0.0492372;0.512881;0.512881;0.00341193;0.0110724;0.00483729;0.0888569;0.0888569;0.173228;0.00266776;0.291295;0.637374;
6500;0.0272;0.0999152;0.400955;0.0491603;0.512421;0.512421;0.00403083;0.00859423;0.00513311;0.0910321;0.0910321;0.139706;0.00205592;0.3046;0.637884;
7000;0.0296;0.0996331;0.401141;0.0490402;0.513922;0.513922;0.00398909;0.0087664;0.00541261;0.0952176;0.0952176;0.141892;0.00185491;0.272942;0.63768;
7500;0.0274;0.0997612;0.401535;0.048439;0.50648;0.50648;0.00252638;0.0103943;0.00653605;0.0999011;0.0999011;0.182482;0.000411269;0.290618;0.644044;
8000;0.0226;0.0999087;0.402088;0.047295;0.494149;0.494149;0.00323443;0.0124227;0.00805174;0.106716;0.106716;0.230088;0.00204625;0.296247;0.654514;
8500;0.0234;0.0999263;0.402295;0.047105;0.493841;0.493841;0.00290546;0.0127472;0.00795207;0.109924;0.109924;0.17094;0.00204792;0.256196;0.65571;
9000;0.0226;0.0998906;0.402853;0.0460261;0.481117;0.481117;0.00287489;0.0138893;0.00929319;0.114998;0.114998;0.238938;0.00245549;0.339712;0.666353;
9500;0.0234;0.0998766;0.403075;0.044911;0.471205;0.471205;0.00274505;0.0150285;0.0104907;0.124425;0.124425;0.119658;0.00327667;0.35175;0.675514;
10000;0.0254;0.0997987;0.402963;0.0442835;0.467065;0.467065;0.00289575;0.0145591;0.0109643;0.12939;0.12939;0.181102;0.00205212;0.326108;0.680415;
10500;0.0234;0.100024;0.402643;0.0432182;0.456312;0.456312;0.00572326;0.0143468;0.0117997;0.138664;0.138664;0.239316;0.0026623;0.309249;0.689576;
11000;0.0214;0.100604;0.403569;0.0415498;0.4394;0.4394;0.00964411;0.0174736;0.0130234;0.149785;0.149785;0.271028;0.00204374;0.314339;0.704256;
11500;0.0212;0.100153;0.403394;0.0397617;0.422109;0.422109;0.00598604;0.0170162;0.0139238;0.156474;0.156474;0.264151;0.00326931;0.30561;0.719825;
12000;0.0214;0.100093;0.402772;0.0377418;0.404395;0.404395;0.00389064;0.0156514;0.0151477;0.165498;0.165498;0.28972;0.00245248;0.381195;0.733919;
12500;0.0244;0.100072;0.403807;0.0356904;0.385722;0.385722;0.00473634;0.0183071;0.0157641;0.173807;0.173807;0.213115;0.00164002;0.397055;0.750215;
13000;0.0172;0.100199;0.402527;0.0344229;0.371569;0.371569;0.00515432;0.0179473;0.0162642;0.17382;0.17382;0.302326;0.001628;0.391504;0.760518;
13500;0.0214;0.100154;0.402816;0.0332896;0.364326;0.364326;0.00458276;0.0178185;0.0164084;0.177324;0.177324;0.373832;0.00143062;0.374757;0.76879;
14000;0.0212;0.100411;0.402269;0.0316245;0.34514;0.34514;0.00617347;0.0183033;0.0170644;0.18294;0.18294;0.292453;0.00163465;0.460616;0.781901;
14500;0.0188;0.100363;0.402489;0.0300242;0.329961;0.329961;0.00637853;0.0190033;0.0174298;0.184347;0.184347;0.287234;0.00183449;0.490828;0.793319;
15000;0.0184;0.100448;0.402248;0.028703;0.31798;0.31798;0.00719304;0.014479;0.0177084;0.189702;0.189702;0.26087;0.00203749;0.445204;0.802691;
15500;0.021;0.100284;0.402963;0.0275558;0.307691;0.307691;0.00752813;0.0149544;0.0175619;0.190333;0.190333;0.304762;0.00163432;0.420169;0.812685;
16000;0.023;0.100136;0.403586;0.0272992;0.306193;0.306193;0.00642169;0.0170604;0.0175417;0.191431;0.191431;0.26087;0.00184237;0.449813;0.813874;
16500;0.0202;0.10009;0.40278;0.0268723;0.302635;0.302635;0.0073219;0.0152938;0.0175154;0.190459;0.190459;0.267327;0.00224536;0.49592;0.814632;
17000;0.018;0.100293;0.402996;0.0259366;0.294072;0.294072;0.0081674;0.0164626;0.017841;0.192164;0.192164;0.422222;0.000814664;0.518195;0.820193;
17500;0.0214;0.101022;0.402095;0.0241259;0.275904;0.275904;0.00984778;0.013983;0.0177093;0.191737;0.191737;0.261682;0.00122624;0.532828;0.835001;
18000;0.019;0.100717;0.402626;0.0233019;0.267523;0.267523;0.00821222;0.0147486;0.0176997;0.19049;0.19049;0.347368;0.00224261;0.512981;0.84141;
18500;0.0166;0.100924;0.402958;0.0230197;0.26557;0.26557;0.00790276;0.0160808;0.0176172;0.190523;0.190523;0.433735;0.00183038;0.481798;0.842713;
19000;0.0192;0.101776;0.401842;0.0220158;0.25355;0.25355;0.0107724;0.0144076;0.0175;0.189121;0.189121;0.489583;0.00224307;0.546556;0.852526;
19500;0.0186;0.101979;0.402353;0.02116;0.244055;0.244055;0.0119405;0.0137569;0.0174883;0.188403;0.188403;0.419355;0.00142653;0.555765;0.858643;
20000;0.0164;0.101798;0.402705;0.0201208;0.236436;0.236436;0.0111967;0.0150967;0.0172782;0.185947;0.185947;0.414634;0.00203335;0.517071;0.864636;
20500;0.0168;0.101371;0.403148;0.0184195;0.222496;0.222496;0.0100379;0.0154921;0.0171164;0.190414;0.190414;0.464286;0.00325468;0.525625;0.873716;
21000;0.0168;0.101423;0.404107;0.0182318;0.219755;0.219755;0.0102873;0.0171476;0.0167297;0.186005;0.186005;0.404762;0.00223759;0.548247;0.875685;
21500;0.017;0.101864;0.405304;0.0176579;0.213002;0.213002;0.0115838;0.0196068;0.0169432;0.184856;0.184856;0.423529;0.00122075;0.604675;0.879618;
22000;0.017;0.101456;0.406123;0.0170983;0.211334;0.211334;0.0106513;0.0206345;0.0170019;0.188569;0.188569;0.494118;0.00203459;0.589783;0.880413;
22500;0.0126;0.101498;0.406273;0.0166967;0.203846;0.203846;0.0115015;0.0205304;0.0169418;0.186835;0.186835;0.761905;0.00324083;0.523784;0.886253;
23000;0.015;0.101678;0.40498;0.0161829;0.199515;0.199515;0.0122114;0.0173624;0.0166889;0.183254;0.183254;0.453333;0.00304569;0.65048;0.88807;
23500;0.0162;0.101869;0.40603;0.0157397;0.197042;0.197042;0.0131626;0.019424;0.0167781;0.187308;0.187308;0.481481;0.00142305;0.624462;0.888909;
24000;0.0168;0.102627;0.40577;0.0139719;0.178247;0.178247;0.0152433;0.0179739;0.0162288;0.183735;0.183735;0.488095;0.0012205;0.645419;0.901642;
24500;0.0142;0.102037;0.407807;0.0135061;0.17675;0.17675;0.0135386;0.0210372;0.0160541;0.180237;0.180237;0.647887;0.00142017;0.680826;0.90247;
25000;0.0138;0.102613;0.40668;0.0120204;0.158937;0.158937;0.014348;0.0198731;0.0155203;0.17714;0.17714;0.623188;0.00223078;0.694618;0.913538;
25500;0.0152;0.102783;0.40738;0.0117996;0.15862;0.15862;0.0150842;0.0214448;0.0152154;0.176978;0.176978;0.434211;0.00284322;0.679152;0.91417;
26000;0.0132;0.102792;0.407721;0.0114987;0.156102;0.156102;0.0152047;0.0217349;0.0149615;0.172153;0.172153;0.560606;0.0016214;0.639749;0.916646;
26500;0.013;0.103446;0.406865;0.0121865;0.161108;0.161108;0.0158798;0.0198758;0.015327;0.174315;0.174315;0.553846;0.00141844;0.66824;0.912809;
27000;0.0124;0.103574;0.406303;0.0116825;0.155328;0.155328;0.0154059;0.0197181;0.0151386;0.172125;0.172125;0.806452;0.00141758;0.670754;0.917283;
27500;0.014;0.102891;0.406433;0.0110831;0.151665;0.151665;0.0141878;0.0195597;0.0147277;0.171309;0.171309;0.514286;0.00182556;0.612666;0.920226;
28000;0.015;0.102317;0.406293;0.0110541;0.15005;0.15005;0.0141852;0.0195444;0.0148552;0.170698;0.170698;0.346667;0.00263959;0.639899;0.920798;
28500;0.012;0.102448;0.4048;0.0110674;0.150024;0.150024;0.014736;0.0177996;0.0150844;0.170502;0.170502;0.683333;0.00121457;0.68432;0.919937;
29000;0.0138;0.101895;0.404074;0.0108894;0.150286;0.150286;0.014827;0.0178045;0.0146402;0.168417;0.168417;0.521739;0.00263638;0.762996;0.919578;
29500;0.0126;0.10159;0.403817;0.00901481;0.135517;0.135517;0.0154409;0.0169591;0.0135503;0.169294;0.169294;0.714286;0.00222807;0.645831;0.929251;
30000;0.011;0.1022;0.405335;0.00784019;0.123667;0.123667;0.0164568;0.0181138;0.0129368;0.160957;0.160957;0.654545;0.00222447;0.714689;0.935912;
30500;0.011;0.101696;0.40633;0.00810889;0.126204;0.126204;0.0176142;0.0182499;0.0132113;0.165621;0.165621;0.745455;0.0016178;0.757171;0.933076;
31000;0.012;0.100778;0.405605;0.0073796;0.11996;0.11996;0.0167166;0.0187013;0.0125339;0.160619;0.160619;0.666667;0.000809717;0.712564;0.938032;
31500;0.0144;0.100851;0.406474;0.00736324;0.11929;0.11929;0.0146707;0.0191827;0.012458;0.158747;0.158747;0.611111;0.00324675;0.791401;0.939273;
32000;0.0132;0.100125;0.40555;0.00762548;0.123458;0.123458;0.013477;0.0181868;0.0128633;0.164765;0.164765;0.69697;0.00202675;0.70063;0.936395;
32500;0.015;0.100192;0.406282;0.00740289;0.118452;0.118452;0.0134371;0.0204983;0.0127687;0.159377;0.159377;0.453333;0.00182741;0.79312;0.938458;
33000;0.0134;0.0992752;0.40779;0.00652434;0.110052;0.110052;0.0118796;0.0229356;0.0121613;0.155846;0.155846;0.492537;0.00202716;0.704356;0.944567;
33500;0.0124;0.0996932;0.407488;0.00735318;0.118518;0.118518;0.0110399;0.0235855;0.012964;0.158469;0.158469;0.709677;0.00222762;0.785104;0.93909;
34000;0.0122;0.0992842;0.407434;0.00791203;0.124903;0.124903;0.0130544;0.0236832;0.0134056;0.167242;0.167242;0.622951;0.00323952;0.67528;0.934911;
34500;0.0116;0.0994291;0.407484;0.00754545;0.123017;0.123017;0.0129573;0.024674;0.0132794;0.168154;0.168154;0.603448;0.00263051;0.635127;0.935672;
35000;0.0142;0.100506;0.408018;0.00795816;0.124509;0.124509;0.0139196;0.0246103;0.0129845;0.161667;0.161667;0.450704;0.00223169;0.748498;0.935432;
35500;0.0132;0.100015;0.409544;0.00815023;0.130471;0.130471;0.0131825;0.0267364;0.0132259;0.167657;0.167657;0.712121;0.00263478;0.593826;0.933536;
36000;0.0144;0.0992765;0.409052;0.00769049;0.124896;0.124896;0.0129911;0.0258637;0.012647;0.162272;0.162272;0.486111;0.000811688;0.730643;0.935172;
36500;0.0128;0.099278;0.407785;0.00806205;0.127991;0.127991;0.0133514;0.0261887;0.013113;0.166297;0.166297;0.59375;0.00222853;0.708124;0.93304;
37000;0.016;0.0990125;0.407419;0.00769623;0.128085;0.128085;0.0133113;0.0263638;0.0128996;0.166687;0.166687;0.6875;0.00223577;0.722712;0.93456;
37500;0.0096;0.0984947;0.408434;0.00783475;0.127081;0.127081;0.0149568;0.0270884;0.0129944;0.166147;0.166147;1.04167;0.00181745;0.709212;0.933614;
38000;0.0124;0.0984762;0.409025;0.00727215;0.121019;0.121019;0.0157667;0.0263848;0.0130686;0.164997;0.164997;0.548387;0.0018226;0.721317;0.936596;
38500;0.0122;0.0979035;0.40943;0.00697154;0.119733;0.119733;0.0161769;0.0261882;0.0123168;0.164949;0.164949;0.737705;0.00121482;0.734636;0.937568;
39000;0.015;0.0978146;0.411284;0.0072213;0.122601;0.122601;0.0158581;0.0292644;0.0127312;0.166475;0.166475;0.586667;0.00142132;0.732216;0.936117;
39500;0.0142;0.096989;0.412289;0.0061566;0.11395;0.11395;0.0152164;0.0288042;0.0114285;0.160491;0.160491;0.507042;0.00304321;0.71332;0.942265;
40000;0.0134;0.0966412;0.414123;0.00665884;0.117772;0.117772;0.0151541;0.0315645;0.0117775;0.16251;0.16251;0.507463;0.00222988;0.757234;0.938591;
40500;0.0142;0.0964571;0.414623;0.00657248;0.119564;0.119564;0.0171076;0.0328481;0.0116473;0.163925;0.163925;0.647887;0.00263745;0.755672;0.938677;
41000;0.013;0.0971739;0.415277;0.00650921;0.118987;0.118987;0.017667;0.0342631;0.0119347;0.167068;0.167068;0.753846;0.00121581;0.688055;0.938509;
41500;0.014;0.0985447;0.417018;0.00719692;0.121901;0.121901;0.0186206;0.0356199;0.0123608;0.165459;0.165459;0.471429;0.00121704;0.708845;0.936406;
42000;0.012;0.0986313;0.416482;0.00738975;0.122878;0.122878;0.018971;0.0346559;0.0122332;0.163951;0.163951;0.683333;0.00242915;0.671472;0.93697;
42500;0.0108;0.0983083;0.416712;0.00746485;0.126935;0.126935;0.0193437;0.0353704;0.0127035;0.169364;0.169364;0.666667;0.00181965;0.681632;0.93276;
43000;0.0122;0.0974672;0.415381;0.00685639;0.116307;0.116307;0.0187279;0.0354311;0.0119899;0.160626;0.160626;0.557377;0.00161976;0.77269;0.939413;
43500;0.0158;0.096691;0.41399;0.00683209;0.125372;0.125372;0.0197881;0.0339577;0.0121248;0.169823;0.169823;0.531646;0.00243853;0.761235;0.933671;
44000;0.0134;0.0969368;0.413933;0.00698217;0.123062;0.123062;0.0190302;0.0353193;0.0121553;0.167652;0.167652;0.641791;0.00182445;0.716834;0.935724;
44500;0.0108;0.0972851;0.412859;0.00667997;0.115895;0.115895;0.0186955;0.0329619;0.0118749;0.160529;0.160529;0.611111;0.000404367;0.802608;0.93852;
45000;0.0112;0.0972509;0.412375;0.00664623;0.120518;0.120518;0.0184467;0.032464;0.0121118;0.170507;0.170507;0.625;0.00222492;0.665834;0.936034;
45500;0.0134;0.0970914;0.413475;0.00652652;0.119652;0.119652;0.0183402;0.0335483;0.0120882;0.170011;0.170011;0.597015;0.0024326;0.686996;0.937159;
46000;0.0134;0.0977879;0.414945;0.00598208;0.110714;0.110714;0.0187662;0.0345478;0.0116092;0.160484;0.160484;0.537313;0.00324346;0.765866;0.943064;
46500;0.0106;0.0982091;0.415589;0.00603655;0.109042;0.109042;0.0189967;0.0349552;0.0113167;0.15628;0.15628;0.754717;0.00303214;0.773311;0.944441;
47000;0.0126;0.0992266;0.417062;0.00576423;0.104835;0.104835;0.0194723;0.0363731;0.0110293;0.153775;0.153775;0.396825;0.00202552;0.778013;0.94628;
47500;0.0116;0.100242;0.416278;0.0059061;0.107585;0.107585;0.02075;0.0354289;0.0111174;0.153892;0.153892;0.793103;0.00263051;0.771578;0.946182;
48000;0.0114;0.100372;0.413183;0.0057276;0.107859;0.107859;0.0218899;0.032271;0.0111848;0.153883;0.153883;0.789474;0.00202306;0.740961;0.946309;
48500;0.0114;0.101815;0.412883;0.00539277;0.100841;0.100841;0.0234444;0.0317572;0.0110997;0.153043;0.153043;0.701754;0.0032369;0.74305;0.950004;
49000;0.0116;0.102049;0.414928;0.00479;0.0972052;0.0972052;0.0265617;0.0334993;0.0104631;0.150403;0.150403;0.655172;0.00242817;0.786006;0.951484;
49500;0.0156;0.100661;0.416876;0.00453675;0.0992436;0.0992436;0.027176;0.0358503;0.0102458;0.152254;0.152254;0.512821;0.00203169;0.782966;0.950973;
50000;0.0118;0.102047;0.417404;0.00461633;0.0978196;0.0978196;0.0308897;0.0369293;0.00989882;0.153026;0.153026;0.627119;0.00283343;0.759083;0.951262;
50500;0.0126;0.101875;0.41903;0.00438949;0.097842;0.097842;0.0312096;0.038425;0.00955527;0.155424;0.155424;0.761905;0.00202552;0.759476;0.951254;
51000;0.015;0.101348;0.417546;0.00474473;0.100987;0.100987;0.0291452;0.0373051;0.00956985;0.153455;0.153455;0.56;0.00284264;0.773614;0.950446;
51500;0.0114;0.101631;0.418979;0.00489018;0.102226;0.102226;0.0288887;0.0389293;0.00966996;0.1522;0.1522;0.912281;0.00141614;0.747521;0.94981;
52000;0.0124;0.102404;0.420412;0.00473642;0.0973918;0.0973918;0.0306853;0.0414317;0.00986815;0.150507;0.150507;0.419355;0.00101256;0.797173;0.950403;
52500;0.0132;0.100695;0.421131;0.00500429;0.104986;0.104986;0.030176;0.0451915;0.00999632;0.159816;0.159816;0.712121;0.00202675;0.79729;0.945982;
53000;0.013;0.101858;0.421574;0.00547605;0.107732;0.107732;0.0310863;0.0472643;0.0104711;0.159017;0.159017;0.630769;0.00202634;0.811597;0.944418;
53500;0.011;0.0989401;0.423018;0.00614322;0.115887;0.115887;0.0284714;0.0482085;0.0112869;0.168518;0.168518;0.872727;0.0016178;0.735996;0.939032;
54000;0.0134;0.0971642;0.428687;0.00563893;0.114752;0.114752;0.0262915;0.0528259;0.0108566;0.170909;0.170909;0.656716;0.00182445;0.674141;0.940012;
54500;0.014;0.0975345;0.428609;0.00511391;0.107107;0.107107;0.0240562;0.0538654;0.0099917;0.163846;0.163846;0.571429;0.00141988;0.670391;0.945622;
55000;0.0112;0.0973754;0.431172;0.0054931;0.113056;0.113056;0.0243592;0.0538881;0.010482;0.162234;0.162234;0.803571;0.00222492;0.739007;0.941804;
55500;0.0132;0.0973216;0.426372;0.00583299;0.112321;0.112321;0.0243037;0.0522411;0.0108803;0.160885;0.160885;0.469697;0.0024321;0.686444;0.942864;
56000;0.0112;0.0972464;0.428523;0.00596016;0.115473;0.115473;0.0218406;0.0553769;0.0109375;0.16284;0.16284;0.767857;0.00202265;0.645315;0.941378;
56500;0.0122;0.0962886;0.433202;0.00599426;0.112015;0.112015;0.0197692;0.0554038;0.0109156;0.158274;0.158274;0.57377;0.00141729;0.697786;0.94318;
57000;0.013;0.0965261;0.433692;0.00639018;0.120207;0.120207;0.0191824;0.0567945;0.0112178;0.162348;0.162348;0.661538;0.00425532;0.740945;0.938911;
57500;0.0116;0.0965852;0.432154;0.00733583;0.129141;0.129141;0.0208786;0.0547107;0.0118377;0.171911;0.171911;0.62069;0.00222582;0.656839;0.93178;
58000;0.016;0.0958928;0.43391;0.00662442;0.121349;0.121349;0.0193473;0.0552391;0.0113664;0.168548;0.168548;0.4;0.00203252;0.698866;0.937211;
58500;0.0112;0.0936335;0.435782;0.00706731;0.12842;0.12842;0.0206695;0.0553526;0.0118206;0.170765;0.170765;0.660714;0.00242718;0.720815;0.931678;
59000;0.0162;0.0949924;0.439744;0.00713851;0.129512;0.129512;0.0189421;0.0579823;0.0119852;0.175922;0.175922;0.432099;0.00162635;0.662493;0.931812;
59500;0.0122;0.0931538;0.439346;0.00762192;0.13466;0.13466;0.0197179;0.0567532;0.012279;0.176768;0.176768;0.688525;0.00161976;0.639242;0.928041;
60000;0.013;0.093338;0.441747;0.00718054;0.129879;0.129879;0.0207422;0.0593538;0.0118356;0.173928;0.173928;0.661538;0.00222898;0.729704;0.930872;
60500;0.015;0.0927626;0.445251;0.00685326;0.129612;0.129612;0.018476;0.0621913;0.0112276;0.173128;0.173128;0.56;0.00304569;0.685475;0.932345;
61000;0.0128;0.0920126;0.449041;0.00731172;0.134138;0.134138;0.0185717;0.0627334;0.0115767;0.17562;0.17562;0.5625;0.00222853;0.654587;0.928801;
61500;0.0138;0.0916118;0.453877;0.00751792;0.137425;0.137425;0.0188423;0.0632392;0.0117366;0.177469;0.177469;0.550725;0.00182519;0.608398;0.927455;
62000;0.0114;0.0917825;0.451045;0.00680018;0.126693;0.126693;0.0181414;0.0632288;0.0111912;0.171673;0.171673;0.684211;0.00222537;0.634133;0.933589;
62500;0.0162;0.0919943;0.449367;0.00729842;0.134391;0.134391;0.0169196;0.0619168;0.0112883;0.176077;0.176077;0.481481;0.00121976;0.640173;0.92981;
63000;0.013;0.0919289;0.456327;0.00712801;0.134588;0.134588;0.0177986;0.0632645;0.0120455;0.177428;0.177428;0.723077;0.00182371;0.688237;0.927981;
63500;0.0168;0.0932237;0.458266;0.00714674;0.132764;0.132764;0.0176949;0.0638831;0.0118504;0.179683;0.179683;0.464286;0.00284784;0.734799;0.928454;
64000;0.012;0.0929148;0.455073;0.00694733;0.128176;0.128176;0.0169609;0.0630968;0.0118379;0.172649;0.172649;0.7;0.00303644;0.677014;0.932721;
64500;0.013;0.0937002;0.452312;0.00675576;0.122352;0.122352;0.0165897;0.061949;0.0114526;0.162691;0.162691;0.569231;0.00182371;0.799744;0.936399;
65000;0.0126;0.0941054;0.452674;0.00650387;0.122472;0.122472;0.0169738;0.0612279;0.0107615;0.163603;0.163603;0.68254;0.00222807;0.726929;0.937267;
65500;0.0166;0.0949084;0.44994;0.00676195;0.123836;0.123836;0.0185433;0.0604665;0.0112779;0.165065;0.165065;0.506024;0.00122026;0.752694;0.936068;
66000;0.0114;0.0962436;0.451845;0.00586925;0.112453;0.112453;0.0179715;0.0626334;0.0102918;0.158065;0.158065;0.684211;0.00262998;0.699591;0.943812;
66500;0.0142;0.0972718;0.453533;0.00614547;0.114946;0.114946;0.0176306;0.0640973;0.010387;0.158036;0.158036;0.56338;0.00284033;0.621289;0.944449;
67000;0.0108;0.0971432;0.458183;0.00643664;0.115894;0.115894;0.0195802;0.0659988;0.010531;0.156016;0.156016;0.944444;0.00141529;0.68785;0.943015;
67500;0.0146;0.0966418;0.457212;0.00665665;0.118761;0.118761;0.0175821;0.0659728;0.0107374;0.156903;0.156903;0.452055;0.0022326;0.787667;0.939932;
68000;0.0124;0.0956534;0.458923;0.00708653;0.123684;0.123684;0.0160206;0.0651926;0.0114845;0.162034;0.162034;0.596774;0.00101256;0.681059;0.937024;
68500;0.013;0.0961925;0.464429;0.00791737;0.128865;0.128865;0.0169078;0.0656411;0.012225;0.164551;0.164551;0.692308;0.00141844;0.722348;0.933593;
69000;0.0124;0.0967445;0.465778;0.00710539;0.122225;0.122225;0.0190997;0.0653569;0.0113908;0.157761;0.157761;0.548387;0.00222762;0.67493;0.938772;
69500;0.012;0.097509;0.470868;0.00773402;0.127908;0.127908;0.0181894;0.0656386;0.0115722;0.161617;0.161617;0.666667;0.00202429;0.649151;0.935574;
70000;0.015;0.0982089;0.472732;0.00749664;0.126217;0.126217;0.0198387;0.065537;0.011221;0.156832;0.156832;0.586667;0.00162437;0.774445;0.936834;
70500;0.0114;0.0989903;0.469532;0.00674403;0.115894;0.115894;0.0223286;0.0659776;0.0111671;0.155269;0.155269;0.54386;0.00262998;0.789279;0.941235;
71000;0.0138;0.0994593;0.467591;0.0068782;0.118904;0.118904;0.0222689;0.0658773;0.0114828;0.159317;0.159317;0.710145;0.00162239;0.7452;0.940566;
71500;0.014;0.0983982;0.468338;0.00660746;0.11732;0.11732;0.0224008;0.0657434;0.0107083;0.157793;0.157793;0.528571;0.00141988;0.658732;0.942264;
72000;0.0122;0.0972471;0.467729;0.00641818;0.117785;0.117785;0.0219518;0.0651658;0.0107538;0.154005;0.154005;0.590164;0.0020247;0.721895;0.941619;
72500;0.0138;0.0964303;0.471707;0.00629939;0.116583;0.116583;0.023185;0.0660826;0.0106445;0.155204;0.155204;0.637681;0.00182519;0.701904;0.943;
73000;0.0118;0.0962267;0.47183;0.00618738;0.115583;0.115583;0.0231909;0.0660401;0.0104415;0.155624;0.155624;0.847458;0.00182149;0.777421;0.942489;
73500;0.0136;0.0958694;0.46841;0.00584372;0.114659;0.114659;0.0227565;0.0647131;0.00994018;0.155401;0.155401;0.676471;0.0014193;0.681986;0.944218;
74000;0.0114;0.0963491;0.466918;0.00602377;0.112467;0.112467;0.0240354;0.0641703;0.00998441;0.149625;0.149625;0.684211;0.00161845;0.770427;0.944962;
74500;0.0116;0.0985844;0.462102;0.00579595;0.109738;0.109738;0.0257124;0.062116;0.00998342;0.149501;0.149501;0.517241;0.00242817;0.736398;0.946356;
75000;0.0116;0.098408;0.463453;0.00621435;0.115537;0.115537;0.0254533;0.0639788;0.00991995;0.155801;0.155801;0.775862;0.00161878;0.656239;0.943613;
75500;0.0116;0.0971659;0.462237;0.00634202;0.117388;0.117388;0.0260006;0.0643413;0.00996894;0.149063;0.149063;0.534483;0.00202347;0.776417;0.942368;
76000;0.0102;0.0973269;0.461544;0.0067018;0.122266;0.122266;0.0268988;0.0633462;0.00982447;0.153074;0.153074;0.882353;0.00181855;0.714244;0.940103;
76500;0.0136;0.0969359;0.463427;0.00579038;0.11195;0.11195;0.0263945;0.0642602;0.0090405;0.149141;0.149141;0.529412;0.00121655;0.673455;0.947086;
77000;0.0112;0.0970727;0.462505;0.00571412;0.110754;0.110754;0.0257437;0.0634268;0.00911625;0.145265;0.145265;0.678571;0.00283172;0.733095;0.947521;
77500;0.0124;0.0959317;0.459591;0.0064535;0.120562;0.120562;0.0259521;0.063112;0.00939121;0.150927;0.150927;0.758065;0.00283516;0.689133;0.942487;
78000;0.016;0.0959385;0.459137;0.00581308;0.112099;0.112099;0.0249336;0.0633751;0.00891759;0.147355;0.147355;0.5125;0.00182927;0.790016;0.946341;
78500;0.0146;0.0952581;0.462819;0.00580368;0.113117;0.113117;0.0247654;0.0641145;0.00924761;0.147663;0.147663;0.616438;0.00121778;0.77381;0.945914;
79000;0.0108;0.0966161;0.460616;0.00551945;0.108105;0.108105;0.0253668;0.0635593;0.00883643;0.143321;0.143321;0.722222;0.00343712;0.782415;0.948892;
79500;0.009;0.0972001;0.464172;0.00494414;0.104151;0.104151;0.0256942;0.0645344;0.00817813;0.140983;0.140983;0.822222;0.0024218;0.692126;0.951438;
80000;0.0112;0.0975919;0.467869;0.00507751;0.102513;0.102513;0.0281412;0.0666259;0.00820167;0.138363;0.138363;0.660714;0.00202265;0.715038;0.953186;
80500;0.0094;0.0958973;0.468442;0.00518708;0.105639;0.105639;0.02816;0.0651156;0.00826393;0.141092;0.141092;0.595745;0.00141328;0.729266;0.949694;
81000;0.0112;0.097748;0.469404;0.00572405;0.112816;0.112816;0.030215;0.0658298;0.0090262;0.149446;0.149446;0.928571;0.00161812;0.732484;0.946129;
81500;0.0128;0.0963392;0.475608;0.00660907;0.123689;0.123689;0.0294694;0.0671556;0.00954845;0.151828;0.151828;0.53125;0.00222853;0.752452;0.939246;
82000;0.0138;0.096211;0.472805;0.00757759;0.134996;0.134996;0.0295374;0.0686085;0.00964497;0.158097;0.158097;0.391304;0.00243358;0.605179;0.934204;
82500;0.0138;0.0933482;0.474689;0.00728823;0.137488;0.137488;0.0289662;0.0695567;0.00935977;0.160351;0.160351;0.652174;0.00304198;0.646121;0.9325;
83000;0.0142;0.0923141;0.475959;0.0073649;0.135697;0.135697;0.0282822;0.0688748;0.00948273;0.161541;0.161541;0.521127;0.0010144;0.747251;0.931183;
83500;0.014;0.090273;0.473161;0.00741209;0.143174;0.143174;0.0281434;0.0675623;0.00965538;0.170426;0.170426;0.628571;0.00263692;0.63121;0.927269;
84000;0.012;0.0878039;0.474538;0.00722728;0.147436;0.147436;0.0288359;0.0670642;0.00942913;0.173373;0.173373;0.6;0.00182186;0.652097;0.922502;
84500;0.011;0.0883661;0.475476;0.00701327;0.142981;0.142981;0.0275774;0.0661153;0.00947675;0.170893;0.170893;0.618182;0.00182002;0.758024;0.923903;
85000;0.0104;0.0883902;0.482081;0.00695099;0.140979;0.140979;0.0255984;0.0679087;0.00948409;0.16973;0.16973;0.846154;0.00121261;0.691796;0.92646;
85500;0.0128;0.0899634;0.480221;0.00737692;0.144708;0.144708;0.0266373;0.0668881;0.00954357;0.172008;0.172008;0.625;0.00202593;0.619595;0.925384;
86000;0.0116;0.0909996;0.476989;0.00704087;0.137733;0.137733;0.0265173;0.0666757;0.00913734;0.166103;0.166103;0.637931;0.00242817;0.558493;0.930925;
86500;0.0166;0.0897425;0.479518;0.00759353;0.14744;0.14744;0.0270223;0.0673519;0.0094478;0.166354;0.166354;0.590361;0.00203376;0.664966;0.926177;
87000;0.0124;0.0911091;0.480648;0.00792579;0.147295;0.147295;0.0270576;0.0664394;0.00934476;0.165454;0.165454;0.629032;0.00121507;0.593177;0.925748;
87500;0.0164;0.0908364;0.476007;0.00790941;0.147845;0.147845;0.0273453;0.0656811;0.00900853;0.163222;0.163222;0.426829;0.00162668;0.649305;0.926372;
88000;0.0134;0.0913487;0.475505;0.00846169;0.15183;0.15183;0.0272579;0.06611;0.00884265;0.161157;0.161157;0.716418;0.00283803;0.653691;0.924987;
88500;0.0154;0.0910208;0.475571;0.00885802;0.158997;0.158997;0.0262064;0.0652015;0.00915904;0.165094;0.165094;0.38961;0.00325005;0.612415;0.920252;
89000;0.0144;0.0905458;0.473672;0.00885779;0.159875;0.159875;0.0275795;0.0651381;0.00913958;0.166892;0.166892;0.638889;0.00162338;0.639164;0.918911;
89500;0.0176;0.0912816;0.47648;0.00898521;0.159826;0.159826;0.0278688;0.0650862;0.00889404;0.165238;0.165238;0.420455;0.00203583;0.613573;0.920446;
90000;0.0136;0.0913834;0.477543;0.00942225;0.162082;0.162082;0.0274454;0.0645308;0.00935046;0.1616;0.1616;0.367647;0.00202758;0.643782;0.917752;
90500;0.016;0.0891597;0.48218;0.00926411;0.166615;0.166615;0.0254843;0.0656148;0.00883605;0.164476;0.164476;0.6875;0.00203252;0.642923;0.916747;
91000;0.0122;0.0896793;0.484691;0.00993939;0.173096;0.173096;0.0268884;0.0650489;0.00890069;0.162828;0.162828;0.57377;0.00141729;0.634449;0.911119;
91500;0.0146;0.0894361;0.480733;0.00987776;0.168668;0.168668;0.0251791;0.0657182;0.00883;0.157935;0.157935;0.506849;0.0022326;0.652427;0.915794;
92000;0.0144;0.0899322;0.481197;0.010554;0.173507;0.173507;0.0248882;0.0646873;0.00916987;0.155659;0.155659;0.458333;0.00202922;0.633078;0.913378;
92500;0.014;0.0871247;0.479696;0.0107054;0.184544;0.184544;0.0235539;0.0631593;0.00908296;0.16373;0.16373;0.571429;0.00223124;0.576749;0.905554;
93000;0.0136;0.0861245;0.477379;0.0106945;0.183698;0.183698;0.0247737;0.0634237;0.00920097;0.163251;0.163251;0.470588;0.00202758;0.639591;0.904708;
93500;0.013;0.0864981;0.475744;0.0107683;0.186661;0.186661;0.0254529;0.0640868;0.00892591;0.162101;0.162101;0.538462;0.00202634;0.641731;0.903201;
94000;0.012;0.0878561;0.473039;0.010949;0.183025;0.183025;0.0261735;0.0636545;0.00912941;0.160731;0.160731;0.716667;0.00222672;0.660097;0.905951;
94500;0.0156;0.0873842;0.474277;0.0107331;0.181281;0.181281;0.0260287;0.0643444;0.00918384;0.162586;0.162586;0.410256;0.00243803;0.587351;0.90794;
95000;0.0162;0.0879813;0.474057;0.0103553;0.174815;0.174815;0.0258576;0.0636922;0.00858095;0.156178;0.156178;0.407407;0.00223623;0.713158;0.91167;
95500;0.016;0.0870683;0.471273;0.0112819;0.192837;0.192837;0.02596;0.0633412;0.00896901;0.166207;0.166207;0.5125;0.00142276;0.59081;0.900335;
96000;0.0138;0.0868829;0.470589;0.0113108;0.189397;0.189397;0.0244517;0.0650038;0.0092229;0.16395;0.16395;0.536232;0.00182519;0.570836;0.902471;
96500;0.0148;0.0873331;0.474737;0.0115055;0.1931;0.1931;0.0256618;0.0651715;0.00921563;0.165932;0.165932;0.554054;0.00243605;0.636218;0.899494;
97000;0.0174;0.0891213;0.48104;0.0119404;0.194289;0.194289;0.0267534;0.0667786;0.00853445;0.159775;0.159775;0.413793;0.00223896;0.541284;0.902348;
97500;0.0152;0.0890873;0.484761;0.0121408;0.19259;0.19259;0.024678;0.0667845;0.00844931;0.151568;0.151568;0.513158;0.00203087;0.644386;0.903037;
98000;0.0148;0.0888395;0.488338;0.0127518;0.203111;0.203111;0.0258006;0.0656093;0.00870093;0.155869;0.155869;0.5;0.00223305;0.662858;0.894717;
98500;0.014;0.0890199;0.492248;0.0124119;0.197442;0.197442;0.0246587;0.06507;0.00879504;0.159102;0.159102;0.642857;0.0010142;0.669007;0.897881;
99000;0.016;0.08956;0.49367;0.0124873;0.197685;0.197685;0.0263944;0.0657441;0.00887163;0.157906;0.157906;0.45;0.00264228;0.630874;0.898683;
99500;0.0172;0.087225;0.492372;0.0127286;0.208229;0.208229;0.0262158;0.0656563;0.00900099;0.164557;0.164557;0.453488;0.001221;0.540915;0.892224;
100000;0.0134;0.0876654;0.497697;0.0124397;0.206115;0.206115;0.0287743;0.0659108;0.0090656;0.167521;0.167521;0.597015;0.00182445;0.525422;0.891717;
100500;0.019;0.088252;0.504391;0.0127675;0.208955;0.208955;0.0285184;0.0652108;0.00873127;0.165192;0.165192;0.242105;0.00183486;0.505565;0.89188;
101000;0.016;0.0874288;0.5041;0.0127478;0.210797;0.210797;0.027144;0.0651468;0.00818154;0.162662;0.162662;0.4375;0.00142276;0.557463;0.889995;
101500;0.017;0.0870783;0.508623;0.0130312;0.210649;0.210649;0.0264801;0.0640961;0.00839331;0.160692;0.160692;0.282353;0.00183113;0.615364;0.889368;
102000;0.0196;0.0870847;0.512355;0.0129031;0.212368;0.212368;0.026447;0.0648961;0.00828187;0.163436;0.163436;0.346939;0.00101999;0.550786;0.889742;
102500;0.0146;0.0868967;0.514394;0.013266;0.21351;0.21351;0.026607;0.0635466;0.00830367;0.158645;0.158645;0.273973;0.00304445;0.528784;0.888726;
103000;0.0164;0.0870842;0.513157;0.0136017;0.217591;0.217591;0.0267091;0.0636488;0.00830072;0.162267;0.162267;0.402439;0.00162668;0.597668;0.884778;
103500;0.019;0.0868431;0.511705;0.013522;0.221929;0.221929;0.0272738;0.0641533;0.00833744;0.166889;0.166889;0.368421;0.00285423;0.530797;0.882975;
104000;0.0234;0.0867382;0.514283;0.0132219;0.218384;0.218384;0.0253576;0.0651555;0.00851647;0.168832;0.168832;0.290598;0.00245751;0.574528;0.885836;
104500;0.019;0.0871025;0.513405;0.0131562;0.211827;0.211827;0.0248828;0.0657069;0.00846692;0.163224;0.163224;0.452632;0.00265036;0.550839;0.89132;
105000;0.0148;0.086365;0.516147;0.0137335;0.221271;0.221271;0.0256189;0.0656968;0.0083379;0.159196;0.159196;0.621622;0.00182704;0.552437;0.883777;
105500;0.0142;0.0859485;0.51979;0.0146344;0.234506;0.234506;0.0256516;0.0647666;0.00850243;0.165163;0.165163;0.71831;0.00263745;0.490496;0.874524;
106000;0.0166;0.0870216;0.523361;0.0142204;0.228159;0.228159;0.0267993;0.0644877;0.00862028;0.166794;0.166794;0.542169;0.00325402;0.49186;0.879245;
106500;0.0142;0.0867906;0.528749;0.014164;0.223224;0.223224;0.0256036;0.0635244;0.00855327;0.160618;0.160618;0.43662;0.00223169;0.533644;0.881885;
107000;0.0136;0.0887724;0.532615;0.014042;0.218413;0.218413;0.0266719;0.0607782;0.00845253;0.157334;0.157334;0.529412;0.00223033;0.557345;0.885582;
107500;0.0136;0.0895718;0.533575;0.0133379;0.210337;0.210337;0.0260311;0.0595501;0.00854196;0.155905;0.155905;0.485294;0.00202758;0.655439;0.889667;
108000;0.0172;0.0862046;0.539138;0.0132006;0.213108;0.213108;0.0235812;0.0583069;0.00857588;0.163427;0.163427;0.406977;0.001221;0.518599;0.889514;
108500;0.0178;0.0878439;0.538323;0.0130345;0.208836;0.208836;0.0244774;0.057509;0.00892183;0.165271;0.165271;0.438202;0.00122175;0.519209;0.892482;
109000;0.0144;0.0891233;0.535674;0.0125233;0.199099;0.199099;0.0237332;0.0571149;0.00847839;0.155947;0.155947;0.569444;0.00324675;0.555541;0.899472;
109500;0.015;0.0905787;0.532432;0.0124586;0.194289;0.194289;0.0235393;0.0587976;0.00845972;0.150393;0.150393;0.48;0.00142132;0.609294;0.902543;
110000;0.0142;0.0908662;0.534039;0.0127052;0.197029;0.197029;0.0234582;0.0584446;0.00820844;0.149604;0.149604;0.704225;0.00182593;0.628643;0.901299;
110500;0.0164;0.0915209;0.530601;0.0130825;0.200058;0.200058;0.0245747;0.0589915;0.00809872;0.153123;0.153123;0.353659;0.00122001;0.582456;0.898953;
111000;0.0154;0.0932549;0.533486;0.0136852;0.201355;0.201355;0.0244531;0.0593674;0.00765234;0.14508;0.14508;0.532468;0.00203128;0.561888;0.900577;
111500;0.0132;0.092412;0.536898;0.0139122;0.207375;0.207375;0.0245111;0.0587433;0.0079676;0.146529;0.146529;0.439394;0.00141873;0.554396;0.895009;
112000;0.0138;0.0917018;0.538905;0.0141927;0.207456;0.207456;0.0224701;0.0587413;0.00752033;0.140122;0.140122;0.449275;0.00101399;0.637143;0.895444;
112500;0.0176;0.0899661;0.535794;0.0141277;0.215066;0.215066;0.0218957;0.0583744;0.00744875;0.148699;0.148699;0.352273;0.00183225;0.629929;0.889629;
113000;0.0202;0.089888;0.538245;0.0140524;0.212668;0.212668;0.021456;0.0583968;0.00759972;0.150283;0.150283;0.346535;0.00183711;0.539753;0.89381;
113500;0.0176;0.0888794;0.540458;0.0139625;0.215235;0.215235;0.0217952;0.0587793;0.00810077;0.153989;0.153989;0.375;0.00101792;0.506309;0.890491;
114000;0.018;0.0881131;0.540713;0.0134236;0.210147;0.210147;0.0215521;0.0580509;0.00788013;0.153102;0.153102;0.444444;0.001222;0.648231;0.892329;
114500;0.0198;0.0887137;0.541586;0.0126992;0.201674;0.201674;0.0215691;0.0572911;0.00787368;0.1518;0.1518;0.383838;0.00265252;0.637559;0.898762;
115000;0.0104;0.0882138;0.543041;0.0127811;0.198706;0.198706;0.0227342;0.055846;0.00815202;0.1446;0.1446;0.596154;0.00181892;0.609142;0.899422;
115500;0.0164;0.0880474;0.551328;0.013006;0.203094;0.203094;0.0197596;0.0526385;0.00829639;0.149327;0.149327;0.439024;0.00244002;0.626128;0.8977;
116000;0.013;0.0891934;0.548538;0.0129283;0.198618;0.198618;0.0192165;0.0536997;0.00802373;0.146286;0.146286;0.630769;0.00283688;0.601952;0.900956;
116500;0.017;0.0889907;0.552744;0.012613;0.198511;0.198511;0.0194226;0.0509541;0.00812869;0.150058;0.150058;0.494118;0.00203459;0.628707;0.90027;
117000;0.0174;0.0887466;0.555992;0.0131274;0.205189;0.205189;0.0197348;0.0498703;0.00814379;0.151273;0.151273;0.402299;0.00203542;0.53359;0.897637;
117500;0.0164;0.088366;0.554758;0.0135872;0.213365;0.213365;0.0199319;0.0499466;0.00801593;0.155071;0.155071;0.512195;0.00223668;0.494064;0.892212;
118000;0.0188;0.0892979;0.559065;0.0142632;0.215331;0.215331;0.0204932;0.0479768;0.00792669;0.1497;0.1497;0.425532;0.00101916;0.519238;0.892283;
118500;0.0166;0.0888496;0.562681;0.0143844;0.215533;0.215533;0.0204658;0.0482522;0.0077518;0.147832;0.147832;0.325301;0.00264389;0.506549;0.891484;
119000;0.0182;0.0892768;0.561957;0.0144885;0.219434;0.219434;0.0211373;0.0478673;0.00794752;0.154799;0.154799;0.362637;0.00325932;0.523186;0.888059;
119500;0.0132;0.0892474;0.565325;0.0144389;0.216899;0.216899;0.0205764;0.0459098;0.00776606;0.146451;0.146451;0.621212;0.0024321;0.591333;0.888881;
120000;0.0196;0.0878193;0.565496;0.0143548;0.222367;0.222367;0.020177;0.0454295;0.00742576;0.156229;0.156229;0.326531;0.00224398;0.458617;0.887297;
120500;0.0176;0.0885722;0.568158;0.0147698;0.22417;0.22417;0.0209888;0.0436495;0.00736424;0.151244;0.151244;0.340909;0.00203583;0.576371;0.884221;
121000;0.016;0.0891068;0.569604;0.0152941;0.229344;0.229344;0.022467;0.0436462;0.00721636;0.149855;0.149855;0.4;0.00264228;0.486443;0.881794;
121500;0.0166;0.0898455;0.568471;0.015566;0.233684;0.233684;0.0226973;0.0440997;0.00731044;0.153902;0.153902;0.349398;0.00366077;0.502384;0.87841;
122000;0.0154;0.087939;0.568076;0.0157338;0.237007;0.237007;0.0212012;0.0443418;0.00701595;0.146489;0.146489;0.649351;0.00264067;0.542415;0.876767;
122500;0.0182;0.0866073;0.569649;0.0159183;0.245139;0.245139;0.0212303;0.044326;0.00727115;0.158122;0.158122;0.230769;0.00122224;0.449089;0.870013;
123000;0.0206;0.0849433;0.568185;0.0159971;0.25063;0.25063;0.0217016;0.0452686;0.00689285;0.158513;0.158513;0.378641;0.00183786;0.52026;0.865904;
123500;0.016;0.0850449;0.572764;0.0158019;0.244143;0.244143;0.0200001;0.0440047;0.00692623;0.151619;0.151619;0.3375;0.00142276;0.419358;0.871536;
124000;0.0172;0.0832381;0.573403;0.0163392;0.256948;0.256948;0.0209205;0.0457681;0.00671382;0.154779;0.154779;0.337209;0.002035;0.421369;0.862165;
124500;0.0148;0.083309;0.573321;0.015837;0.25435;0.25435;0.021648;0.0480769;0.00705706;0.156858;0.156858;0.5;0.00121803;0.475202;0.861808;
125000;0.0168;0.0845833;0.570241;0.0161361;0.250621;0.250621;0.0217309;0.0516923;0.00728854;0.157027;0.157027;0.345238;0.00142392;0.487595;0.864936;
125500;0.018;0.0845282;0.571037;0.0159293;0.24701;0.24701;0.0210202;0.0511896;0.00758928;0.153613;0.153613;0.377778;0.00101833;0.512534;0.86848;
126000;0.0186;0.0857737;0.570704;0.0158803;0.245726;0.245726;0.021217;0.0513352;0.00700374;0.153307;0.153307;0.408602;0.00183411;0.526353;0.86965;
126500;0.0194;0.0851213;0.573364;0.0160502;0.246594;0.246594;0.0211028;0.0511064;0.00728157;0.151281;0.151281;0.340206;0.00183561;0.531405;0.869681;
127000;0.0188;0.0848337;0.574885;0.0161464;0.251473;0.251473;0.0208228;0.0485545;0.00672742;0.152925;0.152925;0.319149;0.00326131;0.49434;0.866038;
127500;0.0244;0.083233;0.576996;0.0163554;0.261212;0.261212;0.0218766;0.0471164;0.00687808;0.160049;0.160049;0.270492;0.00205002;0.508483;0.85909;
128000;0.016;0.0833794;0.577915;0.0164407;0.25929;0.25929;0.0224381;0.0450715;0.00696372;0.155063;0.155063;0.4125;0.00223577;0.453403;0.859547;
128500;0.019;0.0832583;0.579337;0.0166917;0.261698;0.261698;0.0214778;0.0444151;0.00652297;0.156721;0.156721;0.336842;0.00101937;0.46336;0.857916;
129000;0.0158;0.0823914;0.580577;0.0164567;0.262604;0.262604;0.0226089;0.0433578;0.00711002;0.159045;0.159045;0.316456;0.00223532;0.519841;0.854552;
129500;0.0186;0.0824612;0.582542;0.0163165;0.26383;0.26383;0.0237111;0.0423013;0.00682905;0.1642;0.1642;0.365591;0.00285307;0.461083;0.855166;
130000;0.0202;0.0836714;0.586293;0.0163995;0.260672;0.260672;0.0238221;0.0406469;0.00716209;0.162692;0.162692;0.227723;0.00204123;0.500662;0.857166;
130500;0.0194;0.0825786;0.586076;0.0163985;0.261959;0.261959;0.0225736;0.0394636;0.00677463;0.157982;0.157982;0.381443;0.00244748;0.537127;0.856865;
131000;0.0212;0.0820413;0.582597;0.0167344;0.266773;0.266773;0.023177;0.0426128;0.00731819;0.158886;0.158886;0.301887;0.00122599;0.529233;0.852949;
131500;0.0194;0.0808017;0.581836;0.0173468;0.280698;0.280698;0.023785;0.0452058;0.00689847;0.161963;0.161963;0.42268;0.0014277;0.471123;0.842472;
132000;0.0182;0.0803766;0.584196;0.0176936;0.284243;0.284243;0.0223707;0.0450263;0.00669052;0.160456;0.160456;0.351648;0.00081483;0.402234;0.840454;
132500;0.0174;0.0800209;0.584837;0.0180703;0.290895;0.290895;0.0231057;0.0442844;0.00654727;0.158152;0.158152;0.367816;0.00223896;0.417514;0.835516;
133000;0.0172;0.07991;0.588108;0.0180701;0.292066;0.292066;0.023565;0.0420424;0.00647988;0.155877;0.155877;0.430233;0.002442;0.491554;0.833874;
133500;0.0206;0.0799744;0.589056;0.0180663;0.295715;0.295715;0.0248435;0.0422897;0.00621679;0.161524;0.161524;0.320388;0.00183786;0.406586;0.832342;
134000;0.0192;0.0810022;0.590868;0.0179402;0.28769;0.28769;0.0242031;0.0410669;0.00594521;0.15565;0.15565;0.447917;0.0026509;0.490991;0.83842;
134500;0.018;0.0804195;0.591836;0.0179806;0.286859;0.286859;0.0232706;0.038736;0.00611084;0.155386;0.155386;0.222222;0.00101833;0.467901;0.837714;
135000;0.0234;0.07879;0.594222;0.018085;0.294611;0.294611;0.0217916;0.0389802;0.0063588;0.158103;0.158103;0.230769;0.00143354;0.437082;0.834265;
135500;0.0186;0.0788093;0.594981;0.0181789;0.296445;0.296445;0.0224096;0.0385219;0.00622894;0.157576;0.157576;0.387097;0.00203791;0.423254;0.831334;
136000;0.0184;0.0781983;0.596177;0.0185422;0.302629;0.302629;0.0216311;0.0410655;0.00598897;0.157254;0.157254;0.326087;0.00162999;0.404301;0.826704;
136500;0.0188;0.078096;0.596576;0.0183533;0.302041;0.302041;0.0217354;0.0418982;0.0058586;0.16052;0.16052;0.361702;0.00203832;0.377025;0.827468;
137000;0.019;0.0778102;0.602057;0.0185295;0.305332;0.305332;0.0217391;0.0411299;0.00567565;0.157131;0.157131;0.294737;0.00142712;0.469255;0.823267;
137500;0.0204;0.0779218;0.601403;0.0181875;0.300909;0.300909;0.0221964;0.0398797;0.00598448;0.160935;0.160935;0.343137;0.00306247;0.397241;0.828863;
138000;0.02;0.0789841;0.60351;0.0181169;0.297089;0.297089;0.0225834;0.0430229;0.00576523;0.156914;0.156914;0.37;0.00244898;0.460895;0.831218;
138500;0.018;0.0780289;0.601264;0.0182663;0.301562;0.301562;0.0222501;0.0428444;0.00573286;0.158533;0.158533;0.388889;0.000814664;0.378707;0.82753;
139000;0.0196;0.0792261;0.603323;0.0182744;0.298425;0.298425;0.0221936;0.0439381;0.00553919;0.155512;0.155512;0.346939;0.00285598;0.493951;0.829548;
139500;0.0194;0.0776152;0.60374;0.0181377;0.296222;0.296222;0.0218257;0.0444461;0.00582469;0.152504;0.152504;0.412371;0.0014277;0.420101;0.833328;
140000;0.0212;0.0763838;0.603127;0.0186557;0.315373;0.315373;0.0213849;0.0453375;0.00591565;0.162765;0.162765;0.301887;0.00224765;0.421386;0.816008;
140500;0.0208;0.0757975;0.604615;0.0185043;0.311048;0.311048;0.0210224;0.0476022;0.00584611;0.156937;0.156937;0.355769;0.00204248;0.460057;0.819656;
141000;0.0184;0.0752232;0.607615;0.01864;0.314545;0.314545;0.0213147;0.0493005;0.00657941;0.164061;0.164061;0.271739;0.00346373;0.41898;0.815232;
141500;0.0206;0.0752899;0.606127;0.0184285;0.313947;0.313947;0.0208535;0.0500358;0.00586827;0.162488;0.162488;0.271845;0.00142945;0.397867;0.817002;
142000;0.0196;0.0747157;0.608534;0.0184533;0.317043;0.317043;0.0207246;0.0523267;0.00590806;0.163766;0.163766;0.397959;0.00203998;0.407309;0.81416;
142500;0.0172;0.0746674;0.609617;0.0187682;0.316153;0.316153;0.0208932;0.0528674;0.00596274;0.154596;0.154596;0.348837;0.0014245;0.396312;0.815403;
143000;0.0196;0.0757582;0.611526;0.0186481;0.314931;0.314931;0.0208078;0.0494662;0.00553165;0.158337;0.158337;0.367347;0.00203998;0.411175;0.817188;
143500;0.0232;0.0753187;0.611436;0.0187738;0.319141;0.319141;0.0202863;0.0519723;0.00523468;0.161886;0.161886;0.146552;0.0012285;0.363003;0.814429;
144000;0.0202;0.0757937;0.615286;0.0188938;0.315142;0.315142;0.0205999;0.0522228;0.00518013;0.15571;0.15571;0.29703;0.00163299;0.376653;0.817898;
144500;0.0184;0.0764043;0.615548;0.0187835;0.314884;0.314884;0.0210473;0.0520539;0.00524554;0.160018;0.160018;0.423913;0.00162999;0.375872;0.816774;
145000;0.0216;0.0767844;0.614987;0.0189912;0.31534;0.31534;0.0202915;0.0512889;0.00543131;0.158686;0.158686;0.37037;0.0026574;0.401865;0.817497;
145500;0.021;0.0767708;0.611033;0.0192029;0.318039;0.318039;0.0210119;0.0519812;0.00544347;0.160281;0.160281;0.285714;0.0020429;0.345872;0.815864;
146000;0.02;0.0763354;0.614077;0.0187821;0.311614;0.311614;0.0208938;0.0522539;0.00512325;0.156105;0.156105;0.31;0.00204082;0.439183;0.819318;
146500;0.0218;0.0765663;0.615671;0.0188898;0.315964;0.315964;0.0207223;0.0531687;0.00544172;0.161603;0.161603;0.311927;0.00184011;0.444244;0.815267;
147000;0.021;0.0767472;0.619224;0.0186451;0.309397;0.309397;0.0215712;0.0530377;0.00580547;0.157338;0.157338;0.238095;0.00265577;0.412396;0.821851;
147500;0.0172;0.076818;0.616886;0.0185192;0.308515;0.308515;0.0213079;0.0541712;0.00563217;0.157808;0.157808;0.372093;0.0022385;0.442879;0.82053;
148000;0.0184;0.0769327;0.619501;0.0181571;0.301399;0.301399;0.0210822;0.0552677;0.00623073;0.156628;0.156628;0.26087;0.00183374;0.444288;0.826522;
148500;0.0192;0.0775805;0.619012;0.0185324;0.303864;0.303864;0.0212552;0.0539087;0.00578252;0.155792;0.155792;0.302083;0.00163132;0.413611;0.826289;
149000;0.0182;0.0760663;0.619427;0.0185351;0.309935;0.309935;0.0212236;0.0548067;0.00614749;0.158653;0.158653;0.307692;0.00142595;0.459089;0.819068;
149500;0.0226;0.0755719;0.619705;0.0188325;0.317054;0.317054;0.0219366;0.0545661;0.00551849;0.160351;0.160351;0.238938;0.001637;0.393491;0.81584;
150000;0.0226;0.0743221;0.623514;0.0189579;0.324429;0.324429;0.0216327;0.0566912;0.00518875;0.158443;0.158443;0.20354;0.00184162;0.409546;0.809644;
150500;0.0188;0.0730257;0.622302;0.0191634;0.333219;0.333219;0.0211905;0.0557978;0.00553787;0.160271;0.160271;0.361702;0.00305748;0.409573;0.800305;
151000;0.0196;0.0732147;0.6235;0.019066;0.330679;0.330679;0.0210216;0.0571058;0.00498061;0.161762;0.161762;0.295918;0.00387597;0.386241;0.80333;
151500;0.02;0.0733196;0.623577;0.0188819;0.328387;0.328387;0.0210974;0.0569588;0.00522643;0.16119;0.16119;0.35;0.00204082;0.372698;0.805393;
152000;0.0194;0.0732682;0.623691;0.0192709;0.335593;0.335593;0.0204724;0.054989;0.00482455;0.161777;0.161777;0.340206;0.00203957;0.291537;0.800206;
152500;0.0216;0.0725609;0.622323;0.0192487;0.333851;0.333851;0.0200659;0.0527678;0.00461818;0.158724;0.158724;0.296296;0.00204415;0.348647;0.802128;
153000;0.0178;0.0733497;0.62445;0.0193525;0.330702;0.330702;0.0196797;0.0558527;0.00500656;0.15504;0.15504;0.460674;0.00122175;0.353506;0.804526;
153500;0.0204;0.0736098;0.623467;0.0194017;0.329331;0.329331;0.0197283;0.0545576;0.00504124;0.153667;0.153667;0.284314;0.00204165;0.40583;0.805694;
154000;0.0244;0.0737572;0.62657;0.0195896;0.333782;0.333782;0.0201894;0.0564313;0.00497706;0.159348;0.159348;0.213115;0.00164002;0.376946;0.802812;
154500;0.021;0.0746808;0.628356;0.0192963;0.325403;0.325403;0.019659;0.0569067;0.00544248;0.157603;0.157603;0.285714;0.0020429;0.376245;0.809296;
155000;0.0224;0.0745731;0.624004;0.0193692;0.326965;0.326965;0.0199096;0.057746;0.00550213;0.155688;0.155688;0.276786;0.00143208;0.405543;0.80817;
155500;0.0236;0.0739417;0.625214;0.0194071;0.331596;0.331596;0.019701;0.0604145;0.00533093;0.15987;0.15987;0.254237;0.00163867;0.378516;0.804507;
156000;0.0242;0.0730552;0.625768;0.0192724;0.333746;0.333746;0.0196134;0.0594059;0.00516962;0.163306;0.163306;0.239669;0.00266448;0.371492;0.802053;
156500;0.023;0.0736432;0.622875;0.0195186;0.333288;0.333288;0.0194181;0.0570603;0.00477253;0.159863;0.159863;0.243478;0.00204708;0.347875;0.80329;
157000;0.0186;0.0737;0.624868;0.0196519;0.337632;0.337632;0.0198354;0.0569263;0.0045163;0.159229;0.159229;0.376344;0.00305686;0.351071;0.798167;
157500;0.0228;0.0748811;0.627481;0.0197606;0.333106;0.333106;0.0195101;0.0569076;0.00461073;0.157517;0.157517;0.333333;0.001842;0.380413;0.803894;
158000;0.02;0.0751305;0.628287;0.0200061;0.332766;0.332766;0.0195071;0.0593789;0.00454762;0.154477;0.154477;0.29;0.00285714;0.311724;0.804493;
158500;0.0184;0.0753662;0.631834;0.0197908;0.328261;0.328261;0.0193239;0.0602317;0.00417282;0.150219;0.150219;0.402174;0.00203749;0.399898;0.807162;
159000;0.0218;0.0753419;0.638271;0.0196663;0.33017;0.33017;0.0191612;0.0600877;0.00448271;0.153774;0.153774;0.275229;0.0014312;0.349178;0.806563;
159500;0.019;0.0752352;0.640369;0.020031;0.333141;0.333141;0.0197108;0.0590411;0.00497039;0.155608;0.155608;0.263158;0.00163099;0.384021;0.801898;
160000;0.0232;0.0751953;0.641623;0.0199224;0.332184;0.332184;0.0203556;0.0586966;0.0043102;0.153518;0.153518;0.310345;0.00348075;0.385573;0.805379;
160500;0.0214;0.0747178;0.641745;0.0197564;0.3322;0.3322;0.0204991;0.0606099;0.00425355;0.15333;0.15333;0.214953;0.00204374;0.387323;0.803868;
161000;0.0192;0.0758334;0.642684;0.0197303;0.324164;0.324164;0.01957;0.0618387;0.00444314;0.149889;0.149889;0.270833;0.00244698;0.434535;0.809906;
161500;0.0212;0.0771966;0.641321;0.0198774;0.323816;0.323816;0.0190588;0.0609019;0.00497216;0.154385;0.154385;0.254717;0.00143032;0.346952;0.811954;
162000;0.0204;0.0778997;0.646848;0.0202289;0.325794;0.325794;0.0191395;0.0635017;0.00546414;0.154913;0.154913;0.372549;0.00285831;0.356496;0.810551;
162500;0.0202;0.0765923;0.642079;0.0204317;0.326495;0.326495;0.0188761;0.0621498;0.00487163;0.144803;0.144803;0.29703;0.00142886;0.456763;0.808909;
163000;0.0214;0.0762198;0.642572;0.0202979;0.332371;0.332371;0.0196369;0.0628845;0.00509644;0.157789;0.157789;0.214953;0.00143062;0.290198;0.8054;
163500;0.0202;0.075769;0.640344;0.0202864;0.336673;0.336673;0.0197377;0.0636106;0.00442427;0.15495;0.15495;0.287129;0.00224536;0.401705;0.799417;
164000;0.0224;0.075399;0.643954;0.0201296;0.335697;0.335697;0.0199563;0.0625557;0.00433639;0.156436;0.156436;0.294643;0.00184124;0.365096;0.801537;
164500;0.0206;0.0750871;0.6406;0.020277;0.333839;0.333839;0.0192168;0.0633719;0.00416139;0.149657;0.149657;0.271845;0.00204207;0.397003;0.802949;
165000;0.025;0.0755964;0.640751;0.0204872;0.338785;0.338785;0.0197291;0.0635132;0.00417844;0.154163;0.154163;0.256;0.00328205;0.37781;0.800635;
165500;0.0182;0.0759485;0.639401;0.0204634;0.33386;0.33386;0.0195791;0.0651317;0.00442987;0.15184;0.15184;0.373626;0.00224078;0.40034;0.801787;
166000;0.0188;0.0761425;0.642854;0.0203114;0.332858;0.332858;0.0192549;0.0655316;0.0045907;0.152959;0.152959;0.340426;0.00346514;0.36313;0.803756;
166500;0.0194;0.0775952;0.63886;0.0203425;0.324739;0.324739;0.0191635;0.0648335;0.00454679;0.149762;0.149762;0.28866;0.00061187;0.385536;0.810446;
167000;0.0178;0.0755585;0.643358;0.0200402;0.327996;0.327996;0.0189868;0.0664524;0.00468361;0.149699;0.149699;0.370787;0.00223987;0.37712;0.807366;
167500;0.0234;0.0754283;0.644435;0.0198654;0.32949;0.32949;0.0188733;0.0657106;0.00499847;0.153546;0.153546;0.282051;0.00245751;0.491;0.805099;
168000;0.0216;0.0739988;0.642862;0.0197588;0.331691;0.331691;0.0187261;0.0629178;0.00494662;0.153092;0.153092;0.333333;0.00204415;0.347512;0.805578;
168500;0.021;0.0736141;0.64707;0.0195085;0.331381;0.331381;0.0181152;0.065787;0.00511294;0.158019;0.158019;0.257143;0.00265577;0.356951;0.804454;
169000;0.0208;0.0738255;0.64324;0.0197641;0.33147;0.33147;0.0180815;0.0638024;0.00461591;0.152486;0.152486;0.288462;0.00265523;0.418478;0.804079;
169500;0.0218;0.0735687;0.647509;0.0200599;0.336409;0.336409;0.0180851;0.0651183;0.00439695;0.151418;0.151418;0.357798;0.00204457;0.334757;0.802826;
170000;0.0184;0.0749997;0.651273;0.0201219;0.334317;0.334317;0.0183748;0.0667179;0.00454918;0.151369;0.151369;0.315217;0.00101874;0.363184;0.802096;
170500;0.0222;0.0740366;0.654236;0.0199141;0.330426;0.330426;0.0184476;0.0671994;0.00518337;0.149202;0.149202;0.333333;0.00184087;0.434754;0.805879;
171000;0.022;0.0752034;0.65881;0.0198928;0.325872;0.325872;0.0180448;0.0672113;0.00515639;0.149987;0.149987;0.236364;0.00204499;0.344526;0.811612;
171500;0.0214;0.0742593;0.657189;0.0198302;0.331663;0.331663;0.0181043;0.0677263;0.0044201;0.151155;0.151155;0.411215;0.000817494;0.332986;0.806306;
172000;0.024;0.0740446;0.657617;0.0198948;0.331344;0.331344;0.0183978;0.0688497;0.00428569;0.149432;0.149432;0.216667;0.00204918;0.363722;0.807468;
172500;0.0208;0.0742328;0.660537;0.0197653;0.328977;0.328977;0.0184491;0.0700309;0.00462444;0.148113;0.148113;0.230769;0.00122549;0.394973;0.807484;
173000;0.021;0.0744176;0.658278;0.0197809;0.328915;0.328915;0.0186634;0.0704783;0.00521452;0.152287;0.152287;0.27619;0.00245148;0.351713;0.807311;
173500;0.02;0.0742507;0.661824;0.0197317;0.326933;0.326933;0.0190223;0.0698191;0.00466427;0.144843;0.144843;0.3;0.00204082;0.480951;0.807738;
174000;0.0206;0.0737531;0.663465;0.0199703;0.335163;0.335163;0.0191909;0.0705414;0.00473551;0.150286;0.150286;0.320388;0.00122524;0.394645;0.801594;
174500;0.019;0.07385;0.66875;0.0200855;0.335154;0.335154;0.019187;0.0721055;0.00405294;0.146729;0.146729;0.357895;0.00142712;0.380347;0.801735;
175000;0.021;0.0736545;0.669199;0.0200932;0.336476;0.336476;0.0189482;0.070512;0.0043598;0.151525;0.151525;0.314286;0.00163432;0.393044;0.800542;
175500;0.022;0.0731965;0.676453;0.0200717;0.337984;0.337984;0.0189251;0.0710869;0.00409287;0.151393;0.151393;0.281818;0.00143149;0.360942;0.800228;
176000;0.0186;0.0731501;0.674089;0.0201572;0.338406;0.338406;0.018927;0.0718885;0.00381764;0.147457;0.147457;0.311828;0.00264928;0.359356;0.799167;
176500;0.0168;0.0732788;0.671379;0.0200589;0.337903;0.337903;0.0186159;0.0710942;0.0042222;0.149459;0.149459;0.392857;0.00183076;0.329346;0.799221;
177000;0.0236;0.0731735;0.670186;0.0200512;0.33982;0.33982;0.0186128;0.0692301;0.00407495;0.152007;0.152007;0.254237;0.00286768;0.347809;0.79966;
177500;0.0214;0.0735369;0.671699;0.0200662;0.338182;0.338182;0.0188896;0.0697993;0.00415399;0.153163;0.153163;0.299065;0.00204374;0.340083;0.800147;
178000;0.0222;0.0739085;0.676293;0.0201977;0.338495;0.338495;0.0193789;0.0699132;0.00473421;0.154817;0.154817;0.279279;0.00163633;0.422485;0.797847;
178500;0.0196;0.0734726;0.67443;0.020309;0.341784;0.341784;0.0193154;0.0686594;0.00411594;0.154017;0.154017;0.27551;0.00163199;0.295927;0.796823;
179000;0.0196;0.0738681;0.669795;0.0201209;0.338375;0.338375;0.019453;0.0679748;0.00447976;0.154781;0.154781;0.418367;0.00142799;0.343075;0.798931;
179500;0.0228;0.0750228;0.676532;0.020087;0.337409;0.337409;0.0196609;0.068583;0.00489661;0.157864;0.157864;0.289474;0.00225133;0.342738;0.80084;
180000;0.0222;0.0748067;0.676838;0.0199574;0.333392;0.333392;0.0196194;0.0696369;0.00467088;0.158072;0.158072;0.18018;0.00184087;0.298104;0.804411;
180500;0.0212;0.0744563;0.682102;0.0199915;0.33206;0.33206;0.0194137;0.0672322;0.00519322;0.15295;0.15295;0.216981;0.00286065;0.357643;0.804556;
181000;0.0258;0.0727024;0.682993;0.02022;0.343759;0.343759;0.0183193;0.0653647;0.00574205;0.158331;0.158331;0.209302;0.00225826;0.363003;0.795295;
181500;0.0204;0.0724089;0.682831;0.0201132;0.343315;0.343315;0.0194428;0.0659798;0.00516487;0.153441;0.153441;0.372549;0.00224581;0.456214;0.792904;
182000;0.022;0.0722682;0.68324;0.0198048;0.337099;0.337099;0.018499;0.0665241;0.00466258;0.14991;0.14991;0.218182;0.00224949;0.405442;0.800407;
182500;0.0208;0.0728482;0.682373;0.019976;0.339811;0.339811;0.0187632;0.0688319;0.00515922;0.154337;0.154337;0.317308;0.00142974;0.37298;0.797628;
183000;0.0268;0.0730276;0.689957;0.0201549;0.341005;0.341005;0.0188259;0.0694137;0.00486192;0.152798;0.152798;0.268657;0.00123305;0.367085;0.799724;
183500;0.0218;0.0723;0.693091;0.0198641;0.339738;0.339738;0.018582;0.0682601;0.00423322;0.154253;0.154253;0.302752;0.0028624;0.369642;0.798505;
184000;0.019;0.0714947;0.693837;0.0199809;0.343237;0.343237;0.0188252;0.0669445;0.00469476;0.152363;0.152363;0.431579;0.00224261;0.373292;0.794306;
184500;0.0252;0.0728239;0.693541;0.0200972;0.340878;0.340878;0.0201576;0.0664316;0.00491963;0.150868;0.150868;0.253968;0.00164136;0.388758;0.798656;
185000;0.0208;0.0735998;0.694038;0.0201173;0.336505;0.336505;0.0193995;0.0663289;0.0057054;0.152759;0.152759;0.307692;0.00102124;0.370594;0.80059;
185500;0.0214;0.0738738;0.696031;0.0199752;0.335162;0.335162;0.0202256;0.0681672;0.00589921;0.154309;0.154309;0.261682;0.00102187;0.348007;0.802201;
186000;0.0236;0.0725317;0.696657;0.019967;0.343305;0.343305;0.01954;0.0647505;0.00525788;0.156406;0.156406;0.262712;0.00245801;0.36929;0.795351;
186500;0.0236;0.0730564;0.693352;0.0194954;0.332359;0.332359;0.0195183;0.06611;0.00493225;0.155007;0.155007;0.245763;0.00204834;0.349974;0.805589;
187000;0.0202;0.0742836;0.692609;0.019861;0.329757;0.329757;0.0198589;0.0653925;0.00440051;0.147629;0.147629;0.277228;0.00244948;0.393815;0.806348;
187500;0.0198;0.0749764;0.693411;0.0199165;0.328625;0.328625;0.0194177;0.0640505;0.00417619;0.144991;0.144991;0.424242;0.00285656;0.402618;0.808125;
188000;0.0238;0.0739879;0.69556;0.0198541;0.333329;0.333329;0.0193864;0.0635084;0.00438455;0.153549;0.153549;0.252101;0.00143413;0.367441;0.804431;
188500;0.0188;0.0750316;0.698226;0.0199818;0.327116;0.327116;0.0193503;0.0623463;0.00433016;0.144064;0.144064;0.382979;0.00163066;0.405471;0.808906;
189000;0.0202;0.0756;0.703433;0.0199795;0.326242;0.326242;0.0192056;0.0630103;0.00472856;0.148876;0.148876;0.366337;0.00142886;0.364891;0.810457;
189500;0.0154;0.074987;0.707592;0.0197913;0.32738;0.32738;0.0189942;0.0629978;0.00464103;0.145738;0.145738;0.441558;0.00162503;0.344911;0.808154;
190000;0.0206;0.0751893;0.712015;0.0195065;0.322708;0.322708;0.018153;0.0627241;0.0049872;0.149819;0.149819;0.300971;0.00245048;0.357279;0.813175;
190500;0.0206;0.0759575;0.712067;0.0196631;0.322297;0.322297;0.0174567;0.0628745;0.00498624;0.151777;0.151777;0.339806;0.00265469;0.281662;0.814922;
191000;0.019;0.0762566;0.712184;0.0197852;0.319792;0.319792;0.0173735;0.0630291;0.00472574;0.145794;0.145794;0.421053;0.000815494;0.393073;0.815211;
191500;0.02;0.0758524;0.713914;0.0196789;0.319501;0.319501;0.0169841;0.0657665;0.00500918;0.150331;0.150331;0.36;0.00163265;0.361021;0.81609;
192000;0.0218;0.0761122;0.716793;0.0195683;0.315987;0.315987;0.0166304;0.0640636;0.00481359;0.142719;0.142719;0.275229;0.00204457;0.442782;0.819438;
192500;0.0206;0.0752475;0.713532;0.0196499;0.322247;0.322247;0.0163507;0.0635268;0.00493098;0.14708;0.14708;0.446602;0.00183786;0.331786;0.815347;
193000;0.0232;0.0753396;0.714986;0.0193055;0.314761;0.314761;0.0164735;0.0637201;0.00508248;0.142494;0.142494;0.275862;0.00143325;0.518705;0.818849;
193500;0.0186;0.0754499;0.712757;0.0194168;0.31599;0.31599;0.0175568;0.0621645;0.00513416;0.145057;0.145057;0.27957;0.00183411;0.426169;0.817571;
194000;0.02;0.076514;0.717182;0.0195716;0.315662;0.315662;0.0169595;0.0620676;0.00492487;0.145447;0.145447;0.31;0.0022449;0.434256;0.818667;
194500;0.02;0.0770138;0.721835;0.0194306;0.312634;0.312634;0.0165328;0.0627328;0.00486953;0.144889;0.144889;0.33;0.00163265;0.424134;0.821232;
195000;0.0174;0.0770741;0.719062;0.0193307;0.30563;0.30563;0.0156114;0.0637914;0.00505693;0.140194;0.140194;0.275862;0.00162833;0.401615;0.827216;
195500;0.0208;0.0773305;0.717918;0.019393;0.307386;0.307386;0.0163324;0.0634019;0.0049018;0.141786;0.141786;0.423077;0.00265523;0.435717;0.826652;
196000;0.0194;0.0776514;0.717801;0.0195739;0.309078;0.309078;0.0167694;0.0661022;0.00488838;0.141179;0.141179;0.381443;0.00265144;0.387248;0.82545;
196500;0.022;0.077737;0.720508;0.0194032;0.308728;0.308728;0.0161961;0.0663219;0.00485026;0.143052;0.143052;0.254545;0.00327198;0.411265;0.826025;
197000;0.0188;0.0767964;0.72053;0.0193761;0.309732;0.309732;0.0161142;0.0668261;0.00512954;0.143189;0.143189;0.297872;0.00183449;0.372857;0.824273;
197500;0.0206;0.0762761;0.719403;0.0192212;0.310911;0.310911;0.0162596;0.0656938;0.00502297;0.142949;0.142949;0.349515;0.00102103;0.399156;0.824051;
198000;0.02;0.0770472;0.71862;0.0192742;0.30553;0.30553;0.0161122;0.0646655;0.00577904;0.145559;0.145559;0.28;0.000408163;0.459638;0.826029;
198500;0.0164;0.0775673;0.723995;0.0193487;0.304334;0.304334;0.0160876;0.0617315;0.0050462;0.138974;0.138974;0.45122;0.00244002;0.404123;0.828627;
199000;0.0218;0.0766387;0.724295;0.0196436;0.314086;0.314086;0.0161973;0.0617017;0.00505226;0.147005;0.147005;0.229358;0.00224903;0.327864;0.822767;
199500;0.0208;0.0770313;0.722748;0.0196005;0.312993;0.312993;0.0156003;0.0628104;0.00512713;0.146435;0.146435;0.25;0.00245098;0.337013;0.822719;
200000;0.0182;0.0768077;0.722675;0.0196567;0.312255;0.312255;0.015503;0.0623438;0.00450386;0.140092;0.140092;0.362637;0.00305561;0.356396;0.823123;
