

seed;969532647;
Npop;5000;
mu_feedback;0.0005;
mu_stress_influx;0.0005;
mu_influx;0.0005;
mu_hstart;0.0005;
sP2NP_1;0.19;
sNP2P_1;0.01;
init_feedback;0.1;
init_stress_influx;0.4;
init_influx;0.05;
init_hstart;0.5;
cue_P;0;
cue_NP;0;
s0;0;
ad;0.5;
aP;1;
mort_background;0.002;
dmax;1;
zmax;1;
r;1;
u;1;
p_att;0.5;
NumGen;200000;
base_name;sim_stress_17_02_2020_152622_1;
generation;freq_P;mean_feedback;mean_stress_influx;mean_influx;mean_hormone;mean_damage;sd_feedback;sd_stress_influx;sd_influx;sd_hormone;sd_damage;prop_dead_P;prop_dead_NP;mean_fecundity_P;mean_fecundity_NP;
0;0.0394;0.1;0.4;0.05;0.50568;0.50568;-nan;-nan;-nan;0.0473259;0.0473259;0.370558;0.00166563;0.203093;0.292893;
500;0.0266;0.100008;0.39963;0.0499558;0.519572;0.519572;0.00153476;0.00528912;0.0019362;0.0776241;0.0776241;0.165414;0.00164372;0.112138;0.285263;
1000;0.0252;0.100156;0.399738;0.0496634;0.517774;0.517774;0.0037772;0.00467486;0.00326455;0.0850865;0.0850865;0.166667;0.00225687;0.0984347;0.28698;
1500;0.0272;0.100011;0.399875;0.0491857;0.514292;0.514292;0.00186363;0.00414497;0.00524872;0.0921374;0.0921374;0.220588;0.00185033;0.132665;0.289608;
2000;0.0232;0.10016;0.399986;0.0463962;0.485964;0.485964;0.00351576;0.00575119;0.00959081;0.115094;0.115094;0.198276;0.00143325;0.135329;0.312884;
2500;0.021;0.100177;0.399653;0.0368016;0.396335;0.396335;0.00361246;0.00690581;0.0163187;0.173624;0.173624;0.304762;0.0020429;0.179829;0.403151;
3000;0.0148;0.100647;0.399598;0.016917;0.209244;0.209244;0.00615802;0.00595122;0.0175766;0.186676;0.186676;0.432432;0.00182704;0.458383;0.630181;
3500;0.0102;0.100516;0.399567;0.00436468;0.0884209;0.0884209;0.00554407;0.00524358;0.010536;0.139998;0.139998;0.921569;0.00202061;0.65591;0.818133;
4000;0.0106;0.100488;0.399544;0.00111793;0.057209;0.057209;0.00581499;0.00568242;0.00569855;0.11699;0.11699;0.716981;0.001415;0.755878;0.870097;
4500;0.0108;0.100834;0.399808;0.000279829;0.0513916;0.0513916;0.00699673;0.00578613;0.00314137;0.113913;0.113913;0.851852;0.00101092;0.691664;0.882444;
5000;0.0086;0.100991;0.400184;7.90512e-05;0.0496139;0.0496139;0.00743722;0.00678613;0.00224784;0.11055;0.11055;1.18605;0.00181561;0.796939;0.886542;
5500;0.0092;0.10113;0.400012;9.56399e-05;0.0507341;0.0507341;0.00765286;0.00678524;0.0021538;0.110714;0.110714;0.934783;0.00383528;0.813692;0.882841;
6000;0.0066;0.101782;0.399679;4.48627e-05;0.0483518;0.0483518;0.010432;0.00767772;0.00143303;0.107921;0.107921;1.42424;0.00261727;0.889517;0.886528;
6500;0.0126;0.102461;0.399936;5.41505e-05;0.0461326;0.0461326;0.0112374;0.00746932;0.00185257;0.108604;0.108604;0.539683;0.00243063;0.729847;0.891681;
7000;0.0086;0.102249;0.399964;4.16464e-05;0.0477926;0.0477926;0.010823;0.00483545;0.00191289;0.106934;0.106934;0.790698;0.00121041;0.781657;0.886436;
7500;0.0118;0.102392;0.399794;9.31067e-05;0.0471625;0.0471625;0.0118649;0.006122;0.00287695;0.109418;0.109418;0.779661;0.00121433;0.743612;0.890969;
8000;0.0086;0.104186;0.399884;3.9102e-05;0.0486376;0.0486376;0.0150288;0.00612779;0.00124443;0.110418;0.110418;1.09302;0.00181561;0.783907;0.887827;
8500;0.0092;0.105364;0.399824;2.36769e-05;0.0462062;0.0462062;0.0172665;0.00588414;0.000944602;0.105076;0.105076;0.804348;0.001413;0.753488;0.889258;
9000;0.0096;0.106527;0.399631;8.99882e-05;0.0484636;0.0484636;0.0184626;0.00743526;0.00245023;0.112543;0.112543;1.10417;0.00181745;0.716002;0.890635;
9500;0.01;0.108629;0.39934;5.60048e-05;0.047769;0.047769;0.0210452;0.00846303;0.00156461;0.109137;0.109137;0.64;0.00222222;0.715246;0.889283;
10000;0.0122;0.110689;0.399463;0.000129821;0.04327;0.04327;0.0236564;0.00870976;0.00285734;0.103631;0.103631;0.459016;0.00182223;0.761106;0.897146;
10500;0.0106;0.111658;0.399864;0.000169631;0.0467626;0.0467626;0.0254158;0.00892007;0.00393118;0.10993;0.10993;0.849057;0.00303214;0.802335;0.893257;
11000;0.0136;0.112297;0.400159;7.01247e-05;0.0466918;0.0466918;0.0259205;0.00922327;0.00253477;0.108904;0.108904;0.558824;0.00263585;0.74593;0.892882;
11500;0.0108;0.11447;0.400294;9.1825e-05;0.0460077;0.0460077;0.0283729;0.00726553;0.00268717;0.10818;0.10818;1.03704;0.00262839;0.810533;0.895463;
12000;0.0094;0.116046;0.400347;8.61272e-05;0.0487067;0.0487067;0.0290635;0.00883578;0.00223563;0.113714;0.113714;0.978723;0.00363416;0.733573;0.892368;
12500;0.0124;0.119843;0.40021;4.34507e-05;0.0412681;0.0412681;0.0320656;0.0136583;0.00175677;0.102109;0.102109;0.693548;0.0018226;0.826961;0.90313;
13000;0.0092;0.12177;0.399689;0.000133475;0.041064;0.041064;0.0338729;0.0136498;0.0032863;0.102247;0.102247;0.913043;0.001413;0.822718;0.903006;
13500;0.0114;0.123447;0.398629;2.64446e-05;0.0430562;0.0430562;0.0338749;0.0153799;0.000981579;0.104741;0.104741;0.929825;0.00242768;0.858613;0.901451;
14000;0.0104;0.127085;0.398962;8.43625e-05;0.0402553;0.0402553;0.0370475;0.0151524;0.00215396;0.100589;0.100589;0.596154;0.00161681;0.787737;0.903541;
14500;0.013;0.132301;0.399052;2.89226e-05;0.0381909;0.0381909;0.0388326;0.0157887;0.00103349;0.0966981;0.0966981;0.707692;0.00121581;0.83614;0.909804;
15000;0.0098;0.138216;0.399628;8.61322e-05;0.0389615;0.0389615;0.0423729;0.0105114;0.0021874;0.101976;0.101976;0.897959;0.00222177;0.681909;0.912565;
15500;0.0102;0.143393;0.399007;5.18855e-05;0.0346929;0.0346929;0.0443357;0.0151453;0.00185293;0.0941852;0.0941852;0.647059;0.00161649;0.805603;0.916537;
16000;0.0102;0.148755;0.398255;4.64218e-05;0.0356072;0.0356072;0.0444737;0.0149766;0.00167285;0.0966165;0.0966165;0.764706;0.00141443;0.767778;0.91869;
16500;0.0088;0.150526;0.398323;6.28991e-05;0.0349054;0.0349054;0.044805;0.0145707;0.0017173;0.0943356;0.0943356;1.06818;0.00121065;0.878965;0.918881;
17000;0.0116;0.154789;0.398041;9.16618e-05;0.0354885;0.0354885;0.0452915;0.0145078;0.0022396;0.0982273;0.0982273;0.758621;0.00161878;0.762435;0.919288;
17500;0.0128;0.159063;0.397021;9.34998e-05;0.0333431;0.0333431;0.0458843;0.0169162;0.00180741;0.0908719;0.0908719;0.765625;0.00202593;0.887818;0.92199;
18000;0.0104;0.163132;0.39739;0.000101935;0.0332774;0.0332774;0.0467822;0.0147746;0.00194567;0.0926601;0.0926601;0.653846;0.00161681;0.834036;0.922078;
18500;0.0094;0.166963;0.397757;0.000119051;0.0344431;0.0344431;0.0458363;0.0152348;0.00279588;0.0954991;0.0954991;1.10638;0.00323037;0.881745;0.924165;
19000;0.0086;0.176422;0.397257;0.000135378;0.0326629;0.0326629;0.0470305;0.0165437;0.00339693;0.0951754;0.0951754;1.09302;0.00242082;0.827298;0.927666;
19500;0.0104;0.179711;0.398172;2.40488e-05;0.0297356;0.0297356;0.0476865;0.0175294;0.00169473;0.0897504;0.0897504;0.692308;0.00141471;0.836197;0.931661;
20000;0.0108;0.179591;0.39698;7.7508e-05;0.0310281;0.0310281;0.047271;0.0177269;0.00238785;0.0931933;0.0931933;0.962963;0.00222402;0.782159;0.932621;
20500;0.009;0.18496;0.397364;9.11948e-05;0.0293265;0.0293265;0.0493375;0.0176477;0.00257815;0.0908672;0.0908672;1.04444;0.00141271;0.850801;0.933996;
21000;0.01;0.19366;0.39803;7.84061e-05;0.0278618;0.0278618;0.0506232;0.0195159;0.00182938;0.0854451;0.0854451;0.74;0.00262626;0.864044;0.935519;
21500;0.0094;0.194174;0.397016;6.51649e-05;0.0278734;0.0278734;0.051434;0.0222141;0.00190514;0.0864138;0.0864138;0.787234;0.00323037;0.903623;0.936684;
22000;0.0106;0.194933;0.39742;2.30069e-05;0.027364;0.027364;0.0507089;0.0181961;0.00122826;0.0829902;0.0829902;0.867925;0.00202143;0.915599;0.936986;
22500;0.0094;0.19906;0.397014;4.53338e-05;0.0270102;0.0270102;0.0547141;0.0191508;0.00185019;0.0839895;0.0839895;1.08511;0.00100949;0.833498;0.938844;
23000;0.007;0.203212;0.397278;1.93838e-05;0.0276225;0.0276225;0.0535419;0.0180812;0.000820759;0.084796;0.084796;1.31429;0.00221551;0.931216;0.937624;
23500;0.0098;0.207193;0.39755;3.11219e-05;0.0245831;0.0245831;0.0528272;0.0201604;0.00127725;0.081808;0.081808;0.877551;0.00242375;0.87539;0.944962;
24000;0.0074;0.211617;0.398001;4.0753e-05;0.024833;0.024833;0.0547;0.0201639;0.00111983;0.081022;0.081022;1.2973;0.00100746;0.868706;0.942938;
24500;0.0114;0.215357;0.397557;2.42927e-05;0.027754;0.027754;0.0543389;0.0217696;0.00118976;0.0874327;0.0874327;0.824561;0.00202306;0.855067;0.939095;
25000;0.0092;0.217829;0.396608;4.91075e-05;0.0253126;0.0253126;0.0546073;0.0241024;0.00111797;0.0821941;0.0821941;0.913043;0.001413;0.870931;0.942713;
25500;0.0084;0.221571;0.397144;0.000160579;0.0256046;0.0256046;0.0537059;0.0255371;0.0029742;0.0821028;0.0821028;1;0.00121017;0.877006;0.941767;
26000;0.0106;0.225156;0.398;6.38839e-05;0.0241798;0.0241798;0.0543256;0.0270324;0.00160137;0.0792375;0.0792375;0.773585;0.000606428;0.835036;0.945019;
26500;0.009;0.2237;0.398054;8.8792e-05;0.0247491;0.0247491;0.0544434;0.0284766;0.00208089;0.0814268;0.0814268;1;0.00282543;0.91532;0.945686;
27000;0.0098;0.227349;0.396755;3.63183e-05;0.0244956;0.0244956;0.0571897;0.025756;0.000980198;0.0811594;0.0811594;0.918367;0.00121188;0.862422;0.945557;
27500;0.0112;0.228271;0.397676;8.13334e-05;0.0245482;0.0245482;0.0545458;0.0251357;0.00218771;0.0819539;0.0819539;0.839286;0.00202265;0.875998;0.946395;
28000;0.008;0.231913;0.400808;8.94382e-05;0.0211452;0.0211452;0.0533236;0.0279462;0.00228833;0.0746548;0.0746548;1.025;0.00120968;0.865574;0.951603;
28500;0.0096;0.238859;0.401338;5.96191e-05;0.0220155;0.0220155;0.0538609;0.0300398;0.0015967;0.0768526;0.0768526;0.875;0.00161551;0.884971;0.950748;
29000;0.0096;0.244494;0.402028;8.32918e-05;0.0223958;0.0223958;0.0549364;0.0302077;0.00241584;0.0782888;0.0782888;0.895833;0.00323102;0.917729;0.951323;
29500;0.011;0.243065;0.399417;2.26392e-05;0.0217484;0.0217484;0.054896;0.028253;0.000563584;0.0769286;0.0769286;0.654545;0.000808898;0.867641;0.950365;
30000;0.0114;0.247039;0.39917;7.97955e-05;0.0217284;0.0217284;0.0552752;0.027419;0.00275488;0.0767664;0.0767664;0.684211;0.00161845;0.913659;0.951322;
30500;0.008;0.24969;0.3981;7.63477e-05;0.0213008;0.0213008;0.0567608;0.0302849;0.0023904;0.0764204;0.0764204;1;0.00221774;0.795212;0.953837;
31000;0.0096;0.256351;0.398201;8.75802e-05;0.0193161;0.0193161;0.0592383;0.0304405;0.00204254;0.0719463;0.0719463;0.583333;0.00222132;0.866481;0.955769;
31500;0.0102;0.259948;0.397701;5.13628e-05;0.0215312;0.0215312;0.0603145;0.0296472;0.00116425;0.0781323;0.0781323;1.07843;0.00222267;0.944716;0.9553;
32000;0.0092;0.266216;0.397658;3.37283e-05;0.0207227;0.0207227;0.0605;0.0279783;0.00121764;0.0747203;0.0747203;1.1087;0.001413;0.848646;0.956166;
32500;0.012;0.271486;0.397177;5.01322e-05;0.0217161;0.0217161;0.0618471;0.0303838;0.00155305;0.0804094;0.0804094;0.916667;0.00263158;0.915643;0.957547;
33000;0.0088;0.272167;0.398404;9.26421e-05;0.0196789;0.0196789;0.0606695;0.0284099;0.00212743;0.0723365;0.0723365;0.795455;0.00262308;0.923212;0.955952;
33500;0.0094;0.277359;0.398548;4.56868e-06;0.0196827;0.0196827;0.0639159;0.0311549;0.000161462;0.073859;0.073859;0.93617;0.00242277;0.909556;0.958262;
34000;0.0094;0.274275;0.399707;9.31278e-05;0.0208606;0.0208606;0.0633112;0.0324177;0.00245978;0.0769062;0.0769062;1.06383;0.00323037;0.930016;0.956909;
34500;0.01;0.272441;0.403408;1.33096e-05;0.0201926;0.0201926;0.0615513;0.0321104;0.000724852;0.0763234;0.0763234;1.04;0.00121212;0.876801;0.958476;
35000;0.0096;0.27375;0.403326;6.44432e-05;0.0180667;0.0180667;0.0626561;0.0299242;0.00168335;0.0692626;0.0692626;0.708333;0.00242326;0.938123;0.959451;
35500;0.0104;0.279192;0.403266;3.83753e-05;0.0177873;0.0177873;0.0642147;0.0293027;0.00182212;0.0714662;0.0714662;0.692308;0.00222312;0.896691;0.961355;
36000;0.0106;0.286882;0.404219;3.42646e-05;0.0182925;0.0182925;0.070023;0.0302667;0.00109624;0.071076;0.071076;0.754717;0.00202143;0.919028;0.960758;
36500;0.0088;0.291065;0.403377;7.15872e-05;0.0171974;0.0171974;0.0711611;0.0302999;0.00225334;0.0674208;0.0674208;0.886364;0.00141243;0.94259;0.960763;
37000;0.0076;0.298374;0.401972;0.000107623;0.018585;0.018585;0.0755474;0.0305434;0.00197217;0.0719578;0.0719578;1.28947;0.00161225;0.849639;0.960958;
37500;0.0102;0.295829;0.400406;4.55701e-05;0.0184017;0.0184017;0.0738359;0.0289124;0.00169772;0.0718462;0.0718462;0.921569;0.00303092;0.953604;0.961774;
38000;0.0102;0.302186;0.399146;4.53819e-05;0.0189041;0.0189041;0.0767874;0.0261385;0.000805226;0.0734054;0.0734054;1.15686;0.00222267;0.944613;0.962174;
38500;0.0108;0.305013;0.399215;7.59399e-05;0.0181816;0.0181816;0.0762536;0.025434;0.00143739;0.0703302;0.0703302;0.777778;0.00202184;0.87974;0.961272;
39000;0.0102;0.310478;0.401095;5.42652e-05;0.016904;0.016904;0.0779618;0.0236147;0.00175852;0.0695102;0.0695102;1.01961;0.00202061;0.872076;0.965741;
39500;0.0098;0.314936;0.400997;1.50611e-05;0.0167478;0.0167478;0.0789778;0.0231857;0.000709909;0.0683961;0.0683961;1;0.00161584;0.887216;0.965981;
40000;0.0124;0.325208;0.401274;6.33873e-05;0.0170319;0.0170319;0.0806391;0.0236971;0.00166207;0.0714458;0.0714458;0.790323;0.00283516;0.907019;0.966658;
40500;0.009;0.328323;0.401432;0.000118335;0.0153172;0.0153172;0.0818391;0.0242465;0.00222114;0.0656745;0.0656745;0.888889;0.00262361;0.920966;0.967065;
41000;0.0084;0.330495;0.401767;0.000153073;0.0149506;0.0149506;0.0824458;0.0225407;0.00245403;0.0653754;0.0653754;1.19048;0.00141186;0.948625;0.969059;
41500;0.0098;0.333687;0.401316;8.77903e-05;0.0162227;0.0162227;0.0821358;0.0202029;0.00225705;0.0666105;0.0666105;0.755102;0.00262573;0.927258;0.965571;
42000;0.0076;0.331781;0.402043;8.57307e-05;0.0163964;0.0163964;0.0808556;0.0189547;0.00209455;0.0678188;0.0678188;1.13158;0.00141072;0.930551;0.966213;
42500;0.0106;0.339718;0.402296;7.0701e-05;0.0150227;0.0150227;0.0814661;0.0169342;0.00231674;0.0649931;0.0649931;0.811321;0.00161714;0.941943;0.969126;
43000;0.0124;0.347195;0.402843;0.000109163;0.0154488;0.0154488;0.0814535;0.0175342;0.0025967;0.0663417;0.0663417;0.725806;0.00101256;0.925392;0.968423;
43500;0.009;0.343616;0.403514;7.87037e-05;0.0140437;0.0140437;0.0821369;0.0209403;0.00216606;0.0630366;0.0630366;0.822222;0.00201816;0.949977;0.970409;
44000;0.0072;0.345064;0.40501;5.3175e-05;0.0163065;0.0163065;0.0824221;0.0211427;0.00162886;0.0696456;0.0696456;1.36111;0.00342466;0.925214;0.969591;
44500;0.0088;0.349844;0.405001;5.34123e-05;0.0142996;0.0142996;0.081795;0.0197002;0.00169891;0.0632798;0.0632798;0.886364;0.00262308;0.96692;0.970665;
45000;0.0092;0.354219;0.403637;6.58719e-05;0.0150663;0.0150663;0.0824448;0.0170657;0.00192465;0.0641971;0.0641971;1.06522;0.00201857;0.940648;0.969056;
45500;0.0096;0.359128;0.404609;3.29704e-05;0.0140242;0.0140242;0.0812357;0.0185604;0.00114483;0.0625481;0.0625481;0.875;0.00181745;0.904027;0.970436;
46000;0.0092;0.367035;0.404875;6.25129e-05;0.0136947;0.0136947;0.0793427;0.0183833;0.00167665;0.0639507;0.0639507;1.1087;0.00201857;0.941765;0.973676;
46500;0.0092;0.370347;0.404027;5.22186e-05;0.0145298;0.0145298;0.0795247;0.0182166;0.00132848;0.0641737;0.0641737;0.891304;0.00201857;0.906469;0.969968;
47000;0.0078;0.376218;0.40332;9.29332e-05;0.0139741;0.0139741;0.0784969;0.0160862;0.00191804;0.0624607;0.0624607;1;0.00181415;0.947471;0.971104;
47500;0.01;0.384701;0.404385;0.000212481;0.0138874;0.0138874;0.077666;0.0199806;0.00364427;0.0626089;0.0626089;0.86;0.00242424;0.924719;0.972333;
48000;0.0096;0.385522;0.404406;1.00942e-05;0.0161621;0.0161621;0.0767017;0.0188821;0.000713699;0.0713483;0.0713483;1.20833;0.00222132;0.864822;0.9716;
48500;0.0086;0.388209;0.405473;5.33539e-05;0.0142135;0.0142135;0.0760461;0.0206273;0.00143064;0.0643665;0.0643665;1.16279;0.00242082;0.951883;0.972689;
49000;0.0116;0.383316;0.404887;6.62209e-05;0.0147886;0.0147886;0.0768264;0.0210139;0.00201754;0.0667546;0.0667546;0.810345;0.00182113;0.912358;0.972153;
49500;0.0106;0.381492;0.405295;4.33753e-05;0.0130843;0.0130843;0.0774116;0.0202528;0.00146937;0.0602402;0.0602402;0.698113;0.00222357;0.921128;0.973381;
50000;0.0114;0.384538;0.405409;4.46301e-05;0.0136821;0.0136821;0.0767804;0.0202324;0.00120661;0.0643952;0.0643952;0.789474;0.00222537;0.910017;0.973671;
50500;0.0084;0.388039;0.405334;1.67427e-05;0.0138344;0.0138344;0.0793981;0.0194234;0.000655928;0.0644425;0.0644425;1.2381;0.00262203;0.928285;0.975334;
51000;0.0094;0.393972;0.404746;4.65367e-05;0.0122992;0.0122992;0.077894;0.0192908;0.00113193;0.0579077;0.0579077;0.680851;0.00201898;0.898517;0.97375;
51500;0.0084;0.391767;0.405377;5.14262e-05;0.0139032;0.0139032;0.081166;0.0216342;0.00189447;0.0648656;0.0648656;1.11905;0.00322711;0.907494;0.975001;
52000;0.0118;0.39484;0.406136;2.95564e-05;0.0130603;0.0130603;0.0801898;0.0236578;0.00102999;0.0610624;0.0610624;0.813559;0.00202388;0.944838;0.97508;
52500;0.009;0.392277;0.405175;3.67185e-06;0.0131645;0.0131645;0.0801947;0.0219328;0.000259613;0.0618431;0.0618431;0.888889;0.00343088;0.950086;0.974792;
53000;0.008;0.394399;0.406327;2.47951e-05;0.0127642;0.0127642;0.0800411;0.0227046;0.00111976;0.059584;0.059584;1.15;0.00201613;0.969822;0.974315;
53500;0.0078;0.395925;0.407155;3.73869e-05;0.01189;0.01189;0.0788451;0.0247088;0.001725;0.0563886;0.0563886;0.820513;0.00282201;0.94607;0.974468;
54000;0.0106;0.399924;0.406489;9.62588e-05;0.0140969;0.0140969;0.0791476;0.0229635;0.002634;0.06438;0.06438;0.811321;0.00384071;0.918061;0.974534;
54500;0.0086;0.39837;0.404911;6.16674e-05;0.0129813;0.0129813;0.0784826;0.0229002;0.00200301;0.0594266;0.0594266;0.883721;0.00201735;0.959064;0.972936;
55000;0.0086;0.398034;0.405358;5.83453e-06;0.0120567;0.0120567;0.0774473;0.0215261;0.000346352;0.0592047;0.0592047;0.930233;0.00201735;0.963528;0.97597;
55500;0.0114;0.394559;0.404725;0.000134277;0.0153465;0.0153465;0.0787332;0.0192579;0.00326635;0.0658563;0.0658563;0.982456;0.00242768;0.948554;0.97078;
56000;0.0084;0.390956;0.404097;3.8477e-05;0.0120594;0.0120594;0.0787849;0.0192078;0.00121475;0.0560409;0.0560409;0.809524;0.00242033;0.992145;0.973791;
56500;0.0092;0.390814;0.403605;8.86794e-05;0.011818;0.011818;0.0774936;0.0197178;0.00216984;0.0554323;0.0554323;0.869565;0.00100929;0.9347;0.97418;
57000;0.0086;0.394414;0.404063;0.000101096;0.0126983;0.0126983;0.0775196;0.0207704;0.00236309;0.0586322;0.0586322;0.976744;0.00201735;0.958332;0.973482;
57500;0.0084;0.392447;0.404642;4.72994e-05;0.0124316;0.0124316;0.0774512;0.0224565;0.00151426;0.0581028;0.0581028;0.928571;0.00121017;0.948075;0.973525;
58000;0.0096;0.398868;0.405084;8.56524e-05;0.0137641;0.0137641;0.0759687;0.0228736;0.00197776;0.0628505;0.0628505;1.14583;0.0026252;0.919463;0.974672;
58500;0.0068;0.406115;0.404557;1.8985e-05;0.0116629;0.0116629;0.0734136;0.0226209;0.000674555;0.0575313;0.0575313;1.26471;0.00120822;0.942376;0.976533;
59000;0.0068;0.406958;0.405626;2.2843e-06;0.0111509;0.0111509;0.0734184;0.0225402;0.000161508;0.0572374;0.0572374;1.11765;0.00221506;0.902966;0.977272;
59500;0.0076;0.412339;0.405093;3.5572e-05;0.0120772;0.0120772;0.0716142;0.0212801;0.00140113;0.0593499;0.0593499;1.28947;0.00181378;0.916759;0.977128;
60000;0.0072;0.419268;0.405923;5.82953e-05;0.0120346;0.0120346;0.0699489;0.022872;0.00173032;0.0569206;0.0569206;1.22222;0.00141015;0.894999;0.97607;
60500;0.01;0.422091;0.405504;6.65578e-05;0.0118546;0.0118546;0.0705838;0.0235531;0.00177033;0.0553549;0.0553549;0.82;0.000606061;0.979452;0.974243;
61000;0.0088;0.421656;0.406352;4.5574e-05;0.0121038;0.0121038;0.0709025;0.0244505;0.00198447;0.0609206;0.0609206;1.13636;0.00302663;0.929795;0.979182;
61500;0.0102;0.42055;0.405942;1.28474e-05;0.0128153;0.0128153;0.0722258;0.0238743;0.000565526;0.0638458;0.0638458;1.07843;0.00242473;0.926116;0.978449;
62000;0.0118;0.419249;0.405555;1.39226e-05;0.0117295;0.0117295;0.0732776;0.0252207;0.000696381;0.0571133;0.0571133;0.79661;0.00202388;0.955001;0.977511;
62500;0.01;0.417034;0.406015;6.81915e-05;0.0111309;0.0111309;0.0723867;0.0258548;0.00223362;0.056084;0.056084;0.74;0.00343434;0.962977;0.978199;
63000;0.0082;0.414975;0.405437;3.7331e-05;0.0111753;0.0111753;0.0737514;0.0260254;0.00128378;0.0550869;0.0550869;0.97561;0.00161323;0.937937;0.976616;
63500;0.009;0.41418;0.406042;6.09439e-05;0.0126179;0.0126179;0.0741068;0.0267513;0.00186813;0.0606771;0.0606771;1.08889;0.0024218;0.93996;0.975949;
64000;0.0106;0.413015;0.407816;0.000143228;0.0136878;0.0136878;0.0745452;0.027872;0.00252775;0.0633361;0.0633361;0.830189;0.00323428;0.961453;0.974193;
64500;0.0108;0.415139;0.404337;8.63621e-05;0.0126251;0.0126251;0.0738424;0.0263606;0.00217756;0.0602523;0.0602523;0.833333;0.0024262;0.904623;0.976463;
65000;0.0072;0.415786;0.403816;9.97654e-05;0.0126154;0.0126154;0.0735446;0.0257566;0.0024308;0.0590105;0.0590105;0.916667;0.00302176;0.929389;0.973834;
65500;0.0104;0.417918;0.405643;3.17275e-05;0.0121429;0.0121429;0.0728115;0.0278811;0.00091044;0.0604932;0.0604932;0.865385;0.00303153;0.966322;0.977835;
66000;0.0084;0.421226;0.405902;0.000107614;0.0101204;0.0101204;0.0701476;0.0284488;0.00193854;0.0524964;0.0524964;1;0.000403388;0.976693;0.978537;
66500;0.0088;0.422281;0.402922;0.000126456;0.0120316;0.0120316;0.0699157;0.0239371;0.00227868;0.0576624;0.0576624;0.795455;0.00262308;0.97704;0.975036;
67000;0.0076;0.422882;0.402124;0.000131031;0.0120265;0.0120265;0.0685937;0.0241152;0.00231719;0.0585822;0.0585822;1.13158;0.00282144;0.960597;0.976461;
67500;0.0094;0.432226;0.402933;0.000100373;0.0134146;0.0134146;0.0675037;0.024337;0.00258143;0.0643738;0.0643738;1.2766;0.00161518;0.965761;0.976317;
68000;0.0096;0.433661;0.404852;7.25515e-05;0.0114225;0.0114225;0.066343;0.0270686;0.00273208;0.0575206;0.0575206;0.895833;0.00161551;0.947064;0.977913;
68500;0.0084;0.437728;0.404607;4.6016e-05;0.0127195;0.0127195;0.0639751;0.0267092;0.00124664;0.0638954;0.0638954;1.02381;0.00302541;0.922223;0.977485;
69000;0.0086;0.441423;0.403962;0.000184665;0.0117592;0.0117592;0.0622389;0.0284868;0.00303198;0.0557942;0.0557942;0.883721;0.00161388;0.952131;0.975736;
69500;0.0066;0.445971;0.403229;0.000175769;0.0100553;0.0100553;0.061219;0.0271005;0.00351203;0.0540945;0.0540945;1.18182;0.00181196;0.96517;0.980559;
70000;0.0124;0.447845;0.404367;2.34854e-05;0.0120656;0.0120656;0.0603849;0.0290671;0.000752416;0.0607047;0.0607047;0.725806;0.00344269;0.95046;0.979419;
70500;0.0102;0.445968;0.405542;8.15679e-05;0.0108335;0.0108335;0.060593;0.0286918;0.00166008;0.055609;0.055609;0.843137;0.00262679;0.977478;0.979341;
71000;0.009;0.441173;0.406514;6.39098e-05;0.0101374;0.0101374;0.0626913;0.0298888;0.00152738;0.0527756;0.0527756;0.733333;0.00141271;0.93422;0.978735;
71500;0.0086;0.440713;0.405205;7.43121e-05;0.0102795;0.0102795;0.0621764;0.0311619;0.00142391;0.0534984;0.0534984;0.837209;0.00141214;0.914202;0.978766;
72000;0.0092;0.441297;0.404779;2.72358e-05;0.0110137;0.0110137;0.0621522;0.0319605;0.00104247;0.0567183;0.0567183;0.804348;0.00201857;0.944616;0.978788;
72500;0.0092;0.436345;0.407112;4.99005e-05;0.0118257;0.0118257;0.0614921;0.032614;0.00208899;0.0598919;0.0598919;0.934783;0.00262414;0.981211;0.978284;
73000;0.009;0.434974;0.408973;5.5225e-05;0.010412;0.010412;0.0626033;0.034;0.00186582;0.0551282;0.0551282;0.844444;0.00161453;0.971005;0.979482;
73500;0.01;0.43074;0.408949;3.60329e-05;0.0114556;0.0114556;0.0651779;0.0348857;0.0014376;0.0578347;0.0578347;0.72;0.00161616;0.91385;0.977734;
74000;0.008;0.435539;0.41207;0.000165042;0.0117146;0.0117146;0.0628987;0.0350367;0.00281262;0.0596128;0.0596128;1.05;0.00221774;0.931;0.977505;
74500;0.0082;0.431399;0.409439;0.000121758;0.0123933;0.0123933;0.0636743;0.0342794;0.00298681;0.0601869;0.0601869;1.14634;0.00181488;0.950518;0.976473;
75000;0.0096;0.436688;0.409233;8.27456e-05;0.0113138;0.0113138;0.0649033;0.0341401;0.00186639;0.0584996;0.0584996;0.916667;0.00161551;0.959393;0.97881;
75500;0.0098;0.437483;0.411507;1.58716e-05;0.0109768;0.0109768;0.0633446;0.0387897;0.00101531;0.0575891;0.0575891;0.938776;0.0010099;0.94256;0.979611;
76000;0.0112;0.439131;0.409784;1.82057e-05;0.0106885;0.0106885;0.0615982;0.03926;0.000761379;0.053494;0.053494;0.607143;0.00121359;0.930853;0.977745;
76500;0.0104;0.444212;0.410903;8.26875e-05;0.0116371;0.0116371;0.0631357;0.0398545;0.00171327;0.0583032;0.0583032;0.692308;0.00383994;0.976476;0.977637;
77000;0.0096;0.443677;0.409485;5.9203e-05;0.0117613;0.0117613;0.061233;0.0390006;0.00261544;0.0588015;0.0588015;0.9375;0.00181745;0.952373;0.977909;
77500;0.0078;0.448747;0.409508;0.000167225;0.0115331;0.0115331;0.0602508;0.0385457;0.00339198;0.0583879;0.0583879;1.07692;0.00120943;0.91251;0.978065;
78000;0.0092;0.450763;0.407299;0.000164547;0.0120937;0.0120937;0.0596056;0.0383664;0.00230578;0.0602747;0.0602747;1.08696;0.00161486;0.925068;0.977987;
78500;0.006;0.454426;0.407363;0.000278804;0.0114954;0.0114954;0.0598607;0.0379005;0.0037979;0.0578826;0.0578826;1.4;0.00221328;0.922461;0.978086;
79000;0.0078;0.458836;0.407963;3.49973e-05;0.00960545;0.00960545;0.0569043;0.0378472;0.0012135;0.0519715;0.0519715;0.897436;0.000604717;0.952256;0.980222;
79500;0.0108;0.46029;0.409147;2.03535e-05;0.00973352;0.00973352;0.0568706;0.0388837;0.000900117;0.0534557;0.0534557;0.777778;0.00141529;0.955563;0.981952;
80000;0.0106;0.461714;0.409678;4.90883e-05;0.0114749;0.0114749;0.0569723;0.0382242;0.00165512;0.0597834;0.0597834;0.90566;0.00323428;0.933506;0.981103;
80500;0.0108;0.462604;0.410503;5.6102e-05;0.0109095;0.0109095;0.0560893;0.0380561;0.00154989;0.0556264;0.0556264;0.685185;0.00262839;0.952026;0.979401;
81000;0.0084;0.464964;0.411147;7.57004e-05;0.00999492;0.00999492;0.0555549;0.039333;0.00143438;0.0544959;0.0544959;1.14286;0.000806777;0.949885;0.981643;
81500;0.01;0.463933;0.41153;9.14335e-05;0.011007;0.011007;0.0557978;0.0387044;0.00175118;0.0561554;0.0561554;0.82;0.00161616;0.942943;0.978876;
82000;0.0062;0.464512;0.410488;0.000190364;0.009046;0.009046;0.0565984;0.0384967;0.00298361;0.0506755;0.0506755;1.09677;0.00181123;0.969954;0.98194;
82500;0.01;0.463084;0.414069;0.000163897;0.0108512;0.0108512;0.0563473;0.0432939;0.00276022;0.0552021;0.0552021;0.86;0.0030303;0.928811;0.979938;
83000;0.005;0.461848;0.410731;7.11403e-05;0.0103276;0.0103276;0.0551732;0.0433263;0.0013706;0.0548458;0.0548458;1.72;0.00261307;0.995571;0.980751;
83500;0.0074;0.464447;0.41216;9.39545e-05;0.0102153;0.0102153;0.0563846;0.0461346;0.00146881;0.0541265;0.0541265;1.05405;0.0022164;0.967942;0.980159;
84000;0.0102;0.466121;0.408363;2.5981e-05;0.0120379;0.0120379;0.0553246;0.0480266;0.000882913;0.0612211;0.0612211;1.09804;0.00282885;0.954861;0.980946;
84500;0.0088;0.467236;0.409622;0.000140012;0.00976304;0.00976304;0.054182;0.0479626;0.00314195;0.0512631;0.0512631;0.818182;0.000807103;0.937346;0.98002;
85000;0.0094;0.468219;0.407836;1.38536e-05;0.00923325;0.00923325;0.0536222;0.0461946;0.00069254;0.0505668;0.0505668;0.87234;0.00161518;0.97401;0.98131;
85500;0.0064;0.469615;0.409572;0;0.0093511;0.0093511;0.0524803;0.0483571;0;0.0523928;0.0523928;1.0625;0.00362319;0.943191;0.983098;
86000;0.0082;0.468915;0.40877;4.67203e-05;0.0100878;0.0100878;0.0518036;0.0510394;0.00140262;0.0549169;0.0549169;1.26829;0.00120992;0.934845;0.982119;
86500;0.0108;0.470044;0.409357;3.60296e-05;0.00945251;0.00945251;0.0510976;0.0507008;0.00114326;0.0501871;0.0501871;0.592593;0.00222402;0.954616;0.980437;
87000;0.0104;0.469848;0.410409;3.05081e-05;0.00967566;0.00967566;0.0518473;0.0483862;0.00108169;0.0518905;0.0518905;0.75;0.00141471;0.965575;0.980655;
87500;0.0086;0.47009;0.407939;0.000158795;0.00893444;0.00893444;0.0522599;0.0510236;0.00243501;0.0478293;0.0478293;0.790698;0.00141214;0.922766;0.981066;
88000;0.0098;0.469415;0.405106;6.67798e-05;0.0104476;0.0104476;0.0513335;0.0482531;0.00168438;0.0555554;0.0555554;0.979592;0.00222177;0.968312;0.981378;
88500;0.0074;0.471219;0.403015;5.87038e-05;0.00785733;0.00785733;0.0506478;0.0485062;0.00161771;0.045797;0.045797;0.837838;0.00161193;0.936889;0.983182;
89000;0.01;0.471657;0.401282;7.70855e-05;0.00996891;0.00996891;0.0488638;0.0487542;0.00165827;0.0532766;0.0532766;0.86;0.00282828;0.969145;0.982042;
89500;0.01;0.46899;0.40461;4.40765e-05;0.00915813;0.00915813;0.0501124;0.0483464;0.00160514;0.0498255;0.0498255;0.8;0.0020202;0.984768;0.9816;
90000;0.0066;0.469283;0.402248;0.000140508;0.0093905;0.0093905;0.0499579;0.0501927;0.00303116;0.0512858;0.0512858;1.27273;0.00120797;0.968787;0.981886;
90500;0.0096;0.471423;0.398796;0.000136769;0.0104399;0.0104399;0.0504106;0.0486935;0.00248841;0.0554292;0.0554292;1.125;0.00121163;0.964413;0.981973;
91000;0.007;0.472256;0.401888;0.000146778;0.00988268;0.00988268;0.0488948;0.0468667;0.00236781;0.0539346;0.0539346;1.31429;0.00120846;0.933124;0.981847;
91500;0.0112;0.473652;0.402361;8.13195e-05;0.00983741;0.00983741;0.0484888;0.0494538;0.00226934;0.0517568;0.0517568;0.803571;0.00202265;0.929655;0.982429;
92000;0.0084;0.473322;0.405528;0.000149726;0.0091982;0.0091982;0.0477777;0.0499989;0.0031271;0.0505706;0.0505706;0.928571;0.000605083;0.975383;0.981201;
92500;0.0092;0.47713;0.401999;0.000102545;0.0106054;0.0106054;0.0486287;0.0532331;0.00271442;0.0558105;0.0558105;0.956522;0.00181671;0.932385;0.981016;
93000;0.0072;0.47559;0.401692;0.000109762;0.0096235;0.0096235;0.0489378;0.0527133;0.0029412;0.0518728;0.0518728;1.05556;0.00141015;0.969636;0.981087;
93500;0.0082;0.475166;0.403661;1.90798e-06;0.0089157;0.0089157;0.0528179;0.0532936;9.53802e-05;0.0503627;0.0503627;1.12195;0.00141157;0.953137;0.983547;
94000;0.0102;0.472842;0.404768;2.33196e-05;0.00932042;0.00932042;0.0534408;0.0563971;0.0009158;0.0502795;0.0502795;0.960784;0.00161649;0.981908;0.982336;
94500;0.0098;0.473391;0.402567;5.05658e-05;0.0093951;0.0093951;0.054351;0.0585277;0.00161321;0.0523179;0.0523179;0.877551;0.00222177;0.939332;0.983347;
95000;0.0106;0.47295;0.403719;0;0.0102383;0.0102383;0.0503058;0.0603397;0;0.0559429;0.0559429;1;0.00262786;0.955956;0.983739;
95500;0.0092;0.470973;0.406528;6.99582e-06;0.0097207;0.0097207;0.0511083;0.0596469;0.000349721;0.0532922;0.0532922;1;0.00222043;0.953965;0.983065;
96000;0.009;0.471995;0.403295;4.82024e-05;0.0103018;0.0103018;0.0513282;0.057562;0.00173154;0.0545249;0.0545249;1.11111;0.0024218;0.976671;0.981808;
96500;0.0074;0.47081;0.402111;1.57639e-05;0.00935108;0.00935108;0.0503503;0.0557681;0.000723379;0.0525807;0.0525807;1.27027;0.00201491;0.955182;0.983789;
97000;0.0084;0.470268;0.403004;9.04647e-05;0.00981392;0.00981392;0.0495348;0.0541211;0.00214279;0.0511012;0.0511012;1.11905;0.00181525;0.953079;0.981185;
97500;0.0096;0.46837;0.399642;0.000112478;0.00978906;0.00978906;0.0501238;0.0516162;0.00239758;0.0535456;0.0535456;1;0.00141357;0.923843;0.982557;
98000;0.0102;0.467807;0.399175;8.04954e-05;0.00972358;0.00972358;0.049914;0.0501799;0.00180104;0.05345;0.05345;0.882353;0.00161649;0.975002;0.982357;
98500;0.0088;0.468318;0.398865;7.26208e-05;0.00960191;0.00960191;0.0506219;0.0483934;0.00162135;0.0525711;0.0525711;0.954545;0.00201776;0.937425;0.982505;
99000;0.0096;0.46688;0.396091;0.000110273;0.00828573;0.00828573;0.049849;0.0511751;0.0022891;0.0463937;0.0463937;0.729167;0.00141357;0.936604;0.982586;
99500;0.0076;0.468023;0.394825;8.92151e-05;0.00865739;0.00865739;0.0495368;0.050429;0.00216775;0.0483731;0.0483731;1;0.00141072;0.947224;0.982239;
100000;0.0078;0.467599;0.392957;0.000154184;0.00985328;0.00985328;0.0508839;0.0528322;0.0030526;0.0533114;0.0533114;1.28205;0.00141101;0.986358;0.982211;
100500;0.0102;0.470982;0.393705;3.93557e-05;0.00860283;0.00860283;0.0493611;0.0518688;0.00123941;0.0482267;0.0482267;0.72549;0.00262679;0.967199;0.983187;
101000;0.0096;0.472443;0.39703;0.000120717;0.0101588;0.0101588;0.0473022;0.0522047;0.00237186;0.0534387;0.0534387;0.979167;0.00222132;0.962596;0.981363;
101500;0.0086;0.472371;0.400648;2.91747e-05;0.00788993;0.00788993;0.0446679;0.0532047;0.00120972;0.045186;0.045186;0.697674;0.00221908;0.962574;0.982925;
102000;0.01;0.472772;0.396659;4.29876e-05;0.00960796;0.00960796;0.0432465;0.0554995;0.00168973;0.0517461;0.0517461;0.76;0.00282828;0.955432;0.981329;
102500;0.0102;0.47274;0.395558;1.10031e-05;0.0104799;0.0104799;0.0432062;0.0541438;0.000600067;0.0555839;0.0555839;1.05882;0.00242473;0.929452;0.981797;
103000;0.011;0.470686;0.394043;4.65194e-05;0.00890731;0.00890731;0.0436145;0.050336;0.00163436;0.0504041;0.0504041;0.8;0.000808898;0.922842;0.983002;
103500;0.009;0.473206;0.394229;4.11856e-05;0.00858782;0.00858782;0.0449758;0.0522446;0.00103727;0.0485606;0.0485606;0.866667;0.0024218;0.936931;0.983564;
104000;0.0086;0.471159;0.395546;7.61593e-06;0.00859032;0.00859032;0.0444469;0.0486473;0.000271025;0.047514;0.047514;0.767442;0.00201735;0.953327;0.981815;
104500;0.008;0.472612;0.397086;4.24974e-06;0.00772972;0.00772972;0.0463497;0.0469444;0.000169027;0.0443933;0.0443933;0.9;0.00201613;0.956328;0.983918;
105000;0.0102;0.471953;0.39214;5.61468e-05;0.00840121;0.00840121;0.044428;0.0484615;0.00171847;0.0482069;0.0482069;0.882353;0.00202061;0.979562;0.98357;
105500;0.0066;0.473518;0.394027;3.06405e-05;0.00871855;0.00871855;0.0455067;0.0485376;0.000909914;0.0495624;0.0495624;1.33333;0.00201329;0.966283;0.983852;
106000;0.0092;0.475309;0.390174;0.000112082;0.00906194;0.00906194;0.0473203;0.0512403;0.00276993;0.0502605;0.0502605;0.891304;0.00201857;0.986711;0.982234;
106500;0.0084;0.47578;0.392896;1.30755e-05;0.010008;0.010008;0.0461616;0.0473897;0.000403637;0.0526747;0.0526747;1.33333;0.00221864;0.892889;0.983021;
107000;0.0096;0.474934;0.395664;3.13332e-05;0.00855129;0.00855129;0.0470535;0.0540367;0.00121663;0.0474396;0.0474396;0.8125;0.000807754;0.945135;0.981941;
107500;0.0094;0.475736;0.397976;6.11276e-05;0.00885295;0.00885295;0.0495235;0.0528894;0.00171966;0.0501314;0.0501314;0.914894;0.00222088;0.95271;0.98371;
108000;0.0084;0.476481;0.395185;5.56225e-05;0.0102291;0.0102291;0.0496497;0.0530944;0.00174691;0.054362;0.054362;1.28571;0.00181525;0.973573;0.981878;
108500;0.0108;0.47791;0.396361;2.26905e-05;0.00993079;0.00993079;0.0491317;0.0544156;0.000826281;0.0522531;0.0522531;0.944444;0.00181965;0.974272;0.98175;
109000;0.009;0.480013;0.397598;5.80823e-05;0.00879464;0.00879464;0.05144;0.0527554;0.00174582;0.0478902;0.0478902;0.888889;0.00262361;0.945263;0.982989;
109500;0.0114;0.479775;0.40044;0.000127116;0.00831739;0.00831739;0.049328;0.0540238;0.00288955;0.0477557;0.0477557;0.578947;0.00202306;0.948944;0.983344;
110000;0.0072;0.479532;0.398535;5.92474e-05;0.0091674;0.0091674;0.0505713;0.0553735;0.00219105;0.0496;0.0496;1.27778;0.00221595;0.97767;0.982884;
110500;0.0082;0.478526;0.394549;9.64962e-05;0.00792506;0.00792506;0.0496631;0.0559724;0.00292027;0.0434072;0.0434072;0.804878;0.00161323;0.943717;0.982693;
111000;0.0106;0.479332;0.397185;2.14231e-05;0.00842635;0.00842635;0.051741;0.0543117;0.000692568;0.0462604;0.0462604;0.716981;0.00202143;0.957181;0.983071;
111500;0.0106;0.482738;0.399093;6.14618e-05;0.00951695;0.00951695;0.0538242;0.0565639;0.00136644;0.0514889;0.0514889;0.962264;0.00222357;0.966756;0.983076;
112000;0.01;0.48108;0.397598;0.000116914;0.00867452;0.00867452;0.0543701;0.0568982;0.0025236;0.0474096;0.0474096;0.84;0.00141414;0.968765;0.9823;
112500;0.0102;0.474988;0.39961;0.000212867;0.00888047;0.00888047;0.0538296;0.0578084;0.00325912;0.0484717;0.0484717;0.843137;0.00121237;0.968975;0.981951;
113000;0.0094;0.475022;0.400873;9.35963e-05;0.0098984;0.0098984;0.0540606;0.05922;0.00185075;0.0505266;0.0505266;1;0.00222088;0.945672;0.981068;
113500;0.0074;0.473793;0.399108;0.000105048;0.0102318;0.0102318;0.0532287;0.061894;0.00221331;0.0539378;0.0539378;1.51351;0.00282087;0.964979;0.98287;
114000;0.009;0.476005;0.399732;9.19813e-05;0.0107024;0.0107024;0.056551;0.0626884;0.00173798;0.0544163;0.0544163;1.42222;0.00181635;0.924572;0.982071;
114500;0.0102;0.471513;0.398628;7.18533e-05;0.00899943;0.00899943;0.0591095;0.0644389;0.00173476;0.0501801;0.0501801;0.901961;0.00222267;0.97719;0.983452;
115000;0.0102;0.474439;0.397726;3.10391e-05;0.0107201;0.0107201;0.0624909;0.0639913;0.00109159;0.0534326;0.0534326;0.921569;0.00222267;0.96173;0.979591;
115500;0.0092;0.475293;0.399772;2.13117e-05;0.00852547;0.00852547;0.0634209;0.0576563;0.000881807;0.0478464;0.0478464;1.04348;0.00121114;0.981748;0.982992;
116000;0.0098;0.475343;0.396863;0.000110076;0.00932586;0.00932586;0.0655993;0.062444;0.00253295;0.0510954;0.0510954;0.816327;0.00222177;0.918307;0.981938;
116500;0.0078;0.477049;0.400959;8.15435e-05;0.00973534;0.00973534;0.0597235;0.0567646;0.00253352;0.0513939;0.0513939;1.02564;0.00181415;0.924014;0.98119;
117000;0.0082;0.477941;0.403489;4.39009e-05;0.00987695;0.00987695;0.0661373;0.055698;0.00173783;0.0536085;0.0536085;1.12195;0.00342811;0.971907;0.98316;
117500;0.009;0.483466;0.406168;8.20899e-05;0.00885562;0.00885562;0.0677916;0.0533959;0.00200089;0.0486193;0.0486193;0.755556;0.00221998;0.952897;0.982036;
118000;0.0114;0.484009;0.408951;8.35342e-05;0.0101421;0.0101421;0.0657232;0.0586576;0.00168161;0.0546969;0.0546969;0.859649;0.00222537;0.952024;0.98217;
118500;0.0104;0.485519;0.406917;3.46914e-05;0.00992005;0.00992005;0.0673683;0.058771;0.00148131;0.0537614;0.0537614;0.903846;0.00161681;0.925316;0.981952;
119000;0.0082;0.487931;0.406062;4.50556e-05;0.00925539;0.00925539;0.0669024;0.0607256;0.00143315;0.0528584;0.0528584;1.07317;0.0030248;0.949987;0.984509;
119500;0.0086;0.4878;0.402049;3.01714e-05;0.00903321;0.00903321;0.0667236;0.0616399;0.001129;0.0526566;0.0526566;0.976744;0.00121041;0.947966;0.983552;
120000;0.009;0.493856;0.400189;9.70169e-05;0.0102915;0.0102915;0.068627;0.0629671;0.00199965;0.0544604;0.0544604;1.04444;0.00221998;0.95691;0.981579;
120500;0.0086;0.497222;0.399103;1.49798e-05;0.00883789;0.00883789;0.0692172;0.0642825;0.00064917;0.0500267;0.0500267;0.860465;0.00242082;0.943583;0.983177;
121000;0.0078;0.501671;0.399604;4.88872e-05;0.0102847;0.0102847;0.0676468;0.0622181;0.00130547;0.0556832;0.0556832;1.15385;0.00282201;0.981577;0.982373;
121500;0.0092;0.498397;0.404241;8.41583e-05;0.010264;0.010264;0.0660953;0.0607587;0.00175315;0.0567847;0.0567847;1.02174;0.00222043;0.971299;0.982703;
122000;0.0078;0.500147;0.403501;7.26714e-05;0.00812499;0.00812499;0.0664839;0.0574582;0.00140511;0.0489219;0.0489219;1;0.00161258;0.929539;0.984909;
122500;0.0082;0.501963;0.403694;0.00026617;0.0101557;0.0101557;0.0680171;0.058873;0.00441161;0.0547386;0.0547386;1.07317;0.0030248;0.930893;0.981902;
123000;0.0082;0.500252;0.404596;0.000136423;0.00879716;0.00879716;0.067688;0.0574538;0.00232703;0.0497941;0.0497941;1.09756;0.00181488;0.983285;0.983759;
123500;0.0096;0.499503;0.407943;8.7203e-05;0.00824728;0.00824728;0.0655785;0.0565564;0.00174687;0.0483265;0.0483265;0.75;0.00181745;0.985257;0.983444;
124000;0.0102;0.503725;0.408283;9.2728e-05;0.00932233;0.00932233;0.067486;0.0596834;0.00190811;0.0524005;0.0524005;1;0.00141443;0.964195;0.983761;
124500;0.0108;0.503024;0.405906;5.79489e-05;0.00812386;0.00812386;0.06594;0.0590237;0.00203844;0.0471407;0.0471407;0.703704;0.00101092;0.970523;0.983409;
125000;0.0088;0.502193;0.404776;5.252e-05;0.00934062;0.00934062;0.0654763;0.0609592;0.00146851;0.0524001;0.0524001;1;0.00242131;0.96994;0.983698;
125500;0.0088;0.50341;0.404688;9.09333e-05;0.00943486;0.00943486;0.0654564;0.05663;0.00160179;0.0519034;0.0519034;0.931818;0.00282486;0.967216;0.982599;
126000;0.009;0.504242;0.403806;7.38171e-05;0.00888132;0.00888132;0.0659888;0.059704;0.00145769;0.05037;0.05037;0.866667;0.00181635;0.954891;0.983401;
126500;0.0084;0.502815;0.398916;0.000103162;0.0090751;0.0090751;0.0686304;0.0615636;0.00239212;0.0497901;0.0497901;1.14286;0.00181525;0.951925;0.983391;
127000;0.009;0.504146;0.394572;7.09494e-05;0.0085879;0.0085879;0.069153;0.0632028;0.00181655;0.0475388;0.0475388;0.755556;0.00201816;0.970341;0.982605;
127500;0.0104;0.499377;0.397338;2.01399e-05;0.00847973;0.00847973;0.0677095;0.0624768;0.000913313;0.0495121;0.0495121;0.692308;0.00202102;0.928696;0.984494;
128000;0.0102;0.501104;0.39736;6.89674e-06;0.00877202;0.00877202;0.0685533;0.0616211;0.000343856;0.0518812;0.0518812;0.882353;0.00161649;0.941481;0.985257;
128500;0.008;0.496121;0.400307;4.36954e-05;0.00792879;0.00792879;0.0655794;0.0613447;0.00116293;0.0469935;0.0469935;0.925;0.0016129;0.955988;0.984484;
129000;0.0086;0.497842;0.395701;6.70582e-05;0.00808845;0.00808845;0.0682721;0.0625125;0.00141004;0.0460631;0.0460631;0.860465;0.00201735;0.984005;0.983443;
129500;0.0102;0.496694;0.398389;0.000140166;0.00859015;0.00859015;0.0705359;0.0579121;0.00184602;0.0473512;0.0473512;0.666667;0.00141443;0.944816;0.981317;
130000;0.0102;0.494903;0.396564;7.18727e-05;0.00873723;0.00873723;0.072129;0.0595547;0.00116098;0.0488971;0.0488971;0.784314;0.00242473;0.956128;0.98325;
130500;0.0058;0.501268;0.395707;1.29033e-05;0.00886217;0.00886217;0.0741113;0.0608478;0.000624462;0.049761;0.049761;1.51724;0.0018105;0.973584;0.983773;
131000;0.0078;0.503015;0.390789;6.25906e-06;0.00985924;0.00985924;0.073335;0.0587148;0.000386874;0.0552887;0.0552887;1.23077;0.00302358;0.961623;0.983903;
131500;0.0106;0.508067;0.389777;3.69902e-05;0.00852116;0.00852116;0.0732143;0.0570781;0.000888098;0.0504623;0.0504623;0.698113;0.00303214;0.974773;0.985149;
132000;0.0094;0.507933;0.394825;0.000148127;0.00913022;0.00913022;0.0760513;0.05436;0.00300213;0.0498642;0.0498642;0.808511;0.00161518;0.882106;0.982627;
132500;0.0098;0.51405;0.394614;0.000108898;0.0090389;0.0090389;0.0769659;0.0566967;0.00189949;0.0510162;0.0510162;0.877551;0.00121188;0.949886;0.983193;
133000;0.0108;0.515685;0.396135;0.000136329;0.00861221;0.00861221;0.0787243;0.056112;0.00228367;0.0496066;0.0496066;0.722222;0.0024262;0.929189;0.983867;
133500;0.0098;0.518048;0.398382;6.76608e-05;0.00902745;0.00902745;0.0782539;0.0566675;0.00166087;0.0521214;0.0521214;0.938776;0.00201979;0.953918;0.984341;
134000;0.01;0.520464;0.399567;0.000174413;0.00934796;0.00934796;0.0786007;0.0570354;0.00306138;0.0508806;0.0508806;0.94;0.00222222;0.980516;0.982739;
134500;0.0096;0.523234;0.395097;6.19763e-05;0.00826926;0.00826926;0.0818213;0.0543301;0.00158724;0.0507252;0.0507252;0.958333;0.00181745;0.960577;0.985847;
135000;0.0064;0.527273;0.397076;0.000219047;0.00891191;0.00891191;0.0806506;0.0525264;0.00331183;0.0483822;0.0483822;1.4375;0.00140902;0.971947;0.982765;
135500;0.0086;0.533453;0.402141;0.000155191;0.00860834;0.00860834;0.081247;0.0542109;0.00369721;0.0501678;0.0501678;1.11628;0.00201735;0.956593;0.985172;
136000;0.0102;0.534607;0.406277;1.71248e-05;0.0082496;0.0082496;0.0832019;0.0557442;0.000907624;0.0496135;0.0496135;0.784314;0.00181855;0.939592;0.985654;
136500;0.0082;0.537616;0.407784;0.000167124;0.00860252;0.00860252;0.0821604;0.057888;0.00316932;0.0499242;0.0499242;1.09756;0.00201654;0.988079;0.985073;
137000;0.011;0.539511;0.407233;3.31642e-05;0.0087357;0.0087357;0.0830236;0.0607121;0.000915482;0.0500101;0.0500101;0.781818;0.00242669;0.981348;0.984723;
137500;0.0086;0.529318;0.40894;4.01737e-05;0.0088776;0.0088776;0.0808793;0.0590345;0.00126363;0.0513696;0.0513696;1.34884;0.00161388;0.987724;0.985154;
138000;0.012;0.530906;0.412061;4.13851e-05;0.00779017;0.00779017;0.0802235;0.0604847;0.000960951;0.0467588;0.0467588;0.633333;0.00202429;0.98046;0.985508;
138500;0.0086;0.535155;0.413415;3.3453e-05;0.00796998;0.00796998;0.0793129;0.0609086;0.00101087;0.0490582;0.0490582;0.930233;0.00221908;0.979239;0.985893;
139000;0.0088;0.536729;0.41533;4.37551e-06;0.00734303;0.00734303;0.0847377;0.0611291;0.00024086;0.0447206;0.0447206;0.840909;0.00181598;0.966085;0.986003;
139500;0.0086;0.539492;0.419987;0.000107005;0.00983559;0.00983559;0.0814414;0.06139;0.00197689;0.055439;0.055439;1.23256;0.00242082;0.929571;0.98414;
140000;0.0106;0.538322;0.420758;1.51526e-05;0.00950183;0.00950183;0.0855595;0.0587393;0.000618417;0.0546248;0.0546248;1.03774;0.00283;0.996635;0.985967;
140500;0.0094;0.543227;0.414838;3.11766e-05;0.00843412;0.00843412;0.0863894;0.0589628;0.000812017;0.0502324;0.0502324;1.23404;0.00161518;0.977427;0.986888;
141000;0.0092;0.545096;0.41513;3.28017e-05;0.00858014;0.00858014;0.0876958;0.0555672;0.00107989;0.0484628;0.0484628;0.978261;0.00222043;0.96728;0.984851;
141500;0.0104;0.544111;0.411662;1.0736e-05;0.007817;0.007817;0.0840146;0.0531463;0.000491923;0.047344;0.047344;0.692308;0.00181892;0.970301;0.98522;
142000;0.0084;0.540555;0.406171;5.48233e-06;0.00667339;0.00667339;0.0858872;0.0493343;0.000335694;0.0423497;0.0423497;0.785714;0.00242033;0.965282;0.986891;
142500;0.009;0.53412;0.403782;5.35474e-05;0.00737372;0.00737372;0.0858422;0.0470657;0.00198365;0.0454234;0.0454234;0.866667;0.00201816;0.96517;0.98681;
143000;0.0106;0.536996;0.403645;2.82032e-05;0.00799496;0.00799496;0.0863776;0.0448912;0.000981018;0.046665;0.046665;0.679245;0.00262786;0.969327;0.985017;
143500;0.0118;0.534809;0.407848;3.64565e-05;0.00763187;0.00763187;0.0855325;0.0414126;0.00136242;0.0456967;0.0456967;0.610169;0.00242866;0.941526;0.986096;
144000;0.0072;0.536204;0.406777;7.22426e-05;0.00677393;0.00677393;0.0861631;0.0411885;0.00234659;0.0427514;0.0427514;1;0.000604351;0.998839;0.986099;
144500;0.0092;0.536843;0.40558;6.09983e-05;0.00751389;0.00751389;0.0833124;0.0398049;0.00173072;0.044599;0.044599;0.934783;0.00161486;0.926502;0.986569;
145000;0.0076;0.533779;0.403968;9.25738e-05;0.00780431;0.00780431;0.0828665;0.0373739;0.00227734;0.0456335;0.0456335;0.973684;0.00181378;0.961612;0.984306;
145500;0.0098;0.529241;0.405727;6.29576e-05;0.00813075;0.00813075;0.0816518;0.0366172;0.00104668;0.0458659;0.0458659;1.08163;0.00121188;0.98197;0.984589;
146000;0.009;0.524249;0.40578;0.000146534;0.00643445;0.00643445;0.0782305;0.0359356;0.00234582;0.0391752;0.0391752;0.644444;0.00181635;0.972123;0.985517;
146500;0.0086;0.524321;0.406006;6.74792e-05;0.00753653;0.00753653;0.0784848;0.0356811;0.00115442;0.0431502;0.0431502;1.02326;0.00121041;0.975063;0.984466;
147000;0.0086;0.526467;0.407364;9.43311e-05;0.0079023;0.0079023;0.0771762;0.0377966;0.00219801;0.0483953;0.0483953;1.09302;0.00100867;0.93539;0.98623;
147500;0.008;0.529411;0.405347;5.3485e-05;0.00798282;0.00798282;0.0790991;0.0395959;0.00175156;0.0444119;0.0444119;1.1;0.00181452;0.95683;0.984286;
148000;0.0072;0.525703;0.403756;0.000201602;0.00756353;0.00756353;0.0783209;0.0396925;0.00351875;0.046011;0.046011;1.25;0.00221595;0.973198;0.986371;
148500;0.0086;0.525422;0.401317;2.22748e-05;0.00781799;0.00781799;0.0774996;0.0366299;0.00108454;0.0454775;0.0454775;0.976744;0.00181561;0.949984;0.985329;
149000;0.0094;0.51747;0.402838;3.94723e-05;0.00817097;0.00817097;0.0735708;0.0366024;0.00112895;0.0487015;0.0487015;1.10638;0.00181708;0.929448;0.98631;
149500;0.01;0.522675;0.404363;2.1853e-05;0.00739313;0.00739313;0.0748515;0.0393806;0.00114015;0.0432104;0.0432104;0.72;0.00222222;0.974782;0.984931;
150000;0.0074;0.519732;0.405135;7.11033e-05;0.00711481;0.00711481;0.074406;0.0396441;0.00203491;0.0430954;0.0430954;1.08108;0.00201491;0.992262;0.986069;
150500;0.011;0.518921;0.403055;0.00030127;0.00827199;0.00827199;0.0741288;0.041201;0.0055925;0.045725;0.045725;0.727273;0.00182002;0.984467;0.983241;
151000;0.0102;0.519822;0.399533;0.000128525;0.00812616;0.00812616;0.0753135;0.0409499;0.0029434;0.0450494;0.0450494;0.980392;0.00141443;0.949431;0.984786;
151500;0.0088;0.5166;0.398093;6.69073e-05;0.00820486;0.00820486;0.0730973;0.0407086;0.0019549;0.047763;0.047763;1.06818;0.00181598;0.972532;0.984976;
152000;0.0094;0.519941;0.399311;7.73361e-05;0.00808388;0.00808388;0.0764305;0.042994;0.00216739;0.0453034;0.0453034;0.957447;0.00201898;0.963578;0.984532;
152500;0.0082;0.512794;0.399742;3.05922e-05;0.00718918;0.00718918;0.0724457;0.046434;0.00128042;0.0447886;0.0447886;1;0.00161323;0.944774;0.986426;
153000;0.0092;0.519097;0.398032;5.38781e-05;0.0069372;0.0069372;0.0771036;0.0431559;0.00150725;0.0425182;0.0425182;0.869565;0.000807428;0.9603;0.985797;
153500;0.0084;0.521753;0.397511;5.26032e-06;0.0074964;0.0074964;0.0759173;0.0441757;0.000328453;0.0444414;0.0444414;1.02381;0.00161355;0.935401;0.985917;
154000;0.009;0.523263;0.401706;0.00010461;0.00759775;0.00759775;0.0769075;0.0429687;0.00250667;0.0446822;0.0446822;0.888889;0.00201816;0.975082;0.985309;
154500;0.0072;0.524663;0.399053;7.65441e-05;0.00763746;0.00763746;0.0725982;0.0381208;0.0020157;0.0443137;0.0443137;1.16667;0.0020145;0.968869;0.98561;
155000;0.0102;0.530177;0.398216;0.000172014;0.00717877;0.00717877;0.0744127;0.0370524;0.00371714;0.0436961;0.0436961;0.784314;0.00121237;0.966936;0.985846;
155500;0.009;0.52972;0.400018;2.71409e-05;0.00749411;0.00749411;0.0729644;0.0363527;0.000978297;0.0441717;0.0441717;0.866667;0.00141271;0.974915;0.985078;
156000;0.0098;0.531963;0.39998;3.6575e-05;0.00666493;0.00666493;0.0746325;0.0364996;0.00149272;0.0400518;0.0400518;0.816327;0.00141386;0.973595;0.986321;
156500;0.0084;0.529406;0.398057;3.97153e-05;0.00768894;0.00768894;0.0730471;0.0359452;0.00121526;0.0451638;0.0451638;1.02381;0.00262203;0.99138;0.985639;
157000;0.0104;0.536752;0.398905;6.0493e-05;0.00780444;0.00780444;0.076596;0.0367113;0.00233142;0.0454912;0.0454912;0.942308;0.00181892;0.980449;0.985592;
157500;0.0108;0.540557;0.398796;0.000102397;0.0066864;0.0066864;0.0778357;0.0387262;0.00215353;0.0430555;0.0430555;0.703704;0.00181965;0.980193;0.987454;
158000;0.0112;0.53873;0.397677;2.93951e-05;0.00805875;0.00805875;0.0777208;0.0387043;0.00143784;0.0471075;0.0471075;0.767857;0.00202265;0.984601;0.985098;
158500;0.0108;0.533283;0.397073;6.18824e-05;0.00814757;0.00814757;0.0747732;0.0373359;0.00115864;0.0458403;0.0458403;0.814815;0.00161747;0.97556;0.983679;
159000;0.0116;0.53648;0.398916;4.87608e-05;0.00822065;0.00822065;0.0767654;0.0364394;0.00109968;0.0486407;0.0486407;0.793103;0.00182113;0.949383;0.986089;
159500;0.011;0.540874;0.399867;4.67758e-05;0.00717239;0.00717239;0.0775118;0.0373738;0.00169801;0.0437552;0.0437552;0.636364;0.00242669;0.968796;0.986676;
160000;0.0072;0.53844;0.402844;2.61274e-05;0.00737017;0.00737017;0.0785784;0.0378414;0.00063375;0.0463424;0.0463424;1.05556;0.00261886;0.950683;0.987158;
160500;0.0094;0.542907;0.401522;2.00084e-05;0.00686906;0.00686906;0.079465;0.0371324;0.000650989;0.0425193;0.0425193;0.787234;0.00141328;0.960279;0.986406;
161000;0.009;0.539236;0.401693;3.91716e-05;0.00681908;0.00681908;0.0791977;0.0353793;0.00106552;0.0418049;0.0418049;0.866667;0.00221998;0.975059;0.986755;
161500;0.0096;0.538233;0.400285;0.000128051;0.00868931;0.00868931;0.0816866;0.036092;0.00225496;0.0490616;0.0490616;1.08333;0.00201939;0.969773;0.984581;
162000;0.0084;0.53858;0.402318;0.000197413;0.00750138;0.00750138;0.077943;0.0373799;0.00376866;0.0445344;0.0445344;1;0.00141186;0.951256;0.985682;
162500;0.012;0.536614;0.397669;6.17409e-05;0.00744931;0.00744931;0.0769088;0.0363006;0.00212;0.0455863;0.0455863;0.666667;0.00222672;0.956461;0.986531;
163000;0.0088;0.533696;0.400142;0.00012266;0.0080729;0.0080729;0.0754115;0.038842;0.00204658;0.0484612;0.0484612;0.954545;0.00322841;0.971588;0.986293;
163500;0.0094;0.531442;0.403188;0.000125273;0.00801379;0.00801379;0.0740284;0.0403594;0.00182378;0.0463528;0.0463528;0.744681;0.00242277;0.931017;0.984243;
164000;0.0094;0.526888;0.403664;0.00016895;0.00879212;0.00879212;0.0712279;0.0426508;0.00266447;0.0494185;0.0494185;1.02128;0.00222088;0.938267;0.984366;
164500;0.0068;0.534087;0.404835;0.000102084;0.00734196;0.00734196;0.0708401;0.0445418;0.00193281;0.0436219;0.0436219;1.17647;0.00140959;0.99892;0.985238;
165000;0.0086;0.533745;0.40895;0.000164226;0.00760232;0.00760232;0.0694718;0.0449788;0.00279222;0.0447104;0.0447104;1.18605;0.00080694;0.990706;0.985742;
165500;0.0064;0.531832;0.411119;9.18147e-05;0.00894046;0.00894046;0.0682357;0.0440687;0.00210681;0.049823;0.049823;1.40625;0.00181159;0.9639;0.983805;
166000;0.0096;0.537183;0.413522;9.39186e-05;0.00821867;0.00821867;0.0677;0.0421518;0.0018543;0.0471489;0.0471489;0.958333;0.00201939;0.96651;0.985316;
166500;0.009;0.534906;0.41207;5.30261e-05;0.00786189;0.00786189;0.0674636;0.044799;0.00106462;0.0475089;0.0475089;1;0.0024218;0.971128;0.986714;
167000;0.0104;0.534268;0.410868;6.4661e-05;0.00853236;0.00853236;0.0680094;0.0459997;0.00161406;0.0499443;0.0499443;0.846154;0.00202102;0.966276;0.984695;
167500;0.0068;0.53505;0.410124;2.6769e-05;0.00713683;0.00713683;0.0685227;0.0437393;0.000787951;0.0446758;0.0446758;0.941176;0.00281917;0.983481;0.986186;
168000;0.0088;0.53184;0.409378;8.41292e-06;0.00835199;0.00835199;0.068461;0.042211;0.000445315;0.0491126;0.0491126;1.11364;0.00242131;0.967453;0.986431;
168500;0.0072;0.532607;0.41074;5.16726e-05;0.00755264;0.00755264;0.0688291;0.042506;0.00169317;0.0449038;0.0449038;1.33333;0.00141015;0.977512;0.986228;
169000;0.008;0.537295;0.410638;1.37809e-05;0.00778755;0.00778755;0.0696893;0.0431268;0.000895932;0.0472342;0.0472342;1.2;0.00282258;0.986096;0.987193;
169500;0.0064;0.536698;0.407636;8.32364e-05;0.00738976;0.00738976;0.0680563;0.0437178;0.00218201;0.0442014;0.0442014;1.34375;0.00241546;0.96918;0.986666;
170000;0.0076;0.539461;0.409442;0.000122746;0.00738438;0.00738438;0.0676393;0.0438825;0.00307895;0.04352;0.04352;1.02632;0.00322451;0.980715;0.986072;
170500;0.0088;0.53997;0.410291;9.6873e-05;0.00716172;0.00716172;0.0670439;0.0443608;0.00235856;0.0431824;0.0431824;0.863636;0.00242131;0.980541;0.986103;
171000;0.0098;0.542113;0.409911;7.35616e-05;0.00739674;0.00739674;0.0660006;0.0432832;0.00139781;0.0458446;0.0458446;0.979592;0.00262573;0.984372;0.987582;
171500;0.0076;0.544683;0.410794;0.000103727;0.00763628;0.00763628;0.0675819;0.0458369;0.00189932;0.0446325;0.0446325;1.05263;0.00181378;0.938812;0.985649;
172000;0.0094;0.554305;0.413611;0.000191771;0.00692636;0.00692636;0.0711135;0.0499008;0.00274951;0.0426412;0.0426412;0.851064;0.00201898;0.983291;0.987145;
172500;0.0094;0.554828;0.411586;9.22179e-05;0.00696248;0.00696248;0.0699378;0.0509012;0.00199182;0.0444224;0.0444224;0.957447;0.00100949;0.981646;0.987742;
173000;0.0102;0.552791;0.412441;4.7005e-05;0.0065496;0.0065496;0.0697792;0.0489035;0.00166896;0.0430426;0.0430426;0.72549;0.00202061;0.985441;0.988018;
173500;0.0092;0.553576;0.410879;3.0557e-05;0.00696195;0.00696195;0.0708063;0.0497087;0.00152754;0.042116;0.042116;0.891304;0.00201857;0.986047;0.986995;
174000;0.0096;0.549792;0.409649;4.19088e-05;0.00774069;0.00774069;0.069945;0.0491959;0.00132684;0.045914;0.045914;1.02083;0.00181745;0.948415;0.986821;
174500;0.009;0.546007;0.414045;7.19485e-05;0.0075625;0.0075625;0.0694975;0.0504835;0.00205557;0.0459661;0.0459661;1.11111;0.00141271;0.979284;0.986889;
175000;0.009;0.550802;0.415117;4.44057e-05;0.00794478;0.00794478;0.069631;0.0502698;0.00203744;0.0462774;0.0462774;1.04444;0.00221998;0.984147;0.986133;
175500;0.0072;0.549255;0.416159;9.29961e-06;0.00680381;0.00680381;0.0692626;0.0498593;0.000328659;0.0429244;0.0429244;0.972222;0.0020145;0.983036;0.986867;
176000;0.0098;0.54964;0.417142;6.19658e-05;0.00789607;0.00789607;0.0694962;0.0511702;0.0018764;0.0473154;0.0473154;1.06122;0.00141386;0.972674;0.986807;
176500;0.0128;0.548986;0.415442;3.53838e-05;0.00709684;0.00709684;0.0689082;0.0538412;0.000734681;0.0435354;0.0435354;0.671875;0.000405186;0.979302;0.986201;
177000;0.0088;0.548689;0.414829;4.8233e-05;0.00703329;0.00703329;0.0690498;0.0556417;0.00123856;0.0425275;0.0425275;0.954545;0.00100888;0.992475;0.985838;
177500;0.012;0.55109;0.418443;1.41317e-05;0.0069292;0.0069292;0.0675412;0.0550429;0.000499746;0.0436945;0.0436945;0.55;0.00222672;0.965365;0.986462;
178000;0.008;0.554581;0.421259;4.90744e-05;0.00712707;0.00712707;0.0689553;0.0542805;0.00157396;0.0422177;0.0422177;1.025;0.00100806;0.982263;0.985856;
178500;0.0098;0.552503;0.416127;5.23873e-05;0.00678629;0.00678629;0.0659509;0.0550887;0.0016207;0.0419324;0.0419324;0.653061;0.00161584;0.964004;0.98599;
179000;0.0096;0.553589;0.417784;9.22733e-05;0.00848307;0.00848307;0.0668118;0.0551458;0.00177751;0.0483915;0.0483915;0.958333;0.0026252;0.945104;0.985226;
179500;0.012;0.552692;0.417036;0.000168953;0.00659613;0.00659613;0.0686833;0.0565828;0.00383555;0.0418651;0.0418651;0.666667;0.00182186;0.982543;0.987582;
180000;0.0082;0.55012;0.416572;0.000124761;0.00777108;0.00777108;0.067566;0.0588542;0.00345962;0.0471798;0.0471798;1.2439;0.00141157;0.991603;0.986605;
180500;0.0086;0.546885;0.416326;2.69258e-05;0.00728395;0.00728395;0.0670308;0.0586677;0.000656276;0.0443755;0.0443755;0.930233;0.00242082;0.979512;0.986517;
181000;0.0108;0.553605;0.417198;9.00118e-06;0.00736913;0.00736913;0.0695329;0.0577452;0.00046418;0.0468818;0.0468818;0.722222;0.00202184;0.961744;0.987625;
181500;0.009;0.551284;0.420389;7.92842e-05;0.00720194;0.00720194;0.0664787;0.0587198;0.00152983;0.045665;0.045665;0.933333;0.00221998;0.980486;0.987624;
182000;0.0074;0.553956;0.42422;9.0438e-05;0.00704723;0.00704723;0.0660487;0.0584412;0.00192934;0.0438675;0.0438675;1.18919;0.00161193;0.948561;0.98741;
182500;0.0094;0.551676;0.418388;0.000101456;0.00790485;0.00790485;0.065045;0.0590814;0.00203062;0.0469077;0.0469077;0.893617;0.00201898;0.94599;0.985327;
183000;0.0088;0.555785;0.419795;0.000162063;0.00681411;0.00681411;0.0670144;0.0569324;0.00378325;0.0427031;0.0427031;0.795455;0.00141243;0.954614;0.98666;
183500;0.0098;0.560501;0.417663;0.000120742;0.00704508;0.00704508;0.0685025;0.0579412;0.0025694;0.0447395;0.0447395;0.836735;0.00201979;0.972124;0.987894;
184000;0.0076;0.559742;0.421158;9.51911e-05;0.00781641;0.00781641;0.0702449;0.0573558;0.00178522;0.0476615;0.0476615;1.36842;0.00221685;0.980042;0.987395;
184500;0.0102;0.560061;0.419761;7.0369e-07;0.007731;0.007731;0.0717719;0.0582137;2.87194e-05;0.0472557;0.0472557;0.784314;0.00303092;0.944805;0.98705;
185000;0.008;0.562416;0.416453;1.49175e-05;0.00671906;0.00671906;0.0732825;0.0593901;0.000830865;0.0418046;0.0418046;0.95;0.00221774;0.948089;0.987631;
185500;0.0088;0.567748;0.413636;9.69046e-05;0.00598614;0.00598614;0.0741261;0.0612648;0.00280035;0.0381531;0.0381531;0.704545;0.00181598;0.977933;0.987543;
186000;0.007;0.573748;0.41362;0;0.0054113;0.0054113;0.0740131;0.0593388;0;0.0367503;0.0367503;1;0.00181269;0.976533;0.989344;
186500;0.0092;0.576977;0.411596;4.98244e-06;0.00605261;0.00605261;0.075142;0.0597321;0.000352277;0.0390195;0.0390195;0.891304;0.00161486;0.973881;0.988635;
187000;0.0092;0.580027;0.41141;2.95494e-05;0.00603901;0.00603901;0.0752371;0.0575954;0.00177775;0.0380892;0.0380892;0.891304;0.00201857;0.992124;0.988303;
187500;0.0112;0.581209;0.412585;8.05752e-06;0.00602476;0.00602476;0.073473;0.0560542;0.000569696;0.0385613;0.0385613;0.625;0.00242718;0.97118;0.988494;
188000;0.012;0.584491;0.416706;1.97296e-05;0.00683753;0.00683753;0.0751915;0.0559971;0.000795563;0.042092;0.042092;0.8;0.00182186;0.964602;0.98844;
188500;0.0068;0.580631;0.417078;4.19313e-05;0.00507157;0.00507157;0.0745357;0.0558683;0.00136453;0.0332427;0.0332427;0.911765;0.00181232;0.968121;0.989032;
189000;0.0088;0.576295;0.416718;4.00279e-05;0.00591417;0.00591417;0.0732119;0.0545697;0.00131542;0.0385537;0.0385537;0.954545;0.000605327;0.979719;0.988093;
189500;0.0098;0.572619;0.413532;4.43588e-05;0.00575849;0.00575849;0.0717381;0.0586534;0.00127624;0.0353742;0.0353742;0.591837;0.00242375;0.99296;0.987115;
190000;0.0074;0.571933;0.413499;2.49044e-05;0.00645985;0.00645985;0.0723405;0.0576242;0.000888219;0.0418771;0.0418771;1.10811;0.00181342;0.976484;0.988516;
190500;0.0086;0.572537;0.413242;7.54369e-05;0.0066463;0.0066463;0.0721253;0.0582022;0.00202913;0.0404949;0.0404949;1.09302;0.00221908;0.997816;0.988214;
191000;0.0122;0.574146;0.418251;1.79909e-05;0.00639109;0.00639109;0.0708906;0.0565385;0.000812576;0.0398889;0.0398889;0.655738;0.00283458;0.975776;0.988212;
191500;0.0088;0.572789;0.418783;6.16662e-05;0.00533938;0.00533938;0.0701772;0.0580072;0.0019262;0.0349707;0.0349707;0.909091;0.00121065;0.95445;0.989678;
192000;0.0098;0.572545;0.418812;8.00717e-05;0.00575254;0.00575254;0.068985;0.0562425;0.00234264;0.0375616;0.0375616;0.795918;0.00201979;0.958238;0.98922;
192500;0.0062;0.570111;0.42191;3.75128e-05;0.00686068;0.00686068;0.0702658;0.0552366;0.00180096;0.0420887;0.0420887;1.54839;0.00221373;0.966532;0.988336;
193000;0.0098;0.574937;0.419951;6.87706e-05;0.00605851;0.00605851;0.0705656;0.0588132;0.00238247;0.0392106;0.0392106;0.918367;0.00141386;0.984174;0.989198;
193500;0.0104;0.579836;0.421231;8.16902e-05;0.00678275;0.00678275;0.069307;0.0573306;0.0021357;0.0421054;0.0421054;1.01923;0.00242522;0.985876;0.989232;
194000;0.0098;0.580429;0.424954;4.41773e-05;0.00525215;0.00525215;0.0699877;0.0581386;0.00125253;0.0334743;0.0334743;0.673469;0.00262573;0.983048;0.988879;
194500;0.008;0.579577;0.430739;0.000109595;0.00651898;0.00651898;0.0697919;0.0590916;0.00198895;0.0392052;0.0392052;1.025;0.00201613;0.980383;0.986866;
195000;0.0098;0.581556;0.430623;6.9337e-05;0.00609522;0.00609522;0.0715135;0.0590767;0.00160701;0.0401813;0.0401813;0.857143;0.00222177;0.985406;0.989236;
195500;0.0102;0.580582;0.432685;2.50306e-05;0.00530214;0.00530214;0.0703071;0.0573983;0.000984665;0.0351386;0.0351386;0.803922;0.00121237;0.976288;0.989382;
196000;0.0098;0.58683;0.433114;9.22374e-05;0.00724104;0.00724104;0.0695739;0.0574265;0.00225;0.0437799;0.0437799;1.08163;0.00302969;0.977305;0.988812;
196500;0.007;0.589279;0.43087;7.08797e-05;0.0062483;0.0062483;0.0692228;0.0581866;0.00247683;0.0411821;0.0411821;1.28571;0.0020141;0.968835;0.989848;
197000;0.0108;0.586308;0.427151;3.87264e-05;0.00591865;0.00591865;0.0718345;0.056915;0.00116823;0.0379321;0.0379321;0.796296;0.0024262;0.971273;0.988996;
197500;0.0082;0.589208;0.433836;1.55523e-05;0.00668798;0.00668798;0.0691488;0.057545;0.00043402;0.0395164;0.0395164;1.41463;0.0030248;0.997417;0.988638;
198000;0.0124;0.596496;0.436046;7.72323e-05;0.00504435;0.00504435;0.0695044;0.0573288;0.00150022;0.0325207;0.0325207;0.66129;0.00121507;0.970114;0.989323;
198500;0.0112;0.599068;0.4334;6.95957e-05;0.00590533;0.00590533;0.0684641;0.055129;0.00232392;0.038141;0.038141;0.839286;0.00242718;0.968292;0.989998;
199000;0.0094;0.604554;0.433987;9.9862e-05;0.00501403;0.00501403;0.0683277;0.0546779;0.000994419;0.0333885;0.0333885;0.723404;0.00242277;0.976531;0.989156;
199500;0.0088;0.604472;0.429723;0.000296348;0.00483211;0.00483211;0.0694647;0.0576235;0.00330736;0.031088;0.031088;0.840909;0.00121065;0.973796;0.98896;
200000;0.0106;0.605873;0.427132;0.000203859;0.00585405;0.00585405;0.065805;0.0605323;0.00310698;0.0370391;0.0370391;0.943396;0.00161714;0.997919;0.9889;
