

seed;3184524054;
Npop;5000;
mu_feedback;0.0005;
mu_stress_influx;0.0005;
mu_influx;0.0005;
mu_hstart;0.0005;
sP2NP_1;0.19;
sNP2P_1;0.01;
init_feedback;0.1;
init_stress_influx;0.4;
init_influx;0.05;
init_hstart;0.5;
cue_P;0;
cue_NP;0;
s0;0;
ad;1.5;
aP;1;
mort_background;0.002;
dmax;1;
zmax;1;
r;1;
u;1;
p_att;0.5;
NumGen;200000;
base_name;sim_stress_17_02_2020_152706_4;
generation;freq_P;mean_feedback;mean_stress_influx;mean_influx;mean_hormone;mean_damage;sd_feedback;sd_stress_influx;sd_influx;sd_hormone;sd_damage;prop_dead_P;prop_dead_NP;mean_fecundity_P;mean_fecundity_NP;
0;0.0382;0.1;0.4;0.05;0.50432;0.50432;-nan;-nan;-nan;0.0413441;0.0413441;0.366492;0.000831774;0.500424;0.646447;
500;0.0324;0.0999004;0.40004;0.049993;0.521076;0.521076;0.00194501;0.00256325;0.00170989;0.0798112;0.0798112;0.154321;0.00186027;0.287828;0.63166;
1000;0.023;0.1;0.399953;0.0499396;0.518216;0.518216;0.00296427;0.00260212;0.00213668;0.0760848;0.0760848;0.356522;0.00163767;0.248593;0.632794;
1500;0.0284;0.099919;0.399707;0.0499225;0.520579;0.520579;0.00326512;0.0046318;0.00267417;0.0826817;0.0826817;0.119718;0.00164677;0.280797;0.630985;
2000;0.0274;0.100056;0.399871;0.0497973;0.518034;0.518034;0.00519354;0.00502271;0.00339879;0.0829734;0.0829734;0.175182;0.00246761;0.301476;0.632637;
2500;0.0252;0.100317;0.39988;0.0496784;0.515722;0.515722;0.00700746;0.00521963;0.00422077;0.0843623;0.0843623;0.222222;0.00123102;0.270235;0.6351;
3000;0.033;0.100064;0.400026;0.0495143;0.517683;0.517683;0.00558983;0.00634895;0.00464195;0.0948378;0.0948378;0.163636;0.00103413;0.243707;0.63591;
3500;0.0304;0.0998796;0.399939;0.0494477;0.516296;0.516296;0.00410631;0.00475811;0.00492763;0.0916114;0.0916114;0.203947;0.00185644;0.281554;0.635227;
4000;0.0264;0.0999183;0.399562;0.0491489;0.513422;0.513422;0.00493578;0.00700741;0.00560773;0.095856;0.095856;0.204545;0.00369762;0.318387;0.635552;
4500;0.0228;0.10011;0.399728;0.0487585;0.507583;0.507583;0.00606884;0.0063306;0.00635898;0.0964006;0.0964006;0.166667;0.001228;0.314401;0.640881;
5000;0.0262;0.100309;0.399691;0.0481728;0.504772;0.504772;0.0067503;0.00707422;0.00694859;0.109355;0.109355;0.19084;0.00164305;0.243332;0.645405;
5500;0.0274;0.100765;0.399576;0.0477318;0.49781;0.49781;0.0081024;0.00790788;0.00796529;0.111057;0.111057;0.167883;0.00185071;0.268055;0.652811;
6000;0.0248;0.100879;0.399334;0.0477243;0.496423;0.496423;0.00848387;0.00787487;0.00800173;0.11081;0.11081;0.153226;0.00164069;0.284143;0.652883;
6500;0.0234;0.101867;0.3988;0.0467492;0.486611;0.486611;0.0120874;0.0100987;0.00933865;0.122084;0.122084;0.188034;0.00286709;0.27555;0.661375;
7000;0.024;0.102188;0.399377;0.0458598;0.474706;0.474706;0.0131517;0.00789588;0.0101393;0.126728;0.126728;0.258333;0.00184426;0.311635;0.672636;
7500;0.026;0.101259;0.399621;0.0448328;0.467763;0.467763;0.00934595;0.00664898;0.0110757;0.133963;0.133963;0.2;0.00287474;0.296475;0.679777;
8000;0.023;0.10084;0.399911;0.0437429;0.458859;0.458859;0.00777518;0.0065993;0.0118534;0.14058;0.14058;0.226087;0.00122825;0.282972;0.687064;
8500;0.0258;0.100645;0.400412;0.0435016;0.456592;0.456592;0.00706675;0.00637322;0.0120857;0.139909;0.139909;0.209302;0.00184767;0.322994;0.689954;
9000;0.0222;0.100651;0.399973;0.0418694;0.441745;0.441745;0.00747486;0.00628861;0.0135064;0.150834;0.150834;0.279279;0.00204541;0.377594;0.700262;
9500;0.0234;0.100651;0.400073;0.0398334;0.421151;0.421151;0.00765276;0.00829282;0.0142952;0.159244;0.159244;0.205128;0.00122875;0.30362;0.721403;
10000;0.0238;0.100368;0.400144;0.040082;0.423743;0.423743;0.00583472;0.00637563;0.0142368;0.155645;0.155645;0.184874;0.00163901;0.393912;0.717254;
10500;0.0226;0.100192;0.400039;0.0392898;0.419772;0.419772;0.00473261;0.00629112;0.0148225;0.16407;0.16407;0.230088;0.00204625;0.343535;0.720266;
11000;0.0222;0.100279;0.399913;0.0378706;0.403768;0.403768;0.00479739;0.00642132;0.015276;0.166748;0.166748;0.297297;0.00163633;0.339669;0.734894;
11500;0.0222;0.100636;0.40003;0.036084;0.386114;0.386114;0.00598682;0.00632282;0.0161632;0.17189;0.17189;0.234234;0.00224995;0.47055;0.747801;
12000;0.0174;0.100306;0.400085;0.0349457;0.376253;0.376253;0.00641928;0.00573126;0.0160525;0.174471;0.174471;0.333333;0.00142479;0.354774;0.757049;
12500;0.0264;0.100167;0.400071;0.0346071;0.376331;0.376331;0.00672743;0.00596748;0.0161627;0.181447;0.181447;0.212121;0.00143796;0.36156;0.758871;
13000;0.021;0.0997885;0.400066;0.034087;0.370844;0.370844;0.00661992;0.00766025;0.0167413;0.1799;0.1799;0.257143;0.00265577;0.448419;0.760252;
13500;0.0246;0.0992412;0.400612;0.0338192;0.37134;0.37134;0.00631887;0.00954879;0.0167788;0.183485;0.183485;0.211382;0.00102522;0.415143;0.760496;
14000;0.0194;0.0993487;0.401015;0.0322186;0.355346;0.355346;0.00507416;0.0109673;0.0171103;0.186082;0.186082;0.381443;0.00122374;0.326073;0.774469;
14500;0.0204;0.0990699;0.400718;0.0310333;0.345059;0.345059;0.00566434;0.0109154;0.0172974;0.188496;0.188496;0.284314;0.00204165;0.400096;0.781883;
15000;0.0214;0.0993395;0.400857;0.0287192;0.324972;0.324972;0.00541894;0.0144179;0.0179709;0.195102;0.195102;0.35514;0.00286123;0.442858;0.797197;
15500;0.0226;0.0997245;0.401178;0.0262781;0.298107;0.298107;0.00448398;0.014795;0.0179017;0.191615;0.191615;0.283186;0.00184162;0.493472;0.81927;
16000;0.0176;0.0996562;0.400966;0.0249116;0.28322;0.28322;0.00479402;0.0118992;0.0179961;0.192966;0.192966;0.306818;0.00142508;0.557371;0.827431;
16500;0.0164;0.0999361;0.401374;0.0233869;0.270307;0.270307;0.00550132;0.0130615;0.0175576;0.191017;0.191017;0.304878;0.00223668;0.475065;0.839062;
17000;0.0128;0.0999118;0.402212;0.0225903;0.260612;0.260612;0.00504285;0.0130355;0.0174999;0.187324;0.187324;0.484375;0.00222853;0.481854;0.845889;
17500;0.0162;0.0997662;0.401547;0.0214886;0.251176;0.251176;0.00584047;0.013069;0.0176564;0.190175;0.190175;0.481481;0.00121976;0.586633;0.851985;
18000;0.0154;0.0997011;0.401149;0.0218089;0.25378;0.25378;0.00519164;0.0121524;0.0177563;0.189373;0.189373;0.480519;0.00182815;0.528482;0.85109;
18500;0.017;0.0996342;0.400764;0.0217797;0.255969;0.255969;0.00777644;0.0108754;0.0177495;0.193105;0.193105;0.447059;0.00122075;0.546338;0.848462;
19000;0.0158;0.0998149;0.40085;0.0201135;0.238906;0.238906;0.00919739;0.0113119;0.0170293;0.18918;0.18918;0.556962;0.00162569;0.495138;0.862705;
19500;0.0148;0.100173;0.40019;0.017884;0.218424;0.218424;0.00971286;0.010443;0.017279;0.189946;0.189946;0.486486;0.00162404;0.578263;0.874872;
20000;0.014;0.0998099;0.400509;0.0166066;0.205986;0.205986;0.00932509;0.00759072;0.0166645;0.187659;0.187659;0.428571;0.00263692;0.599099;0.883142;
20500;0.0136;0.0996163;0.400099;0.0156937;0.196135;0.196135;0.0107829;0.0073605;0.0161691;0.181296;0.181296;0.529412;0.00304136;0.594434;0.891083;
21000;0.0124;0.0998186;0.39993;0.0154213;0.193923;0.193923;0.0113761;0.00680716;0.0162292;0.180981;0.180981;0.596774;0.0018226;0.636165;0.891754;
21500;0.016;0.0992713;0.400356;0.0157042;0.199516;0.199516;0.0116275;0.0069479;0.016281;0.185937;0.185937;0.2625;0.00162602;0.570782;0.88809;
22000;0.0164;0.0991339;0.400565;0.0143029;0.186618;0.186618;0.0111212;0.00792999;0.0156248;0.182763;0.182763;0.45122;0.00122001;0.669202;0.896304;
22500;0.0142;0.0996252;0.400875;0.0141701;0.182839;0.182839;0.0107147;0.00820025;0.0154028;0.177394;0.177394;0.647887;0.00243457;0.68025;0.900297;
23000;0.0122;0.0995005;0.401037;0.0139841;0.185039;0.185039;0.00864169;0.00848511;0.0156392;0.180354;0.180354;0.655738;0.00161976;0.59857;0.898292;
23500;0.0156;0.099382;0.400897;0.0140709;0.18214;0.18214;0.00822148;0.00789034;0.0151601;0.176931;0.176931;0.551282;0.00203169;0.581494;0.902602;
24000;0.0148;0.0997989;0.401465;0.0138257;0.180284;0.180284;0.00788429;0.00805305;0.0153076;0.178258;0.178258;0.445946;0.00182704;0.644546;0.901974;
24500;0.0132;0.100374;0.401099;0.0128357;0.169027;0.169027;0.0103377;0.0060615;0.0150811;0.172727;0.172727;0.560606;0.00222943;0.648517;0.909893;
25000;0.0142;0.100718;0.401044;0.0126157;0.165665;0.165665;0.01103;0.00675545;0.0147674;0.168859;0.168859;0.591549;0.00121729;0.708173;0.912375;
25500;0.016;0.0999347;0.401106;0.0133327;0.173497;0.173497;0.0101052;0.00777383;0.0148799;0.170946;0.170946;0.375;0.000813008;0.71333;0.906584;
26000;0.0164;0.100002;0.401165;0.0130096;0.172955;0.172955;0.0105483;0.00758395;0.0151674;0.1737;0.1737;0.487805;0.00183001;0.717839;0.907141;
26500;0.0152;0.10097;0.401218;0.0130389;0.173769;0.173769;0.0111649;0.00799615;0.0149534;0.176;0.176;0.539474;0.00182778;0.634358;0.907078;
27000;0.0136;0.100536;0.401995;0.011947;0.159389;0.159389;0.00976784;0.0122721;0.0144214;0.167816;0.167816;0.632353;0.00081103;0.665332;0.916714;
27500;0.0134;0.100691;0.401307;0.0111246;0.153342;0.153342;0.0104278;0.0103531;0.0140841;0.165241;0.165241;0.462687;0.000810866;0.757265;0.918905;
28000;0.0154;0.100838;0.401129;0.0117275;0.157447;0.157447;0.0103497;0.0082937;0.0149219;0.172305;0.172305;0.428571;0.0014219;0.636178;0.91732;
28500;0.0128;0.100736;0.400531;0.0117845;0.16036;0.16036;0.0103456;0.00894751;0.0146852;0.170633;0.170633;0.703125;0.00222853;0.690615;0.915331;
29000;0.0148;0.100244;0.400165;0.0114735;0.158933;0.158933;0.0105039;0.0101037;0.0143319;0.171236;0.171236;0.472973;0.00121803;0.692795;0.91578;
29500;0.016;0.100657;0.40044;0.0105028;0.150643;0.150643;0.0112697;0.00955626;0.0138855;0.169686;0.169686;0.6125;0.00264228;0.640177;0.923245;
30000;0.014;0.100919;0.400853;0.0108938;0.152896;0.152896;0.0109393;0.00875295;0.0140224;0.168408;0.168408;0.671429;0.00162272;0.673279;0.92072;
30500;0.0138;0.101176;0.401025;0.0107378;0.146609;0.146609;0.0110041;0.0103439;0.0146478;0.170097;0.170097;0.565217;0.00243358;0.679796;0.923604;
31000;0.0124;0.101528;0.401606;0.010518;0.145735;0.145735;0.0114921;0.0116281;0.0140958;0.167849;0.167849;0.693548;0.000810045;0.657158;0.924505;
31500;0.0132;0.101839;0.401668;0.0099968;0.140952;0.140952;0.0122912;0.0112834;0.0138682;0.164584;0.164584;0.681818;0.00324281;0.768215;0.927594;
32000;0.0118;0.102512;0.401969;0.00950773;0.135752;0.135752;0.0125434;0.0112411;0.013267;0.15838;0.15838;0.644068;0.00202388;0.752074;0.931121;
32500;0.0128;0.103065;0.400983;0.00897846;0.132515;0.132515;0.0126697;0.0102798;0.0127585;0.157271;0.157271;0.671875;0.00222853;0.720849;0.93405;
33000;0.011;0.103414;0.400704;0.00885707;0.128604;0.128604;0.0125513;0.00971483;0.0126227;0.15329;0.15329;0.563636;0.00202224;0.709765;0.936008;
33500;0.0098;0.102508;0.40073;0.00817481;0.123568;0.123568;0.0121749;0.00919647;0.0122914;0.1513;0.1513;0.979592;0.00242375;0.689578;0.940264;
34000;0.0144;0.101812;0.401718;0.00814571;0.125708;0.125708;0.013149;0.0104007;0.0120526;0.152402;0.152402;0.513889;0.00162338;0.747543;0.938318;
34500;0.0144;0.101773;0.4018;0.0081548;0.126578;0.126578;0.0143233;0.0109473;0.012237;0.158297;0.158297;0.555556;0.00263799;0.68677;0.937857;
35000;0.0148;0.101361;0.401566;0.00823668;0.125396;0.125396;0.0141303;0.00923921;0.0123088;0.154717;0.154717;0.5;0.00203004;0.704548;0.93909;
35500;0.0134;0.101228;0.401674;0.00762125;0.121271;0.121271;0.0134076;0.010611;0.0112563;0.14794;0.14794;0.641791;0.00141901;0.80785;0.941127;
36000;0.017;0.0995356;0.401692;0.00754902;0.126574;0.126574;0.0151538;0.00943053;0.0114084;0.159703;0.159703;0.458824;0.00162767;0.713091;0.937706;
36500;0.012;0.100789;0.401746;0.00872643;0.133182;0.133182;0.0133332;0.0102289;0.0122814;0.159798;0.159798;0.65;0.00161943;0.697518;0.933129;
37000;0.0114;0.101537;0.402569;0.00865263;0.126828;0.126828;0.0141166;0.0101111;0.0121605;0.152793;0.152793;0.578947;0.000809225;0.752609;0.936716;
37500;0.0136;0.100746;0.402678;0.00861243;0.129256;0.129256;0.0142923;0.0118856;0.0124526;0.157527;0.157527;0.397059;0.00263585;0.665552;0.936392;
38000;0.0134;0.101082;0.402576;0.0087465;0.132737;0.132737;0.0136108;0.0115309;0.0123114;0.158559;0.158559;0.597015;0.00141901;0.794335;0.932889;
38500;0.01;0.100447;0.40317;0.00790247;0.124576;0.124576;0.0121885;0.0115767;0.0116372;0.153607;0.153607;0.88;0.00121212;0.679111;0.939335;
39000;0.0098;0.100118;0.402929;0.0074433;0.118707;0.118707;0.012949;0.0113747;0.0107933;0.145169;0.145169;1.02041;0.00161584;0.827829;0.943373;
39500;0.0138;0.100121;0.402742;0.00754035;0.123508;0.123508;0.0142444;0.0113449;0.0108199;0.149455;0.149455;0.478261;0.00182519;0.699455;0.941246;
40000;0.013;0.100006;0.401747;0.00736057;0.118874;0.118874;0.0125178;0.0115588;0.0106636;0.14694;0.14694;0.646154;0.00243161;0.760582;0.943925;
40500;0.012;0.099954;0.402094;0.00685086;0.114029;0.114029;0.0114958;0.0115516;0.0102771;0.141676;0.141676;0.35;0.00242915;0.825498;0.945317;
41000;0.0134;0.100864;0.402691;0.00668987;0.113075;0.113075;0.011373;0.010956;0.00947074;0.137424;0.137424;0.626866;0.0024326;0.772078;0.949073;
41500;0.015;0.100254;0.402694;0.00645298;0.11192;0.11192;0.0125267;0.0129134;0.00924584;0.139581;0.139581;0.586667;0.00324873;0.74786;0.950382;
42000;0.0104;0.100174;0.40342;0.00586083;0.106321;0.106321;0.0142141;0.0133037;0.00843811;0.13778;0.13778;0.653846;0.00181892;0.797656;0.951234;
42500;0.0116;0.0997758;0.40437;0.00590144;0.108236;0.108236;0.0145915;0.0129569;0.00796635;0.135756;0.135756;0.87931;0.00202347;0.783676;0.952393;
43000;0.013;0.100481;0.403784;0.0058771;0.105585;0.105585;0.0148199;0.0131465;0.00826583;0.131681;0.131681;0.538462;0.00182371;0.810147;0.953429;
43500;0.0156;0.100497;0.403767;0.00587548;0.107079;0.107079;0.0138379;0.013669;0.00826717;0.134272;0.134272;0.423077;0.000609508;0.785226;0.952515;
44000;0.0122;0.100291;0.404199;0.00582258;0.106545;0.106545;0.0126613;0.0159554;0.00805715;0.13184;0.13184;0.655738;0.000809881;0.759685;0.953565;
44500;0.0096;0.100362;0.404019;0.00574237;0.105624;0.105624;0.0136845;0.0175054;0.00770577;0.12789;0.12789;0.666667;0.00282714;0.767124;0.954396;
45000;0.0138;0.100432;0.403125;0.00607594;0.108264;0.108264;0.0129907;0.0178074;0.00851479;0.135295;0.135295;0.724638;0.00101399;0.775046;0.952846;
45500;0.012;0.100085;0.404456;0.00554424;0.104182;0.104182;0.0124013;0.0174868;0.00752216;0.132889;0.132889;0.683333;0.00263158;0.733427;0.955386;
46000;0.012;0.100337;0.404693;0.00571402;0.1057;0.1057;0.0121069;0.0169016;0.00779706;0.12965;0.12965;0.65;0.00303644;0.843674;0.953878;
46500;0.014;0.0997999;0.402846;0.00567684;0.105784;0.105784;0.0136212;0.0170348;0.00821058;0.134532;0.134532;0.6;0.0020284;0.844583;0.952875;
47000;0.0136;0.0993833;0.403699;0.00637054;0.11092;0.11092;0.012495;0.0168988;0.00835305;0.132702;0.132702;0.558824;0.00162206;0.749549;0.95169;
47500;0.011;0.100204;0.404251;0.00655372;0.113415;0.113415;0.0124441;0.0191052;0.00807248;0.133243;0.133243;0.636364;0.00202224;0.698097;0.950342;
48000;0.014;0.100836;0.405831;0.00663653;0.112126;0.112126;0.0135994;0.0192859;0.00824203;0.130988;0.130988;0.485714;0.00162272;0.736078;0.951511;
48500;0.01;0.100893;0.405398;0.00672911;0.112135;0.112135;0.0136002;0.0196059;0.00771026;0.127955;0.127955;0.86;0.00141414;0.800525;0.951054;
49000;0.0114;0.100659;0.405797;0.00667758;0.114465;0.114465;0.0137403;0.0181115;0.00725862;0.127794;0.127794;0.859649;0.00161845;0.737753;0.951529;
49500;0.0106;0.10206;0.405485;0.00724284;0.119139;0.119139;0.0136932;0.0185385;0.00749708;0.12799;0.12799;0.867925;0.00181928;0.723193;0.949209;
50000;0.011;0.102046;0.40347;0.00696183;0.112858;0.112858;0.0141236;0.0169692;0.00731791;0.121097;0.121097;0.618182;0.00202224;0.836927;0.95182;
50500;0.0138;0.102136;0.40297;0.00647894;0.10962;0.10962;0.0150766;0.0161672;0.00697814;0.122081;0.122081;0.536232;0.00182519;0.826162;0.953893;
51000;0.0138;0.102287;0.401452;0.00643851;0.111365;0.111365;0.0168817;0.0176972;0.00714393;0.126676;0.126676;0.391304;0.00202799;0.782102;0.952213;
51500;0.0144;0.103573;0.40015;0.0059509;0.10046;0.10046;0.0171333;0.0200137;0.00615716;0.116043;0.116043;0.486111;0.00162338;0.830804;0.959227;
52000;0.012;0.102898;0.400356;0.00607762;0.105801;0.105801;0.0191226;0.0210613;0.00639509;0.119458;0.119458;0.55;0.00202429;0.842349;0.955484;
52500;0.013;0.101032;0.400312;0.0062879;0.113341;0.113341;0.0212852;0.021053;0.00759333;0.132904;0.132904;0.707692;0.00222898;0.829824;0.950435;
53000;0.0122;0.101469;0.402622;0.00629898;0.114894;0.114894;0.0225017;0.0216643;0.00696397;0.134626;0.134626;0.95082;0.00161976;0.750397;0.950673;
53500;0.0122;0.101581;0.40375;0.0059072;0.110021;0.110021;0.0245597;0.0220113;0.00636102;0.129203;0.129203;0.655738;0.00161976;0.756594;0.95315;
54000;0.0124;0.101992;0.403977;0.00565596;0.106528;0.106528;0.0256104;0.0235028;0.00572338;0.126715;0.126715;0.580645;0.00141758;0.774247;0.954966;
54500;0.0118;0.103651;0.404551;0.00570339;0.106213;0.106213;0.027668;0.0242205;0.00563411;0.127567;0.127567;0.711864;0.00182149;0.750834;0.955556;
55000;0.0132;0.104079;0.404845;0.0055169;0.103516;0.103516;0.0280159;0.0239783;0.00559023;0.12531;0.12531;0.454545;0.00101338;0.789079;0.956016;
55500;0.0124;0.103298;0.404947;0.0056186;0.106022;0.106022;0.0266886;0.0251865;0.00604351;0.128865;0.128865;0.66129;0.00222762;0.829134;0.954652;
56000;0.01;0.103964;0.406408;0.00543778;0.104431;0.104431;0.0272749;0.0209046;0.00629401;0.133743;0.133743;0.78;0.0030303;0.799735;0.954355;
56500;0.0106;0.105453;0.40756;0.00557839;0.102179;0.102179;0.0286504;0.0218663;0.00690079;0.129243;0.129243;0.584906;0.00222357;0.833779;0.955394;
57000;0.0132;0.105837;0.408082;0.00610809;0.108024;0.108024;0.0299892;0.0237433;0.0070806;0.129385;0.129385;0.560606;0.00141873;0.811098;0.953437;
57500;0.0098;0.105776;0.408716;0.00570386;0.101967;0.101967;0.0315572;0.0251709;0.00567394;0.122982;0.122982;0.714286;0.000807918;0.791246;0.957073;
58000;0.0124;0.10512;0.410764;0.00577378;0.1073;0.1073;0.0292199;0.0264789;0.00555677;0.128646;0.128646;0.741935;0.00263264;0.738392;0.955771;
58500;0.0112;0.105744;0.410158;0.00596224;0.108993;0.108993;0.0301773;0.025319;0.00600721;0.127886;0.127886;0.732143;0.00262945;0.744086;0.954217;
59000;0.0124;0.107084;0.410457;0.0059937;0.106437;0.106437;0.0310416;0.0248708;0.00610155;0.123601;0.123601;0.580645;0.00121507;0.763607;0.955712;
59500;0.011;0.105617;0.409169;0.00594578;0.105414;0.105414;0.0297902;0.0236702;0.00606546;0.120921;0.120921;0.709091;0.0016178;0.773842;0.956624;
60000;0.013;0.109414;0.407579;0.00578763;0.101717;0.101717;0.0317237;0.0224762;0.00582019;0.119716;0.119716;0.430769;0.00162107;0.806641;0.957905;
60500;0.0144;0.108328;0.406194;0.00605725;0.106144;0.106144;0.0298506;0.0203999;0.00604976;0.121569;0.121569;0.597222;0.00263799;0.820256;0.956765;
61000;0.0126;0.106363;0.406422;0.00618363;0.107405;0.107405;0.0288721;0.0218847;0.00607988;0.122407;0.122407;0.492063;0.00101276;0.768499;0.955302;
61500;0.0116;0.104777;0.405553;0.00588506;0.105018;0.105018;0.0278811;0.0224146;0.00544233;0.121714;0.121714;0.706897;0.00242817;0.755587;0.957395;
62000;0.0124;0.104849;0.405808;0.00571261;0.105765;0.105765;0.0291146;0.023893;0.00637093;0.129635;0.129635;0.564516;0.00263264;0.77634;0.955033;
62500;0.0124;0.105004;0.405907;0.005922;0.109448;0.109448;0.029918;0.0267639;0.00563013;0.129697;0.129697;0.645161;0.0018226;0.830441;0.952708;
63000;0.014;0.107419;0.406304;0.00655525;0.112631;0.112631;0.0302908;0.0275217;0.0066232;0.128832;0.128832;0.471429;0.00162272;0.749422;0.952297;
63500;0.0108;0.106176;0.407203;0.0070716;0.11711;0.11711;0.0287621;0.028757;0.0073745;0.133809;0.133809;0.87037;0.00303275;0.79089;0.949499;
64000;0.013;0.106082;0.407384;0.00695765;0.117539;0.117539;0.0283104;0.0303401;0.00726941;0.130223;0.130223;0.753846;0.00182371;0.771092;0.950005;
64500;0.0134;0.105398;0.409983;0.00656501;0.113971;0.113971;0.0279543;0.0339605;0.00613964;0.125401;0.125401;0.567164;0.000810866;0.746182;0.952101;
65000;0.0104;0.106253;0.40822;0.00657628;0.110786;0.110786;0.0283089;0.0329086;0.00587847;0.121;0.121;0.923077;0.00101051;0.859411;0.953612;
65500;0.0138;0.10569;0.410192;0.00633111;0.112549;0.112549;0.0294629;0.0317663;0.00594574;0.127726;0.127726;0.623188;0.00283918;0.835102;0.952179;
66000;0.0124;0.106705;0.41069;0.00680654;0.113496;0.113496;0.0297681;0.0311836;0.00698683;0.132476;0.132476;0.612903;0.00222762;0.653241;0.952611;
66500;0.0166;0.107562;0.409621;0.0068317;0.113754;0.113754;0.0307018;0.0324451;0.00724845;0.130359;0.130359;0.493976;0.000610128;0.758668;0.951841;
67000;0.013;0.106083;0.411249;0.00658292;0.115941;0.115941;0.0311943;0.0332023;0.00692034;0.135812;0.135812;0.630769;0.00263425;0.6794;0.950375;
67500;0.0132;0.105251;0.413384;0.00652772;0.11536;0.11536;0.0315575;0.034134;0.00672579;0.137031;0.137031;0.606061;0.00182408;0.749667;0.949384;
68000;0.0128;0.104503;0.413988;0.00677048;0.120245;0.120245;0.0298846;0.0350097;0.00668097;0.135559;0.135559;0.6875;0.0028363;0.723059;0.947943;
68500;0.0114;0.101843;0.415557;0.00699423;0.121143;0.121143;0.0265277;0.0366787;0.00704631;0.135098;0.135098;0.614035;0.00141614;0.747188;0.945904;
69000;0.013;0.101635;0.420065;0.00675325;0.121633;0.121633;0.024769;0.0407502;0.00646084;0.135582;0.135582;0.4;0.00303951;0.691042;0.946495;
69500;0.013;0.101521;0.417184;0.00689386;0.121366;0.121366;0.0255902;0.0385247;0.00647018;0.133611;0.133611;0.723077;0.000810537;0.717854;0.947495;
70000;0.0118;0.100254;0.419279;0.00685235;0.120277;0.120277;0.0245106;0.04015;0.0058221;0.126656;0.126656;0.813559;0.00242866;0.753791;0.949466;
70500;0.01;0.100376;0.421218;0.00701466;0.124358;0.124358;0.0263704;0.0404474;0.0064106;0.131814;0.131814;1.12;0.0020202;0.783813;0.945906;
71000;0.0128;0.0998691;0.422979;0.00686496;0.126106;0.126106;0.0272933;0.0408174;0.00646233;0.137897;0.137897;0.796875;0.00182334;0.806162;0.943394;
71500;0.0094;0.100009;0.423955;0.00702881;0.123001;0.123001;0.0259613;0.0418579;0.00725524;0.13661;0.13661;0.787234;0.00141328;0.773501;0.944314;
72000;0.0148;0.0993421;0.421383;0.00667664;0.124054;0.124054;0.0253569;0.0405347;0.00652064;0.140234;0.140234;0.513514;0.00162404;0.743714;0.944424;
72500;0.012;0.099374;0.423047;0.00674721;0.120748;0.120748;0.0254487;0.0421692;0.0064622;0.135521;0.135521;0.633333;0.00222672;0.692998;0.947487;
73000;0.0146;0.0984266;0.422137;0.00696653;0.129855;0.129855;0.0269991;0.0427852;0.00684844;0.142741;0.142741;0.493151;0.00182667;0.670045;0.941945;
73500;0.0122;0.0989601;0.424005;0.00720592;0.129477;0.129477;0.026321;0.0465347;0.00680188;0.141236;0.141236;0.672131;0.00121482;0.695893;0.941776;
74000;0.0116;0.0989228;0.424446;0.00708768;0.122573;0.122573;0.0258254;0.044556;0.00599247;0.127633;0.127633;0.758621;0.00182113;0.72457;0.947924;
74500;0.011;0.0979423;0.426962;0.00730261;0.130593;0.130593;0.0254756;0.0456749;0.00581064;0.131755;0.131755;0.872727;0.00182002;0.811004;0.94201;
75000;0.0132;0.0974658;0.426724;0.00801242;0.137826;0.137826;0.0268357;0.0462033;0.00689315;0.142658;0.142658;0.606061;0.0016214;0.658917;0.93782;
75500;0.0094;0.0991643;0.429721;0.00853459;0.141302;0.141302;0.027555;0.0468263;0.00745205;0.143493;0.143493;0.829787;0.00161518;0.682398;0.934441;
76000;0.0156;0.0991546;0.430043;0.00866623;0.142818;0.142818;0.0256568;0.0487994;0.00838606;0.145547;0.145547;0.512821;0.00243803;0.678692;0.934815;
76500;0.012;0.0991799;0.43188;0.00802378;0.133858;0.133858;0.0261673;0.049094;0.00732697;0.138647;0.138647;0.55;0.00202429;0.7453;0.938957;
77000;0.0148;0.0980854;0.426787;0.00818355;0.139279;0.139279;0.0251834;0.0467594;0.00777293;0.14603;0.14603;0.608108;0.00223305;0.666625;0.936881;
77500;0.0142;0.0982822;0.431766;0.00839735;0.13822;0.13822;0.0264841;0.0491716;0.00724648;0.13662;0.13662;0.43662;0.00142017;0.734352;0.937319;
78000;0.0116;0.0964809;0.430789;0.00824906;0.141017;0.141017;0.0236322;0.0492013;0.00701129;0.138679;0.138679;0.741379;0.00182113;0.724299;0.935566;
78500;0.0122;0.0962958;0.427826;0.00844717;0.141745;0.141745;0.0233224;0.0481384;0.00780348;0.142676;0.142676;0.737705;0.00182223;0.650618;0.935451;
79000;0.0138;0.0957876;0.431964;0.00867086;0.144335;0.144335;0.0228304;0.0512857;0.00769216;0.144338;0.144338;0.565217;0.00121679;0.682581;0.933267;
79500;0.0148;0.0951517;0.432307;0.00801145;0.139972;0.139972;0.0225963;0.053038;0.00738467;0.139695;0.139695;0.635135;0.00223305;0.760967;0.936633;
80000;0.012;0.0959232;0.432398;0.00769142;0.134234;0.134234;0.0221781;0.0547456;0.00678694;0.134495;0.134495;0.633333;0.00242915;0.783718;0.939441;
80500;0.012;0.0963792;0.435437;0.00804485;0.135517;0.135517;0.0209781;0.0563209;0.00685831;0.133329;0.133329;0.633333;0.00182186;0.696125;0.939636;
81000;0.0144;0.0958011;0.434755;0.00823576;0.138715;0.138715;0.0219281;0.0555712;0.00746584;0.134568;0.134568;0.513889;0.00162338;0.749784;0.937382;
81500;0.0136;0.0938951;0.437099;0.00814343;0.142453;0.142453;0.0212746;0.0553073;0.00710665;0.138844;0.138844;0.691176;0.00263585;0.737892;0.935236;
82000;0.0136;0.0943596;0.437964;0.00814127;0.140656;0.140656;0.0199554;0.0563537;0.00697285;0.139767;0.139767;0.514706;0.00162206;0.623064;0.936789;
82500;0.0112;0.0943217;0.43553;0.00834542;0.139386;0.139386;0.0193677;0.0564433;0.00697016;0.13487;0.13487;0.821429;0.00101133;0.699907;0.937406;
83000;0.014;0.0948309;0.439917;0.00881829;0.145805;0.145805;0.0185381;0.0594186;0.00727608;0.137534;0.137534;0.571429;0.00162272;0.668607;0.934426;
83500;0.0128;0.094542;0.441645;0.00857797;0.142804;0.142804;0.0173615;0.0587151;0.00698877;0.137521;0.137521;0.46875;0.00182334;0.624769;0.936021;
84000;0.0136;0.0958506;0.442774;0.00876039;0.140144;0.140144;0.0172389;0.0589463;0.00701887;0.130154;0.130154;0.588235;0.00223033;0.743597;0.937846;
84500;0.0106;0.0942345;0.445485;0.00844836;0.139522;0.139522;0.0181118;0.0573744;0.00706196;0.130815;0.130815;0.754717;0.00242571;0.653946;0.938735;
85000;0.014;0.0946531;0.45201;0.0088359;0.146231;0.146231;0.0178993;0.0587728;0.00703657;0.135187;0.135187;0.685714;0.00283976;0.719562;0.934692;
85500;0.0136;0.0951592;0.453356;0.0090529;0.148088;0.148088;0.0184582;0.06057;0.0068484;0.133372;0.133372;0.558824;0.00223033;0.668951;0.93432;
86000;0.015;0.0943938;0.451577;0.00912233;0.151118;0.151118;0.018907;0.0611774;0.00697847;0.13564;0.13564;0.493333;0.00284264;0.713056;0.932028;
86500;0.0152;0.093643;0.451519;0.00837385;0.142306;0.142306;0.0194138;0.0608329;0.00671291;0.132671;0.132671;0.618421;0.00182778;0.740219;0.937054;
87000;0.012;0.093957;0.45038;0.0085362;0.141636;0.141636;0.018591;0.060635;0.00635158;0.127004;0.127004;0.616667;0.001417;0.742263;0.937399;
87500;0.0116;0.0943087;0.451712;0.00865291;0.144266;0.144266;0.0186298;0.0612715;0.00636767;0.130761;0.130761;0.655172;0.00222582;0.652769;0.93657;
88000;0.013;0.0934135;0.458728;0.00848364;0.144249;0.144249;0.0185898;0.0627784;0.00629532;0.132802;0.132802;0.523077;0.00162107;0.677905;0.936039;
88500;0.0132;0.0938654;0.457926;0.00873634;0.147611;0.147611;0.0185112;0.06383;0.00606693;0.132224;0.132224;0.69697;0.0016214;0.715275;0.93429;
89000;0.014;0.0939952;0.456998;0.00889977;0.148344;0.148344;0.0182369;0.0639782;0.00614799;0.132375;0.132375;0.557143;0.00344828;0.665229;0.93476;
89500;0.0162;0.0945535;0.459618;0.00885593;0.148698;0.148698;0.0186273;0.06414;0.00613646;0.134243;0.134243;0.493827;0.00182964;0.599882;0.935542;
90000;0.0148;0.0926367;0.462487;0.00882382;0.148904;0.148904;0.0184173;0.0639852;0.00581434;0.132586;0.132586;0.675676;0.00243605;0.644782;0.935361;
90500;0.0156;0.0916111;0.463596;0.00870903;0.147693;0.147693;0.0169762;0.0656345;0.00589806;0.130613;0.130613;0.641026;0.00121902;0.733927;0.934936;
91000;0.0128;0.0914194;0.466835;0.00846996;0.146814;0.146814;0.0166928;0.0647293;0.00615566;0.130967;0.130967;0.578125;0.00202593;0.736328;0.934129;
91500;0.0182;0.0906266;0.474945;0.00873384;0.151565;0.151565;0.0154267;0.0632828;0.00616857;0.135689;0.135689;0.516484;0.00366673;0.709613;0.933233;
92000;0.0126;0.0904994;0.47568;0.00855136;0.149341;0.149341;0.0152266;0.0629292;0.0060053;0.131295;0.131295;0.650794;0.00182297;0.679743;0.933544;
92500;0.0162;0.0906508;0.473514;0.00835891;0.144902;0.144902;0.0149832;0.0632635;0.00581929;0.128156;0.128156;0.506173;0.00203293;0.75515;0.936574;
93000;0.014;0.0909482;0.472499;0.00897309;0.153442;0.153442;0.0151641;0.0625749;0.00566631;0.131528;0.131528;0.7;0.00141988;0.649383;0.932333;
93500;0.0098;0.0909969;0.476406;0.00949606;0.154366;0.154366;0.0160561;0.0619323;0.00572969;0.123016;0.123016;0.571429;0.00222177;0.704196;0.930947;
94000;0.0132;0.0904214;0.47905;0.00974585;0.15931;0.15931;0.0157006;0.0609145;0.0064048;0.130082;0.130082;0.484848;0.00141873;0.704061;0.927489;
94500;0.0152;0.090734;0.481982;0.00979412;0.161698;0.161698;0.0169872;0.0611646;0.00614044;0.131669;0.131669;0.473684;0.000406174;0.713396;0.925928;
95000;0.0166;0.0905628;0.481121;0.0101172;0.164908;0.164908;0.0177415;0.0608873;0.00634346;0.132665;0.132665;0.53012;0.00244051;0.680179;0.92575;
95500;0.0154;0.0889164;0.481851;0.00981371;0.165839;0.165839;0.0184702;0.0589124;0.00640424;0.137866;0.137866;0.493506;0.00162503;0.55389;0.925165;
96000;0.0102;0.0884199;0.487565;0.0103084;0.168236;0.168236;0.0159888;0.0585021;0.00706287;0.134746;0.134746;0.627451;0.00323298;0.657291;0.921574;
96500;0.0136;0.0882728;0.48828;0.0106536;0.176688;0.176688;0.0156126;0.0588805;0.00728517;0.139883;0.139883;0.588235;0.00202758;0.63677;0.916488;
97000;0.0136;0.0885012;0.48894;0.0105593;0.172987;0.172987;0.0158244;0.0597148;0.00746977;0.140244;0.140244;0.441176;0.00162206;0.573986;0.918932;
97500;0.0146;0.0885134;0.484053;0.0112693;0.182448;0.182448;0.0167374;0.0611377;0.00820131;0.146603;0.146603;0.410959;0.00324741;0.624638;0.911902;
98000;0.012;0.0885867;0.486507;0.0111168;0.176993;0.176993;0.016231;0.0606237;0.00817377;0.143508;0.143508;0.683333;0.000809717;0.689519;0.914387;
98500;0.0146;0.0880118;0.486635;0.0103679;0.17239;0.17239;0.0160375;0.0612442;0.00773175;0.146515;0.146515;0.479452;0.00202963;0.581319;0.918693;
99000;0.0164;0.0899031;0.488205;0.010526;0.171512;0.171512;0.0155747;0.0606;0.00722397;0.141864;0.141864;0.426829;0.00122001;0.625493;0.91982;
99500;0.0114;0.0886325;0.485315;0.0103987;0.170949;0.170949;0.0159856;0.0611247;0.00764714;0.142621;0.142621;0.649123;0.00303459;0.676692;0.918423;
100000;0.0128;0.0884381;0.490606;0.0105536;0.17217;0.17217;0.0151317;0.0605307;0.00743524;0.140174;0.140174;0.65625;0.00263371;0.586906;0.920075;
100500;0.014;0.0880716;0.491491;0.0105057;0.173315;0.173315;0.0155605;0.0613208;0.0069714;0.136694;0.136694;0.528571;0.00182556;0.652119;0.918837;
101000;0.0132;0.0880886;0.495013;0.0106993;0.176778;0.176778;0.0157365;0.0597601;0.00674392;0.136925;0.136925;0.757576;0.00263478;0.61956;0.918005;
101500;0.0142;0.0878877;0.498038;0.0102269;0.171484;0.171484;0.0166292;0.0606705;0.00676928;0.136103;0.136103;0.366197;0.00223169;0.579267;0.920843;
102000;0.0154;0.0873903;0.500795;0.0101925;0.171587;0.171587;0.0164673;0.0605202;0.00632547;0.138321;0.138321;0.467532;0.00345318;0.618258;0.921021;
102500;0.016;0.086713;0.505827;0.0104969;0.176677;0.176677;0.0163409;0.0615473;0.00710869;0.145178;0.145178;0.5125;0.00264228;0.549023;0.917786;
103000;0.0128;0.0880368;0.51006;0.00993188;0.163875;0.163875;0.0156484;0.0617618;0.00717887;0.134939;0.134939;0.625;0.00162075;0.692991;0.92399;
103500;0.0138;0.0878102;0.511907;0.0100697;0.169197;0.169197;0.0152406;0.0609703;0.00760378;0.138024;0.138024;0.623188;0.00182519;0.70104;0.920429;
104000;0.015;0.0877713;0.513554;0.0102685;0.170921;0.170921;0.0155929;0.0596715;0.00767806;0.142293;0.142293;0.506667;0.00182741;0.620765;0.919565;
104500;0.013;0.0875618;0.514004;0.0105132;0.173749;0.173749;0.0159115;0.0591427;0.00732488;0.139406;0.139406;0.553846;0.00141844;0.592567;0.91844;
105000;0.0144;0.0870887;0.512537;0.0104897;0.17702;0.17702;0.0166668;0.0586707;0.00697829;0.142131;0.142131;0.597222;0.00142045;0.600795;0.916449;
105500;0.0118;0.087098;0.515565;0.0102816;0.17209;0.17209;0.0179057;0.0579655;0.00645091;0.132455;0.132455;0.644068;0.00283343;0.707374;0.919397;
106000;0.0142;0.0865552;0.518071;0.0104177;0.17977;0.17977;0.0185913;0.0568854;0.00678835;0.144742;0.144742;0.492958;0.00182593;0.598375;0.914042;
106500;0.0136;0.0874881;0.519087;0.0107003;0.178717;0.178717;0.0199401;0.0573879;0.00660464;0.139582;0.139582;0.558824;0.00283861;0.612115;0.9159;
107000;0.0166;0.0867422;0.517863;0.0109112;0.186908;0.186908;0.0204335;0.0556158;0.00665431;0.147372;0.147372;0.457831;0.00264389;0.572424;0.910622;
107500;0.0148;0.0868094;0.519365;0.0107362;0.183616;0.183616;0.0200839;0.05572;0.00650113;0.146157;0.146157;0.662162;0.00182704;0.61022;0.912249;
108000;0.016;0.0868947;0.518873;0.0110377;0.183897;0.183897;0.0181885;0.0571826;0.00671791;0.14447;0.14447;0.425;0.00223577;0.576667;0.912659;
108500;0.015;0.0866862;0.518893;0.0111981;0.184518;0.184518;0.016325;0.0553464;0.00633607;0.140457;0.140457;0.56;0.00243655;0.620659;0.912665;
109000;0.0164;0.0865461;0.519223;0.0110158;0.186652;0.186652;0.0154814;0.0552541;0.00659463;0.143035;0.143035;0.439024;0.00203335;0.599913;0.91106;
109500;0.0134;0.087396;0.52143;0.0112424;0.183423;0.183423;0.0158558;0.0557475;0.00632966;0.133469;0.133469;0.552239;0.00263531;0.658875;0.91332;
110000;0.0138;0.0863823;0.521072;0.0113064;0.189249;0.189249;0.0176701;0.0556172;0.00599438;0.138349;0.138349;0.507246;0.00283918;0.633375;0.909111;
110500;0.0152;0.0865034;0.525027;0.0111601;0.185953;0.185953;0.0179462;0.0543382;0.00587069;0.139702;0.139702;0.421053;0.0016247;0.513095;0.912881;
111000;0.0136;0.0864106;0.526578;0.0111834;0.183277;0.183277;0.0185197;0.0556093;0.00574943;0.131235;0.131235;0.426471;0.00283861;0.684639;0.913187;
111500;0.0132;0.0865237;0.53072;0.0109086;0.18087;0.18087;0.0167813;0.0550666;0.00623304;0.135531;0.135531;0.621212;0.00202675;0.706989;0.91413;
112000;0.0136;0.0861609;0.530814;0.0107891;0.18152;0.18152;0.0190258;0.0552071;0.00612833;0.140694;0.140694;0.573529;0.00364964;0.608347;0.914441;
112500;0.0142;0.0864718;0.530844;0.0109517;0.183566;0.183566;0.0183051;0.0549542;0.0068688;0.140669;0.140669;0.549296;0.00243457;0.549492;0.913796;
113000;0.0134;0.0854634;0.531849;0.0107201;0.182973;0.182973;0.0179484;0.055991;0.00612863;0.141464;0.141464;0.61194;0.00162173;0.575505;0.913438;
113500;0.014;0.0857873;0.534477;0.0110554;0.187918;0.187918;0.0180504;0.0540682;0.00599573;0.139662;0.139662;0.657143;0.0030426;0.540015;0.911886;
114000;0.0136;0.085168;0.538647;0.0114608;0.190092;0.190092;0.0183822;0.0500796;0.00658828;0.143037;0.143037;0.426471;0.00324412;0.596108;0.907946;
114500;0.014;0.0856456;0.541553;0.0115599;0.194013;0.194013;0.0178667;0.0478258;0.00666757;0.142296;0.142296;0.571429;0.00263692;0.626654;0.905474;
115000;0.0142;0.0859583;0.543289;0.0116136;0.191766;0.191766;0.0175009;0.0484405;0.00685504;0.142238;0.142238;0.464789;0.00223169;0.580296;0.907358;
115500;0.0118;0.0847473;0.541258;0.0113203;0.190133;0.190133;0.0177543;0.0483938;0.00641588;0.13741;0.13741;0.661017;0.00263105;0.713277;0.907503;
116000;0.0148;0.0846529;0.542058;0.0113898;0.194116;0.194116;0.0182183;0.0466462;0.00615534;0.144195;0.144195;0.527027;0.00182704;0.636338;0.905377;
116500;0.013;0.0864221;0.539922;0.0111935;0.187133;0.187133;0.0173482;0.0475786;0.00576896;0.136001;0.136001;0.646154;0.00162107;0.653415;0.910586;
117000;0.0174;0.0862135;0.542111;0.0115464;0.191448;0.191448;0.0169486;0.0463188;0.00576904;0.140844;0.140844;0.333333;0.00203542;0.567403;0.909159;
117500;0.0138;0.085749;0.547319;0.0115972;0.190407;0.190407;0.0167941;0.0431439;0.00585393;0.135501;0.135501;0.492754;0.00202799;0.703402;0.90799;
118000;0.0162;0.0858514;0.547062;0.0118655;0.198879;0.198879;0.019052;0.0434527;0.00637868;0.149997;0.149997;0.45679;0.00203293;0.575348;0.902573;
118500;0.0162;0.0846163;0.54758;0.0120271;0.201343;0.201343;0.018692;0.0442284;0.00721838;0.152462;0.152462;0.320988;0.00101647;0.49254;0.900651;
119000;0.0128;0.0840036;0.548412;0.0117731;0.200927;0.200927;0.0193916;0.0450651;0.00662462;0.149408;0.149408;0.609375;0.00243112;0.571334;0.900286;
119500;0.0156;0.0832533;0.545757;0.0120007;0.209235;0.209235;0.0205448;0.0470716;0.00656393;0.153892;0.153892;0.538462;0.00243803;0.582769;0.8948;
120000;0.016;0.0825618;0.544145;0.0118101;0.205251;0.205251;0.0189189;0.0458563;0.00583838;0.147118;0.147118;0.4625;0.00203252;0.545786;0.89917;
120500;0.018;0.0828462;0.543993;0.0116427;0.201754;0.201754;0.0178864;0.0468295;0.0058134;0.145402;0.145402;0.311111;0.00285132;0.549423;0.902111;
121000;0.0152;0.0835632;0.546698;0.0114407;0.194399;0.194399;0.0181513;0.0478759;0.00603535;0.140399;0.140399;0.605263;0.00121852;0.538599;0.907636;
121500;0.016;0.0825237;0.547603;0.011545;0.198399;0.198399;0.0179984;0.0453572;0.0059677;0.139929;0.139929;0.675;0.00101626;0.63376;0.904155;
122000;0.018;0.0815582;0.55057;0.0113459;0.199669;0.199669;0.0175406;0.0458534;0.00561756;0.138137;0.138137;0.4;0.001222;0.64249;0.903044;
122500;0.015;0.0816348;0.548324;0.0112054;0.195954;0.195954;0.0164692;0.0473388;0.00530007;0.137474;0.137474;0.666667;0.00162437;0.601936;0.906262;
123000;0.0124;0.0815439;0.551979;0.0113575;0.198354;0.198354;0.0172073;0.0466581;0.0052312;0.136818;0.136818;0.677419;0.00101256;0.592331;0.903455;
123500;0.0142;0.0811728;0.552715;0.01147;0.199697;0.199697;0.0169778;0.0466499;0.0056804;0.135281;0.135281;0.605634;0.00223169;0.642942;0.903225;
124000;0.016;0.0817513;0.550542;0.0116505;0.203428;0.203428;0.0168381;0.0449003;0.00567936;0.140842;0.140842;0.4875;0.00264228;0.526126;0.902052;
124500;0.0148;0.0815842;0.549068;0.0116356;0.200542;0.200542;0.0174341;0.0462643;0.00567569;0.137176;0.137176;0.527027;0.00142103;0.6159;0.902405;
125000;0.0132;0.0817902;0.551155;0.0113906;0.196795;0.196795;0.0168381;0.0438019;0.00550166;0.137046;0.137046;0.681818;0.0016214;0.602144;0.904978;
125500;0.0166;0.0809915;0.553609;0.0111503;0.196839;0.196839;0.0170062;0.0438748;0.00532399;0.139975;0.139975;0.445783;0.00223714;0.583009;0.905384;
126000;0.0192;0.0802022;0.55234;0.0114756;0.203194;0.203194;0.0180163;0.0421828;0.00521565;0.137994;0.137994;0.3125;0.00285481;0.605848;0.901856;
126500;0.0148;0.0803418;0.556184;0.0114457;0.202317;0.202317;0.0180036;0.0394202;0.00532193;0.138712;0.138712;0.391892;0.00182704;0.588016;0.901178;
127000;0.014;0.0800809;0.558224;0.0117986;0.208886;0.208886;0.0178931;0.0388078;0.00535148;0.140758;0.140758;0.385714;0.0020284;0.590362;0.896006;
127500;0.0198;0.0802246;0.558787;0.0119768;0.210785;0.210785;0.016902;0.0362926;0.00523138;0.139397;0.139397;0.373737;0.00244848;0.542102;0.898164;
128000;0.0132;0.0799015;0.558704;0.0120361;0.209726;0.209726;0.0184759;0.0369754;0.00560648;0.135568;0.135568;0.439394;0.00182408;0.583045;0.896298;
128500;0.0152;0.0788831;0.557817;0.0122624;0.215707;0.215707;0.0188131;0.0377157;0.00530428;0.141328;0.141328;0.5;0.00142161;0.581296;0.892014;
129000;0.019;0.0785356;0.559478;0.0121716;0.219327;0.219327;0.0187776;0.0395289;0.00512617;0.146504;0.146504;0.347368;0.00224261;0.517418;0.890956;
129500;0.0158;0.0782784;0.559893;0.0124883;0.225336;0.225336;0.0189414;0.0408678;0.00498636;0.145963;0.145963;0.468354;0.00162569;0.490775;0.886048;
130000;0.0144;0.0772172;0.558989;0.0124042;0.226481;0.226481;0.0195054;0.0394152;0.00557565;0.148898;0.148898;0.5;0.00121753;0.51194;0.883694;
130500;0.0154;0.0762171;0.5623;0.0124741;0.228943;0.228943;0.0192288;0.0383603;0.00491526;0.149156;0.149156;0.428571;0.00284379;0.612121;0.880969;
131000;0.0176;0.0757533;0.560822;0.0124559;0.231356;0.231356;0.0194449;0.0422695;0.00489016;0.152482;0.152482;0.431818;0.0012215;0.496849;0.881165;
131500;0.0192;0.0735715;0.561335;0.0123846;0.237808;0.237808;0.0193698;0.0438549;0.00528038;0.157483;0.157483;0.40625;0.0026509;0.502813;0.876073;
132000;0.0174;0.0742562;0.560985;0.0124491;0.238514;0.238514;0.0191022;0.0416196;0.00571886;0.158529;0.158529;0.425287;0.00305312;0.466646;0.87547;
132500;0.0178;0.0752868;0.561682;0.0122981;0.232872;0.232872;0.0191368;0.0416656;0.0054006;0.156018;0.156018;0.404494;0.00223987;0.487485;0.879554;
133000;0.0188;0.0753007;0.560006;0.0126267;0.23645;0.23645;0.0191838;0.0421642;0.00578416;0.154749;0.154749;0.468085;0.00224215;0.472166;0.878325;
133500;0.016;0.0742497;0.559359;0.0126079;0.235906;0.235906;0.0195399;0.0403149;0.00589696;0.153668;0.153668;0.4875;0.00182927;0.504982;0.87702;
134000;0.0182;0.0752578;0.561346;0.0127123;0.237424;0.237424;0.0195181;0.0404997;0.00492737;0.150662;0.150662;0.428571;0.0026482;0.534748;0.877077;
134500;0.016;0.0740133;0.562373;0.0128263;0.24077;0.24077;0.0188705;0.0405156;0.00468815;0.146928;0.146928;0.325;0.00203252;0.473505;0.875062;
135000;0.0182;0.0742258;0.561829;0.0131507;0.246697;0.246697;0.0194865;0.0390352;0.00447467;0.147893;0.147893;0.373626;0.00203707;0.499565;0.87123;
135500;0.018;0.0735585;0.559161;0.0133863;0.251313;0.251313;0.0186806;0.0398697;0.00472438;0.147127;0.147127;0.288889;0.00264766;0.536168;0.866819;
136000;0.0188;0.0750002;0.556228;0.013644;0.249801;0.249801;0.0187579;0.0399631;0.00491472;0.148736;0.148736;0.308511;0.00203832;0.478766;0.869284;
136500;0.0168;0.0756842;0.559995;0.0136727;0.242822;0.242822;0.017926;0.041859;0.00506625;0.141598;0.141598;0.392857;0.00183076;0.558607;0.873575;
137000;0.0182;0.0764637;0.558716;0.0135443;0.239995;0.239995;0.0190397;0.04017;0.00524458;0.139382;0.139382;0.307692;0.00122224;0.548196;0.87656;
137500;0.0174;0.0769663;0.56137;0.0135423;0.23748;0.23748;0.0193305;0.0390366;0.00466999;0.136691;0.136691;0.333333;0.00162833;0.474298;0.880124;
138000;0.0176;0.0760398;0.562871;0.0136172;0.243;0.243;0.0186851;0.0420741;0.00385155;0.136661;0.136661;0.465909;0.00142508;0.498825;0.87603;
138500;0.0188;0.0760798;0.560132;0.0139359;0.245322;0.245322;0.0192753;0.038713;0.00447841;0.136377;0.136377;0.393617;0.00203832;0.553482;0.873851;
139000;0.0192;0.0753571;0.561369;0.0141686;0.25245;0.25245;0.0185134;0.0411326;0.00491025;0.143235;0.143235;0.322917;0.00122349;0.496188;0.86823;
139500;0.019;0.0748764;0.561079;0.0142681;0.254532;0.254532;0.0176938;0.0419811;0.00435344;0.141445;0.141445;0.368421;0.00285423;0.426164;0.868405;
140000;0.018;0.0744595;0.56316;0.0140851;0.257764;0.257764;0.0182012;0.0423061;0.00403078;0.142585;0.142585;0.377778;0.00142566;0.428171;0.865139;
140500;0.0164;0.0736251;0.562339;0.0139038;0.252698;0.252698;0.0179964;0.0417153;0.00448749;0.139019;0.139019;0.487805;0.00162668;0.450289;0.868781;
141000;0.0184;0.0738329;0.560366;0.0140244;0.255553;0.255553;0.017446;0.0410784;0.00425837;0.144155;0.144155;0.413043;0.00285249;0.416815;0.867567;
141500;0.0172;0.0728933;0.561651;0.0140096;0.257371;0.257371;0.0173971;0.0399831;0.00461079;0.140266;0.140266;0.476744;0.001221;0.486517;0.864819;
142000;0.0208;0.0715962;0.565389;0.0141339;0.263142;0.263142;0.0174771;0.0405233;0.00470522;0.14402;0.14402;0.269231;0.00102124;0.508749;0.859869;
142500;0.0164;0.0711804;0.567424;0.0140535;0.265444;0.265444;0.0185243;0.0378645;0.00387813;0.140878;0.140878;0.426829;0.00325336;0.439163;0.858917;
143000;0.0148;0.0712669;0.566839;0.014122;0.263323;0.263323;0.0176256;0.0381812;0.0040954;0.139799;0.139799;0.527027;0.00203004;0.426806;0.860542;
143500;0.0166;0.0707699;0.567708;0.0142062;0.267523;0.267523;0.0178959;0.0381356;0.00433986;0.142127;0.142127;0.433735;0.00264389;0.44762;0.857013;
144000;0.0198;0.0696997;0.56703;0.0142278;0.273279;0.273279;0.018688;0.0362371;0.00446932;0.148551;0.148551;0.242424;0.00142828;0.422804;0.852506;
144500;0.0196;0.0681482;0.566076;0.0143315;0.281191;0.281191;0.018452;0.0371336;0.00446523;0.150254;0.150254;0.387755;0.00163199;0.446245;0.845805;
145000;0.0172;0.067091;0.56689;0.0142568;0.285264;0.285264;0.0189053;0.0378559;0.00452934;0.151688;0.151688;0.313953;0.0018315;0.40072;0.84177;
145500;0.0186;0.0662197;0.568353;0.0139199;0.283897;0.283897;0.0176818;0.0381691;0.00433946;0.150286;0.150286;0.451613;0.00244549;0.420091;0.844187;
146000;0.0232;0.0658115;0.57046;0.0140765;0.289553;0.289553;0.018016;0.0374325;0.00432239;0.155513;0.155513;0.301724;0.00184275;0.395717;0.840742;
146500;0.0192;0.0649489;0.5711;0.0141159;0.290488;0.290488;0.0168715;0.0383201;0.00471778;0.150092;0.150092;0.291667;0.00285481;0.44239;0.838164;
147000;0.0166;0.0652719;0.571919;0.0142902;0.290953;0.290953;0.017143;0.0380874;0.00425643;0.149662;0.149662;0.433735;0.00244051;0.444633;0.837005;
147500;0.02;0.065202;0.573451;0.0142597;0.289292;0.289292;0.0168865;0.0376221;0.00435495;0.146757;0.146757;0.4;0.00142857;0.459603;0.840007;
148000;0.0204;0.063293;0.570676;0.0144528;0.301044;0.301044;0.0160897;0.0349176;0.00395094;0.150282;0.150282;0.303922;0.00102082;0.419556;0.830117;
148500;0.017;0.0625412;0.571973;0.0144847;0.303313;0.303313;0.015896;0.0359219;0.00419588;0.147335;0.147335;0.411765;0.00122075;0.40711;0.827413;
149000;0.021;0.0625102;0.569668;0.0145026;0.308333;0.308333;0.016584;0.0354741;0.00480305;0.161285;0.161285;0.419048;0.00183861;0.378658;0.823623;
149500;0.0208;0.0617603;0.571643;0.0143542;0.307971;0.307971;0.016482;0.0371422;0.00486665;0.156411;0.156411;0.259615;0.00102124;0.354214;0.824611;
150000;0.0194;0.0621443;0.572762;0.0144689;0.303159;0.303159;0.0159594;0.0350387;0.00448245;0.150645;0.150645;0.278351;0.00265144;0.439925;0.827583;
150500;0.0202;0.0614817;0.571302;0.0144155;0.307953;0.307953;0.0166564;0.0349229;0.00427137;0.154221;0.154221;0.237624;0.00204123;0.408545;0.823648;
151000;0.0196;0.0612361;0.570266;0.0145065;0.310317;0.310317;0.016547;0.0382285;0.00423057;0.153658;0.153658;0.295918;0.00244798;0.394407;0.822328;
151500;0.0158;0.06109;0.572828;0.0145129;0.314906;0.314906;0.0179576;0.0398776;0.0040415;0.157635;0.157635;0.43038;0.0018289;0.383916;0.816192;
152000;0.0188;0.0606177;0.574147;0.0144756;0.314285;0.314285;0.0163087;0.0407687;0.00411199;0.154316;0.154316;0.404255;0.00163066;0.415344;0.818084;
152500;0.019;0.0602736;0.575667;0.014483;0.312386;0.312386;0.0163142;0.0432978;0.0042943;0.150731;0.150731;0.336842;0.00244648;0.428476;0.820222;
153000;0.0208;0.059887;0.57819;0.0145927;0.317068;0.317068;0.015466;0.043195;0.00449642;0.152261;0.152261;0.278846;0.00224673;0.407773;0.817131;
153500;0.0178;0.0600981;0.579246;0.0143344;0.313162;0.313162;0.0148715;0.0429044;0.00418547;0.155994;0.155994;0.370787;0.00203625;0.350516;0.819068;
154000;0.0212;0.0601926;0.580264;0.0142482;0.310809;0.310809;0.015383;0.04297;0.00412803;0.154288;0.154288;0.330189;0.00204332;0.437425;0.821477;
154500;0.02;0.0589569;0.579026;0.0139995;0.314538;0.314538;0.0152845;0.043046;0.00454675;0.158762;0.158762;0.34;0.00285714;0.359954;0.818376;
155000;0.0212;0.0583402;0.579871;0.0138829;0.314154;0.314154;0.015107;0.0435962;0.00425215;0.158314;0.158314;0.349057;0.00265631;0.342603;0.819965;
155500;0.0194;0.0570922;0.585918;0.0137117;0.317419;0.317419;0.014757;0.0466058;0.00443037;0.157762;0.157762;0.43299;0.0014277;0.416872;0.814859;
156000;0.0198;0.05682;0.585332;0.0136857;0.320626;0.320626;0.0140613;0.0464967;0.00473794;0.161235;0.161235;0.353535;0.00163232;0.361733;0.812323;
156500;0.0156;0.0575308;0.584382;0.0133974;0.308133;0.308133;0.0147209;0.0454545;0.00477936;0.15218;0.15218;0.525641;0.00223486;0.433802;0.821746;
157000;0.0194;0.0577178;0.579815;0.0132094;0.305847;0.305847;0.0155537;0.0406491;0.00449422;0.159559;0.159559;0.257732;0.00305935;0.310514;0.826075;
157500;0.0186;0.0585952;0.579313;0.0136096;0.307057;0.307057;0.0163226;0.0396417;0.00505958;0.157484;0.157484;0.344086;0.00142653;0.426475;0.822809;
158000;0.0194;0.0583625;0.580079;0.0133255;0.304095;0.304095;0.0184944;0.0400278;0.00464593;0.154398;0.154398;0.237113;0.00203957;0.430793;0.825495;
158500;0.0198;0.0582961;0.578668;0.0131774;0.301077;0.301077;0.0177273;0.0423854;0.00466889;0.154639;0.154639;0.363636;0.00081616;0.482477;0.827438;
159000;0.0204;0.0572118;0.579058;0.0133303;0.309123;0.309123;0.0171662;0.0411682;0.00495087;0.156308;0.156308;0.362745;0.00367497;0.468747;0.821323;
159500;0.0186;0.0563938;0.580301;0.0133136;0.311012;0.311012;0.0157574;0.040003;0.00470305;0.155975;0.155975;0.365591;0.00346444;0.406563;0.820356;
160000;0.0212;0.0556157;0.580879;0.0134972;0.317276;0.317276;0.0153251;0.043313;0.00481407;0.158886;0.158886;0.235849;0.00143032;0.392104;0.815333;
160500;0.0228;0.0553896;0.580274;0.0132104;0.313239;0.313239;0.0140474;0.0429748;0.00529146;0.1614;0.1614;0.289474;0.00266066;0.352624;0.820148;
161000;0.021;0.0565387;0.581514;0.0131945;0.306655;0.306655;0.0150858;0.0426316;0.00535763;0.161486;0.161486;0.285714;0.00245148;0.414178;0.823486;
161500;0.017;0.0568971;0.578993;0.013332;0.305559;0.305559;0.0144828;0.0423367;0.00568651;0.158382;0.158382;0.352941;0.00264496;0.385865;0.824;
162000;0.018;0.0555641;0.578104;0.0133687;0.311157;0.311157;0.0127514;0.0417102;0.00493225;0.151765;0.151765;0.333333;0.00224033;0.441322;0.819553;
162500;0.0154;0.055044;0.58086;0.013104;0.306221;0.306221;0.0132047;0.0433124;0.00483665;0.153984;0.153984;0.311688;0.0014219;0.480268;0.821479;
163000;0.0212;0.055102;0.584734;0.0127674;0.305852;0.305852;0.0123303;0.0439123;0.00462522;0.158548;0.158548;0.245283;0.00122599;0.483628;0.823044;
163500;0.0226;0.0558976;0.584645;0.0125146;0.296535;0.296535;0.0130569;0.044535;0.00554969;0.160356;0.160356;0.318584;0.000818498;0.505832;0.830182;
164000;0.0158;0.0556457;0.585864;0.0122535;0.289167;0.289167;0.0125943;0.0437934;0.00462047;0.148941;0.148941;0.405063;0.00121926;0.447625;0.837285;
164500;0.0214;0.055252;0.583002;0.0122318;0.294742;0.294742;0.0127428;0.0410068;0.00479471;0.154035;0.154035;0.336449;0.000817494;0.492517;0.83308;
165000;0.0226;0.0547712;0.584968;0.0122718;0.300558;0.300558;0.0137131;0.0415997;0.00451696;0.160685;0.160685;0.327434;0.00245549;0.422584;0.829085;
165500;0.0224;0.0541064;0.582375;0.0118335;0.293064;0.293064;0.0126951;0.0417848;0.00493919;0.161568;0.161568;0.223214;0.00204583;0.427965;0.834433;
166000;0.019;0.0538335;0.585531;0.0122806;0.303633;0.303633;0.0121643;0.0421395;0.00496036;0.160615;0.160615;0.452632;0.00224261;0.392303;0.826075;
166500;0.0234;0.0544379;0.586488;0.0124455;0.301906;0.301906;0.0120942;0.0417369;0.00488283;0.161361;0.161361;0.273504;0.00163834;0.37876;0.829013;
167000;0.0172;0.0545311;0.59031;0.0126481;0.298732;0.298732;0.0118162;0.0441259;0.00609135;0.153022;0.153022;0.27907;0.002035;0.483585;0.828522;
167500;0.0202;0.0540537;0.592717;0.0126878;0.305398;0.305398;0.0115446;0.0452482;0.00439047;0.153319;0.153319;0.277228;0.00122474;0.405413;0.825838;
168000;0.0204;0.0539236;0.594342;0.0126306;0.302033;0.302033;0.012473;0.0455131;0.00481593;0.15134;0.15134;0.401961;0.00163332;0.457124;0.828114;
168500;0.0228;0.0537047;0.591942;0.0126447;0.310145;0.310145;0.0119949;0.0432307;0.00432048;0.156933;0.156933;0.315789;0.00286533;0.435447;0.821913;
169000;0.0206;0.0529582;0.59785;0.0126383;0.311276;0.311276;0.0116707;0.0481153;0.00427695;0.156431;0.156431;0.281553;0.00142945;0.401313;0.820504;
169500;0.016;0.0523611;0.598446;0.0126912;0.313164;0.313164;0.0121351;0.0477068;0.00440721;0.154136;0.154136;0.3125;0.00142276;0.447858;0.816335;
170000;0.02;0.0512532;0.596285;0.012887;0.323507;0.323507;0.0119618;0.0464247;0.00447262;0.153218;0.153218;0.39;0.00102041;0.439957;0.809596;
170500;0.0234;0.0510948;0.598854;0.0130615;0.330338;0.330338;0.0118743;0.0495731;0.0042074;0.156147;0.156147;0.290598;0.00204792;0.382909;0.806225;
171000;0.021;0.0508906;0.597599;0.013234;0.33064;0.33064;0.0113225;0.04824;0.00449961;0.153309;0.153309;0.304762;0.00183861;0.407774;0.80481;
171500;0.0248;0.0499633;0.596759;0.0131927;0.33909;0.33909;0.0104595;0.0478102;0.00427686;0.162;0.162;0.201613;0.00184578;0.324559;0.799079;
172000;0.0224;0.0501263;0.599245;0.0134254;0.339429;0.339429;0.0115904;0.0489507;0.0039927;0.155703;0.155703;0.285714;0.00163666;0.390218;0.797586;
172500;0.022;0.0495112;0.602142;0.0131869;0.337678;0.337678;0.0104212;0.050388;0.00429606;0.153639;0.153639;0.363636;0.000817996;0.343152;0.800372;
173000;0.019;0.0499025;0.602951;0.0131895;0.336794;0.336794;0.013011;0.0500876;0.00450474;0.154582;0.154582;0.315789;0.00122324;0.348134;0.799177;
173500;0.024;0.0496368;0.605422;0.0131098;0.34175;0.34175;0.0136025;0.0518453;0.00423805;0.158579;0.158579;0.275;0.00122951;0.381147;0.795751;
174000;0.0198;0.0501558;0.605;0.0128002;0.32837;0.32837;0.0142772;0.0513707;0.00430249;0.151296;0.151296;0.282828;0.00122424;0.372572;0.807071;
174500;0.0232;0.0498115;0.605981;0.0128606;0.337321;0.337321;0.0128688;0.0524761;0.00415816;0.160734;0.160734;0.25;0.00225225;0.35514;0.79979;
175000;0.0176;0.0495524;0.608116;0.0129004;0.337048;0.337048;0.0127737;0.0526988;0.00437004;0.159058;0.159058;0.306818;0.00183225;0.29494;0.798701;
175500;0.022;0.0504039;0.603968;0.0128532;0.331762;0.331762;0.0131149;0.0503279;0.00418596;0.159288;0.159288;0.381818;0.00408998;0.396756;0.803482;
176000;0.0196;0.0494818;0.604844;0.0127161;0.331591;0.331591;0.0113674;0.0505828;0.00396512;0.155039;0.155039;0.367347;0.00244798;0.369024;0.804118;
176500;0.025;0.0493351;0.601522;0.0127458;0.331744;0.331744;0.0100095;0.0493802;0.00412735;0.155481;0.155481;0.272;0.00184615;0.327016;0.807263;
177000;0.021;0.0494333;0.600089;0.0128615;0.333033;0.333033;0.010519;0.0475009;0.00437128;0.154252;0.154252;0.304762;0.00388151;0.320693;0.804913;
177500;0.0206;0.0492279;0.599419;0.0126624;0.328487;0.328487;0.0105688;0.0485734;0.00396069;0.150165;0.150165;0.23301;0.00163365;0.41346;0.806758;
178000;0.021;0.0491871;0.60363;0.0126412;0.328391;0.328391;0.00977181;0.0510356;0.00484232;0.151551;0.151551;0.32381;0.00224719;0.343792;0.808384;
178500;0.0204;0.0486945;0.607747;0.0126888;0.328986;0.328986;0.00870649;0.0528004;0.00472651;0.150553;0.150553;0.22549;0.00326664;0.370783;0.807319;
179000;0.0204;0.0488233;0.610019;0.0127254;0.327633;0.327633;0.00872219;0.0551336;0.00432036;0.151753;0.151753;0.313725;0.00183748;0.430247;0.806985;
179500;0.0236;0.049001;0.612423;0.0126249;0.326275;0.326275;0.00911187;0.0554502;0.00472057;0.154597;0.154597;0.254237;0.00184351;0.412658;0.809068;
180000;0.0234;0.0488893;0.615;0.0125884;0.331385;0.331385;0.00978668;0.0564268;0.00436687;0.157413;0.157413;0.34188;0.00307188;0.382632;0.804864;
180500;0.0192;0.048977;0.616068;0.0125457;0.330153;0.330153;0.011273;0.0569582;0.00507683;0.158097;0.158097;0.25;0.00203915;0.329922;0.805006;
181000;0.0216;0.048048;0.616853;0.0125753;0.335739;0.335739;0.0093303;0.0573776;0.00525677;0.16003;0.16003;0.37037;0.00122649;0.367377;0.800184;
181500;0.0214;0.0478228;0.615989;0.0127337;0.337631;0.337631;0.00898972;0.0574381;0.00548628;0.155739;0.155739;0.28972;0.00122624;0.330015;0.800033;
182000;0.023;0.0477387;0.620078;0.0124513;0.334594;0.334594;0.00829585;0.060702;0.00438804;0.15612;0.15612;0.208696;0.00204708;0.370579;0.802204;
182500;0.022;0.0480595;0.620312;0.0125745;0.334873;0.334873;0.0090474;0.0608501;0.00406199;0.155158;0.155158;0.345455;0.00122699;0.357749;0.802173;
183000;0.0186;0.0482377;0.618954;0.0128264;0.336922;0.336922;0.00892729;0.0596822;0.003998;0.148997;0.148997;0.268817;0.00203791;0.44791;0.798434;
183500;0.026;0.0480658;0.62244;0.0128992;0.341847;0.341847;0.00813598;0.0614728;0.00423933;0.157373;0.157373;0.276923;0.00246407;0.375724;0.797512;
184000;0.0236;0.0483558;0.622573;0.0128393;0.337783;0.337783;0.00750542;0.0612018;0.00395065;0.153239;0.153239;0.237288;0.00184351;0.340027;0.801294;
184500;0.0202;0.0485293;0.627212;0.012629;0.332063;0.332063;0.00829706;0.0619149;0.00436239;0.150202;0.150202;0.29703;0.0026536;0.328383;0.805574;
185000;0.0228;0.0484852;0.629711;0.0126561;0.332376;0.332376;0.00813995;0.0642668;0.00479446;0.157602;0.157602;0.333333;0.00204666;0.354735;0.804727;
185500;0.023;0.0484339;0.632741;0.0126383;0.331488;0.331488;0.0079215;0.0638443;0.00415579;0.155095;0.155095;0.304348;0.00122825;0.364537;0.805525;
186000;0.0202;0.048076;0.639923;0.0127818;0.3374;0.3374;0.00821291;0.0660286;0.00401498;0.156142;0.156142;0.247525;0.00142886;0.354317;0.799305;
186500;0.0266;0.0482646;0.639573;0.0128066;0.338504;0.338504;0.00827184;0.0653005;0.00385873;0.156978;0.156978;0.150376;0.00143826;0.353053;0.800834;
187000;0.0216;0.0480902;0.638431;0.0127188;0.336973;0.336973;0.00789444;0.0661476;0.00411734;0.151216;0.151216;0.240741;0.00306623;0.378853;0.800532;
187500;0.0206;0.0482491;0.64316;0.0128788;0.336188;0.336188;0.00802225;0.0649917;0.00497574;0.146962;0.146962;0.252427;0.00245048;0.429761;0.80086;
188000;0.023;0.0480732;0.644762;0.0126649;0.336372;0.336372;0.00868247;0.0660615;0.00488598;0.1572;0.1572;0.243478;0.00102354;0.346337;0.801643;
188500;0.022;0.0481401;0.649741;0.0126;0.336563;0.336563;0.00872247;0.0668616;0.00401204;0.154003;0.154003;0.236364;0.00245399;0.378071;0.800816;
189000;0.0236;0.0478376;0.649813;0.0127369;0.337819;0.337819;0.00834933;0.0672119;0.00394621;0.151005;0.151005;0.220339;0.00225317;0.397442;0.800714;
189500;0.0174;0.0484778;0.65036;0.0126261;0.334431;0.334431;0.00915471;0.0671129;0.00420992;0.152746;0.152746;0.482759;0.00203542;0.308782;0.802645;
190000;0.018;0.048462;0.649545;0.012603;0.330531;0.330531;0.00839992;0.0675562;0.00401297;0.147613;0.147613;0.344444;0.00203666;0.295734;0.80711;
190500;0.0188;0.0484476;0.650692;0.0126099;0.332101;0.332101;0.00802003;0.068812;0.00410622;0.148499;0.148499;0.340426;0.00183449;0.36638;0.804814;
191000;0.026;0.0486558;0.653528;0.0126393;0.330837;0.330837;0.00820192;0.0683313;0.00391993;0.150533;0.150533;0.223077;0.00102669;0.414207;0.807024;
191500;0.0232;0.0480861;0.65519;0.0127173;0.340383;0.340383;0.00859992;0.0678575;0.00383131;0.154878;0.154878;0.318966;0.001638;0.33847;0.799009;
192000;0.023;0.0481432;0.654544;0.012823;0.337077;0.337077;0.00889946;0.0659401;0.0041206;0.150213;0.150213;0.269565;0.00163767;0.340082;0.802301;
192500;0.0186;0.0476161;0.657096;0.01279;0.339939;0.339939;0.00808918;0.0653972;0.00401673;0.147983;0.147983;0.311828;0.0022417;0.342648;0.798306;
193000;0.024;0.0474557;0.661687;0.0126039;0.338869;0.338869;0.00784092;0.0647375;0.00389945;0.15453;0.15453;0.141667;0.00122951;0.334815;0.800238;
193500;0.0222;0.0472762;0.664254;0.0129076;0.345583;0.345583;0.00801902;0.0649162;0.00420229;0.150842;0.150842;0.315315;0.00184087;0.283687;0.795706;
194000;0.0226;0.0475976;0.663151;0.0130165;0.346965;0.346965;0.00930781;0.0655446;0.00366891;0.148815;0.148815;0.221239;0.00184162;0.346286;0.793438;
194500;0.0166;0.0474331;0.662857;0.0130334;0.345042;0.345042;0.00967268;0.0639571;0.00386486;0.146084;0.146084;0.337349;0.00203376;0.344434;0.792897;
195000;0.018;0.0471142;0.660876;0.0128809;0.34476;0.34476;0.0091115;0.0644199;0.00368925;0.145778;0.145778;0.277778;0.00162933;0.338632;0.794073;
195500;0.024;0.0477311;0.660871;0.0129468;0.346188;0.346188;0.0104971;0.0622478;0.00421531;0.154006;0.154006;0.191667;0.00122951;0.32165;0.794354;
196000;0.0218;0.0475589;0.658573;0.0128251;0.342441;0.342441;0.00986799;0.0642765;0.00345351;0.150419;0.150419;0.229358;0.0014312;0.28275;0.798286;
196500;0.0208;0.0477262;0.657229;0.0129003;0.343821;0.343821;0.00980404;0.0629415;0.00340334;0.14913;0.14913;0.259615;0.00285948;0.326428;0.795938;
197000;0.0228;0.0479962;0.656253;0.0128489;0.34012;0.34012;0.0115734;0.0616724;0.00347922;0.148416;0.148416;0.307018;0.00143266;0.379049;0.798996;
197500;0.0262;0.0482039;0.658317;0.0127673;0.340425;0.340425;0.0124782;0.0614567;0.00372527;0.156541;0.156541;0.236641;0.00123229;0.382604;0.798487;
198000;0.0236;0.0492926;0.662549;0.0127567;0.339193;0.339193;0.0150546;0.0619078;0.00329989;0.157741;0.157741;0.322034;0.00245801;0.325716;0.799824;
198500;0.0178;0.0494642;0.661936;0.0128861;0.336665;0.336665;0.0152852;0.0611854;0.00411949;0.148493;0.148493;0.404494;0.00203625;0.363113;0.800298;
199000;0.0216;0.0494966;0.662528;0.0126642;0.331906;0.331906;0.0146229;0.061395;0.00342101;0.150888;0.150888;0.333333;0.00163532;0.332632;0.806302;
199500;0.0218;0.0494864;0.663151;0.012547;0.331328;0.331328;0.0142509;0.0628428;0.003747;0.153247;0.153247;0.247706;0.00245349;0.365013;0.805782;
200000;0.021;0.0495201;0.665183;0.0125773;0.329268;0.329268;0.0137241;0.0621769;0.00332066;0.147825;0.147825;0.238095;0.00224719;0.380707;0.807501;
