

seed;2250683341;
Npop;5000;
mu_feedback;0.0005;
mu_stress_influx;0.0005;
mu_influx;0.0005;
mu_hstart;0.0005;
sP2NP_1;0.19;
sNP2P_1;0.01;
init_feedback;0.1;
init_stress_influx;0.4;
init_influx;0.05;
init_hstart;0.5;
cue_P;0;
cue_NP;0;
s0;0;
ad;0.5;
aP;1;
mort_background;0.002;
dmax;1;
zmax;1;
r;1;
u;1;
p_att;0.5;
NumGen;200000;
base_name;sim_stress_17_02_2020_152622_3;
generation;freq_P;mean_feedback;mean_stress_influx;mean_influx;mean_hormone;mean_damage;sd_feedback;sd_stress_influx;sd_influx;sd_hormone;sd_damage;prop_dead_P;prop_dead_NP;mean_fecundity_P;mean_fecundity_NP;
0;0.0352;0.1;0.4;0.05;0.5052;0.5052;-nan;-nan;-nan;0.0453096;0.0453096;0.301136;0.00207297;0.202649;0.292893;
500;0.0284;0.0999845;0.400007;0.0499742;0.520061;0.520061;0.00152871;0.00171548;0.00160385;0.0788094;0.0788094;0.183099;0.00185261;0.110252;0.285297;
1000;0.0272;0.100289;0.399898;0.0498447;0.51813;0.51813;0.00457154;0.00374266;0.00200936;0.081091;0.081091;0.279412;0.00246711;0.112952;0.286578;
1500;0.029;0.100357;0.400034;0.0491157;0.511787;0.511787;0.00486365;0.00357832;0.00537644;0.0923727;0.0923727;0.2;0.00350154;0.131543;0.291688;
2000;0.0252;0.100576;0.400194;0.0479287;0.499974;0.499974;0.0062202;0.00472892;0.00681545;0.102486;0.102486;0.253968;0.00225687;0.118969;0.301248;
2500;0.0268;0.101482;0.400102;0.044504;0.465385;0.465385;0.00980056;0.00477062;0.0109565;0.131003;0.131003;0.238806;0.00143855;0.139138;0.331755;
3000;0.0198;0.104671;0.401116;0.0323063;0.345943;0.345943;0.0183343;0.0104828;0.0167907;0.178611;0.178611;0.212121;0.00265252;0.219089;0.448965;
3500;0.0116;0.107069;0.401504;0.0154172;0.190173;0.190173;0.0226011;0.012453;0.0163233;0.17751;0.17751;0.655172;0.00222582;0.417956;0.64311;
4000;0.0104;0.11181;0.401903;0.00476092;0.0899556;0.0899556;0.029829;0.0133579;0.0097231;0.133429;0.133429;0.903846;0.00222312;0.685682;0.799945;
4500;0.011;0.11724;0.402018;0.00160076;0.0573151;0.0573151;0.0358444;0.0153719;0.00575931;0.112301;0.112301;0.818182;0.000808898;0.777976;0.86342;
5000;0.0098;0.122626;0.403511;0.000550742;0.0496294;0.0496294;0.0412558;0.0193284;0.00374726;0.111067;0.111067;0.959184;0.00363563;0.781387;0.885327;
5500;0.013;0.123439;0.404841;0.00023609;0.0472959;0.0472959;0.04058;0.0227915;0.00276145;0.108918;0.108918;0.615385;0.00263425;0.819573;0.89104;
6000;0.0088;0.124901;0.405259;0.000130179;0.041764;0.041764;0.0416485;0.0236298;0.00187654;0.102323;0.102323;0.840909;0.00141243;0.75883;0.901079;
6500;0.011;0.129399;0.405138;3.71734e-05;0.0416369;0.0416369;0.0458318;0.0242902;0.000639905;0.102561;0.102561;0.454545;0.00303337;0.803723;0.901235;
7000;0.0104;0.132179;0.404573;2.81251e-05;0.0397714;0.0397714;0.0469411;0.0220827;0.00109095;0.0983663;0.0983663;0.615385;0.00101051;0.793544;0.904165;
7500;0.0094;0.13372;0.406894;5.46846e-05;0.0422141;0.0422141;0.0479235;0.0266205;0.00154522;0.101863;0.101863;0.638298;0.00181708;0.77769;0.899461;
8000;0.0124;0.141249;0.407062;0.000122612;0.0419067;0.0419067;0.0520332;0.0270587;0.00281872;0.109577;0.109577;0.806452;0.00344269;0.759071;0.909417;
8500;0.0094;0.144089;0.408475;0.000122771;0.0382733;0.0382733;0.0535173;0.0297235;0.0033627;0.0994498;0.0994498;0.978723;0.00141328;0.82037;0.911621;
9000;0.0088;0.149127;0.409768;7.76888e-05;0.0384957;0.0384957;0.0548592;0.031473;0.00297083;0.101587;0.101587;1.02273;0.00282486;0.815641;0.913786;
9500;0.0102;0.158716;0.409874;2.01705e-05;0.0363729;0.0363729;0.0587945;0.0318298;0.00109667;0.0966511;0.0966511;0.784314;0.00282885;0.762893;0.918173;
10000;0.0104;0.163304;0.410772;6.18745e-05;0.0352823;0.0352823;0.0589899;0.033475;0.00193592;0.0971449;0.0971449;0.769231;0.00222312;0.798141;0.92044;
10500;0.011;0.166194;0.411114;9.34497e-07;0.0336583;0.0336583;0.0585565;0.033905;1.83032e-05;0.0940142;0.0940142;0.636364;0.00121335;0.809506;0.921589;
11000;0.0114;0.171704;0.411122;1.46104e-05;0.0338687;0.0338687;0.0613905;0.0325003;0.000836557;0.0927027;0.0927027;0.947368;0.00101153;0.901643;0.922856;
11500;0.0106;0.180965;0.410171;3.98468e-05;0.0320968;0.0320968;0.0619053;0.0320494;0.00131384;0.0930443;0.0930443;0.962264;0.00181928;0.848548;0.928266;
12000;0.0092;0.191457;0.409554;3.2948e-05;0.0287843;0.0287843;0.0614348;0.0319507;0.000872253;0.0870417;0.0870417;0.978261;0.00201857;0.84576;0.933828;
12500;0.0128;0.199463;0.408263;3.80835e-05;0.0260354;0.0260354;0.0627833;0.0305579;0.0014194;0.0847909;0.0847909;0.765625;0.0028363;0.827211;0.942668;
13000;0.0112;0.206644;0.408183;3.89531e-05;0.0263635;0.0263635;0.0639861;0.0300328;0.00123165;0.0844865;0.0844865;0.660714;0.00141586;0.879986;0.939482;
13500;0.0102;0.212816;0.408433;0.000132549;0.0271548;0.0271548;0.0646126;0.0288784;0.00278518;0.0859762;0.0859762;0.882353;0.00222267;0.873732;0.94038;
14000;0.0112;0.215664;0.407545;8.85137e-05;0.026973;0.026973;0.0620637;0.0275099;0.00220622;0.0850584;0.0850584;0.660714;0.00283172;0.860634;0.939981;
14500;0.007;0.221748;0.407429;6.84359e-05;0.0246068;0.0246068;0.0619849;0.027951;0.00209636;0.0815727;0.0815727;0.885714;0.00302115;0.911555;0.944424;
15000;0.0112;0.225841;0.408634;9.73427e-06;0.0250702;0.0250702;0.0604091;0.0307534;0.000588737;0.0811345;0.0811345;0.678571;0.00222492;0.906376;0.943597;
15500;0.0128;0.228735;0.409293;8.0168e-05;0.0245318;0.0245318;0.0612867;0.0324686;0.00232494;0.0838775;0.0838775;0.703125;0.00243112;0.842886;0.94808;
16000;0.0098;0.234702;0.409144;3.01437e-05;0.023635;0.023635;0.060245;0.0321617;0.00103783;0.0789914;0.0789914;0.673469;0.00141386;0.887309;0.945396;
16500;0.0098;0.238249;0.410638;4.87266e-05;0.0222079;0.0222079;0.0569803;0.0347996;0.00141892;0.075285;0.075285;0.632653;0.00161584;0.902112;0.947841;
17000;0.0108;0.242485;0.409209;2.06697e-05;0.0216808;0.0216808;0.0545566;0.0311171;0.00121999;0.0770459;0.0770459;0.685185;0.0012131;0.875503;0.951164;
17500;0.0092;0.245365;0.408112;4.46654e-05;0.0211043;0.0211043;0.0536829;0.0314031;0.00117661;0.0741762;0.0741762;0.673913;0.00161486;0.853858;0.95038;
18000;0.0094;0.248819;0.4081;0.000109695;0.0217032;0.0217032;0.051315;0.0317949;0.00320373;0.0768388;0.0768388;0.914894;0.00161518;0.896476;0.952224;
18500;0.012;0.248215;0.408319;4.68554e-05;0.0222686;0.0222686;0.0498221;0.0304749;0.0014065;0.077584;0.077584;0.616667;0.0034413;0.948488;0.951663;
19000;0.0098;0.252312;0.407271;7.64964e-05;0.0227977;0.0227977;0.048733;0.0309864;0.00259691;0.0817094;0.0817094;1.10204;0.00181781;0.814993;0.953423;
19500;0.0132;0.253649;0.40713;6.85226e-05;0.0217292;0.0217292;0.0467019;0.0301103;0.00185733;0.0770305;0.0770305;0.727273;0.000810701;0.869258;0.953176;
20000;0.0096;0.256377;0.407493;7.648e-05;0.0215591;0.0215591;0.0457648;0.0277021;0.00229259;0.0778096;0.0778096;0.791667;0.00282714;0.904599;0.953432;
20500;0.0076;0.256523;0.407624;0.000160597;0.0211186;0.0211186;0.0457854;0.0282536;0.00325285;0.0746522;0.0746522;0.815789;0.00161225;0.91956;0.951203;
21000;0.0104;0.254755;0.406072;4.70506e-05;0.0233436;0.0233436;0.0449411;0.0267109;0.00164062;0.0829418;0.0829418;1.01923;0.00181892;0.854721;0.952454;
21500;0.0108;0.254711;0.407644;4.10029e-05;0.0200006;0.0200006;0.0452964;0.0286192;0.0010687;0.0750828;0.0750828;0.777778;0.00161747;0.91624;0.957627;
22000;0.0084;0.260298;0.408213;7.61535e-05;0.0214899;0.0214899;0.0448528;0.028921;0.00253789;0.080259;0.080259;1.21429;0.00221864;0.884527;0.956809;
22500;0.0102;0.25847;0.409145;9.76599e-05;0.0198546;0.0198546;0.0460775;0.0304828;0.00261906;0.0724854;0.0724854;0.705882;0.00242473;0.904551;0.955878;
23000;0.0082;0.261321;0.409786;5.36489e-05;0.0195717;0.0195717;0.046383;0.0334297;0.00121549;0.0731021;0.0731021;1.2439;0.00141157;0.91767;0.957212;
23500;0.0096;0.261831;0.407331;2.82726e-05;0.020768;0.020768;0.0452458;0.0300778;0.00093789;0.073818;0.073818;0.916667;0.00181745;0.926194;0.954209;
24000;0.01;0.260708;0.408577;2.60884e-05;0.0208479;0.0208479;0.046105;0.0308588;0.000959141;0.0752631;0.0752631;0.76;0.00262626;0.898638;0.954832;
24500;0.0106;0.262269;0.408194;6.09997e-05;0.0193743;0.0193743;0.0468764;0.0306631;0.00168715;0.0721438;0.0721438;0.811321;0.000808571;0.865605;0.956653;
25000;0.0096;0.264269;0.408118;7.19859e-05;0.017534;0.017534;0.0449668;0.0311958;0.00201542;0.0676922;0.0676922;0.708333;0.00201939;0.943225;0.960193;
25500;0.0082;0.265678;0.406384;2.3026e-05;0.018943;0.018943;0.0453338;0.0306668;0.000842527;0.0707814;0.0707814;0.97561;0.00161323;0.903514;0.957688;
26000;0.0114;0.268002;0.407225;3.05775e-05;0.0199949;0.0199949;0.0452788;0.0318005;0.00124204;0.0750295;0.0750295;0.77193;0.00303459;0.891517;0.95835;
26500;0.0094;0.269199;0.404578;9.58703e-05;0.0168461;0.0168461;0.0447741;0.0294138;0.00224399;0.0649788;0.0649788;0.553191;0.00181708;0.924431;0.959287;
27000;0.0102;0.273683;0.407054;3.75766e-05;0.0199279;0.0199279;0.0423853;0.0311045;0.00142931;0.0755342;0.0755342;0.901961;0.00262679;0.929329;0.95914;
27500;0.009;0.277364;0.405092;5.9342e-05;0.0164093;0.0164093;0.0403864;0.0266929;0.00155794;0.0665968;0.0665968;0.844444;0.00100908;0.888657;0.963299;
28000;0.0106;0.280336;0.405579;0.000103503;0.0188612;0.0188612;0.0395673;0.0274501;0.00269066;0.0734666;0.0734666;0.924528;0.001415;0.901812;0.960669;
28500;0.009;0.280097;0.406258;3.57502e-05;0.0195116;0.0195116;0.0401542;0.0276355;0.00162675;0.0722088;0.0722088;0.933333;0.00282543;0.929879;0.95811;
29000;0.01;0.28273;0.4038;1.36682e-05;0.01852;0.01852;0.0383006;0.0233977;0.000445065;0.0719858;0.0719858;0.9;0.0010101;0.90404;0.960245;
29500;0.008;0.281177;0.403788;5.57763e-05;0.018484;0.018484;0.038486;0.0248441;0.00189254;0.0701341;0.0701341;1;0.00201613;0.94572;0.959217;
30000;0.0104;0.281285;0.404334;4.77704e-05;0.0179745;0.0179745;0.0396256;0.0254655;0.00181546;0.0704336;0.0704336;0.826923;0.00161681;0.905467;0.961644;
30500;0.0096;0.280254;0.404422;3.17698e-05;0.0193303;0.0193303;0.0398678;0.0259531;0.00117578;0.0742568;0.0742568;1.04167;0.00222132;0.911889;0.960875;
31000;0.0084;0.283028;0.402207;0.000179301;0.0177202;0.0177202;0.0394647;0.022316;0.00300055;0.0685789;0.0685789;1;0.00121017;0.959827;0.960443;
31500;0.011;0.284927;0.400749;8.0586e-05;0.0179113;0.0179113;0.0384796;0.0204207;0.00164257;0.0688357;0.0688357;0.709091;0.00182002;0.914318;0.960425;
32000;0.0076;0.288943;0.399665;8.60199e-05;0.018725;0.018725;0.0374038;0.0197216;0.00190285;0.0714548;0.0714548;1.21053;0.00201532;0.902547;0.960604;
32500;0.0108;0.289559;0.398115;7.21351e-05;0.0177632;0.0177632;0.0373836;0.0197865;0.00179921;0.0696108;0.0696108;0.814815;0.00222402;0.927748;0.962148;
33000;0.0084;0.292521;0.397359;1.97239e-05;0.0159616;0.0159616;0.036647;0.0192286;0.000810268;0.0676686;0.0676686;1;0.00181525;0.857397;0.966659;
33500;0.0088;0.290787;0.39874;3.80764e-05;0.0166681;0.0166681;0.0377568;0.0191066;0.00117854;0.0663422;0.0663422;0.840909;0.00121065;0.884115;0.962132;
34000;0.008;0.292704;0.396936;8.31248e-05;0.0165253;0.0165253;0.0399174;0.0215784;0.00259087;0.0663614;0.0663614;0.875;0.000604839;0.940052;0.96248;
34500;0.011;0.294379;0.39723;0;0.0180159;0.0180159;0.0414965;0.0210008;0;0.0726665;0.0726665;1;0.00222447;0.913261;0.964421;
35000;0.0106;0.296904;0.39669;1.04637e-05;0.0171354;0.0171354;0.0372482;0.0181659;0.000552261;0.0690887;0.0690887;0.830189;0.00202143;0.918799;0.963957;
35500;0.0078;0.295646;0.396705;2.76021e-05;0.0173635;0.0173635;0.0370817;0.0184857;0.00122401;0.0706086;0.0706086;1.33333;0.00201572;0.858097;0.96543;
36000;0.0092;0.29653;0.396411;4.51496e-05;0.0170181;0.0170181;0.0362059;0.0162965;0.00144056;0.0677633;0.0677633;0.956522;0.00100929;0.885089;0.963099;
36500;0.0102;0.2968;0.396476;2.13301e-05;0.0167348;0.0167348;0.0348411;0.0181807;0.000755429;0.0663735;0.0663735;0.784314;0.00141443;0.924698;0.963137;
37000;0.011;0.299147;0.396306;4.65432e-05;0.0159485;0.0159485;0.0362882;0.021015;0.00161853;0.0656107;0.0656107;0.727273;0.00182002;0.938269;0.96531;
37500;0.0096;0.298229;0.395808;3.07987e-05;0.016491;0.016491;0.0350924;0.0206437;0.000915111;0.0687475;0.0687475;1.02083;0.00121163;0.915626;0.96551;
38000;0.0106;0.299443;0.396012;4.2612e-05;0.0168989;0.0168989;0.0350407;0.0216025;0.00140935;0.0685752;0.0685752;0.886792;0.00181928;0.934459;0.964839;
38500;0.011;0.300339;0.394992;7.80213e-05;0.0176837;0.0176837;0.0345581;0.0209405;0.00226987;0.0701991;0.0701991;0.8;0.0016178;0.863921;0.963297;
39000;0.0118;0.303582;0.394892;3.24491e-05;0.0170928;0.0170928;0.0343409;0.0196537;0.00123832;0.0687762;0.0687762;0.779661;0.00222627;0.901627;0.964502;
39500;0.0118;0.303781;0.394375;2.13022e-05;0.018988;0.018988;0.0338858;0.0189705;0.000712713;0.0732184;0.0732184;0.762712;0.00182149;0.896924;0.960419;
40000;0.0122;0.30352;0.394004;0.000117172;0.0187115;0.0187115;0.0344032;0.019459;0.00227681;0.0718895;0.0718895;0.786885;0.00283458;0.915865;0.961948;
40500;0.0088;0.304041;0.394396;6.69463e-05;0.018185;0.018185;0.0341686;0.0185462;0.00225405;0.0717559;0.0717559;1;0.00141243;0.829474;0.962434;
41000;0.0096;0.302738;0.395421;1.6472e-06;0.0175946;0.0175946;0.034936;0.0187429;0.000116463;0.0719336;0.0719336;1.04167;0.00222132;0.921668;0.965143;
41500;0.0092;0.305067;0.396197;4.13768e-05;0.0170812;0.0170812;0.0360168;0.0203698;0.00124259;0.067123;0.067123;0.804348;0.00161486;0.87709;0.962447;
42000;0.0098;0.303452;0.395866;4.89341e-05;0.0154245;0.0154245;0.0362049;0.0211851;0.00136587;0.0645627;0.0645627;0.693878;0.00141386;0.919668;0.965732;
42500;0.0112;0.304069;0.397123;0.000101275;0.0179851;0.0179851;0.037959;0.0218315;0.00178847;0.0709343;0.0709343;0.642857;0.00283172;0.904784;0.96159;
43000;0.0086;0.304375;0.397408;8.42905e-05;0.0160323;0.0160323;0.0385237;0.0219802;0.00240594;0.0672157;0.0672157;0.976744;0.00141214;0.930867;0.965726;
43500;0.008;0.307985;0.396359;4.93191e-05;0.0174858;0.0174858;0.0403416;0.0239807;0.00127906;0.0704739;0.0704739;1.275;0.00181452;0.942609;0.963709;
44000;0.0104;0.310464;0.397887;3.43488e-05;0.0167691;0.0167691;0.0416436;0.0225517;0.00190004;0.0707745;0.0707745;0.923077;0.00222312;0.928459;0.967117;
44500;0.0082;0.311412;0.398375;1.22361e-05;0.0157009;0.0157009;0.0394483;0.0216937;0.000545873;0.0636085;0.0636085;0.707317;0.00120992;0.925541;0.963649;
45000;0.0096;0.312368;0.398311;4.84522e-05;0.0169952;0.0169952;0.038022;0.022422;0.00155984;0.0695843;0.0695843;0.875;0.00282714;0.92578;0.965043;
45500;0.0096;0.31144;0.398737;2.64159e-05;0.0165746;0.0165746;0.0388716;0.021735;0.000705501;0.0693473;0.0693473;0.9375;0.00242326;0.934473;0.966117;
46000;0.0116;0.308384;0.399398;0.000101481;0.0186261;0.0186261;0.0385825;0.0252266;0.00247767;0.0725616;0.0725616;0.586207;0.00323756;0.877486;0.960901;
46500;0.0102;0.308797;0.399247;2.08933e-05;0.0190864;0.0190864;0.0386189;0.02641;0.00108326;0.0750175;0.0750175;1.17647;0.00181855;0.917327;0.963466;
47000;0.0088;0.308758;0.398489;0.000238512;0.0196516;0.0196516;0.039951;0.0247421;0.0039536;0.0734697;0.0734697;1.15909;0.00181598;0.907667;0.959644;
47500;0.011;0.311185;0.396357;2.22031e-05;0.0187733;0.0187733;0.0414439;0.0242944;0.00110993;0.0729852;0.0729852;0.836364;0.00222447;0.933739;0.962396;
48000;0.0102;0.311127;0.397668;0.000124807;0.0167031;0.0167031;0.0420751;0.0236661;0.00300043;0.0689675;0.0689675;0.745098;0.00303092;0.926841;0.965334;
48500;0.0102;0.309451;0.399486;0.000100491;0.0159707;0.0159707;0.0428928;0.0266617;0.00296828;0.0660376;0.0660376;0.764706;0.00161649;0.962933;0.965286;
49000;0.0122;0.312371;0.398864;1.3828e-05;0.016414;0.016414;0.0426444;0.0256332;0.000746606;0.0698321;0.0698321;0.590164;0.00263211;0.894792;0.966062;
49500;0.0076;0.311948;0.39793;9.37931e-05;0.0180582;0.0180582;0.0439216;0.0258657;0.00231763;0.0720422;0.0720422;1.31579;0.00282144;0.94289;0.964216;
50000;0.0108;0.313569;0.397718;4.21839e-05;0.0164253;0.0164253;0.0457209;0.0252639;0.00119152;0.0676995;0.0676995;0.740741;0.0024262;0.921889;0.96585;
50500;0.0104;0.314595;0.396175;2.12055e-05;0.0158939;0.0158939;0.0461559;0.0247001;0.000584659;0.0683427;0.0683427;0.826923;0.00282943;0.931303;0.967848;
51000;0.0096;0.316284;0.395646;3.64285e-05;0.0162979;0.0162979;0.0458873;0.0248016;0.00105056;0.0673774;0.0673774;0.895833;0.00161551;0.926979;0.965799;
51500;0.0084;0.315895;0.395876;8.04786e-05;0.0176949;0.0176949;0.0468044;0.0256886;0.00177877;0.0715883;0.0715883;1.16667;0.00242033;0.885003;0.965254;
52000;0.0112;0.318344;0.395915;3.23723e-05;0.0174661;0.0174661;0.048508;0.027288;0.000936926;0.0713023;0.0713023;0.821429;0.00202265;0.889702;0.964979;
52500;0.01;0.320311;0.39602;4.7881e-05;0.0165351;0.0165351;0.0480935;0.0277401;0.00124005;0.0696478;0.0696478;0.88;0.00262626;0.91451;0.966951;
53000;0.0086;0.319682;0.392613;7.17304e-05;0.0173839;0.0173839;0.0487582;0.0284997;0.00206709;0.0730547;0.0730547;1.27907;0.00141214;0.905899;0.967033;
53500;0.011;0.316368;0.394373;3.74705e-05;0.017535;0.017535;0.051143;0.0297182;0.00131035;0.070365;0.070365;0.8;0.0016178;0.910926;0.963855;
54000;0.0108;0.319231;0.394228;4.84609e-05;0.016123;0.016123;0.0520728;0.0294702;0.00181558;0.066422;0.066422;0.777778;0.000808734;0.891078;0.964912;
54500;0.0072;0.323631;0.396091;4.30335e-05;0.0175357;0.0175357;0.0515388;0.0287008;0.00109098;0.0706828;0.0706828;1.16667;0.00261886;0.92194;0.963852;
55000;0.012;0.328656;0.395565;3.90791e-05;0.0152966;0.0152966;0.0522276;0.0300167;0.00130607;0.0663923;0.0663923;0.716667;0.00121457;0.90987;0.968471;
55500;0.0096;0.327038;0.395081;3.89993e-05;0.0161039;0.0161039;0.0515077;0.0294812;0.00143801;0.0675074;0.0675074;0.9375;0.00141357;0.905115;0.967111;
56000;0.0106;0.326274;0.396364;6.45014e-05;0.0177084;0.0177084;0.052408;0.0293713;0.00158801;0.0712948;0.0712948;0.754717;0.00303214;0.919315;0.964379;
56500;0.0074;0.328057;0.393912;6.71216e-05;0.0172348;0.0172348;0.0535988;0.0271487;0.0013483;0.0704005;0.0704005;1.08108;0.0022164;0.912061;0.964759;
57000;0.01;0.329796;0.394214;5.47466e-05;0.0184866;0.0184866;0.0526648;0.0265165;0.00145925;0.0724736;0.0724736;0.84;0.00242424;0.840892;0.962906;
57500;0.0082;0.327991;0.39499;3.85029e-05;0.0159722;0.0159722;0.0528886;0.0275281;0.00127738;0.0674118;0.0674118;0.97561;0.00241984;0.918836;0.967112;
58000;0.0098;0.328587;0.396539;4.22701e-05;0.016721;0.016721;0.0526257;0.0310713;0.00181568;0.069541;0.069541;0.857143;0.00222177;0.938216;0.965964;
58500;0.01;0.33265;0.394931;2.71701e-05;0.0166247;0.0166247;0.0542695;0.0315085;0.00131876;0.0693278;0.0693278;1.16;0.000606061;0.95834;0.967149;
59000;0.0112;0.333145;0.396896;6.89726e-05;0.0172655;0.0172655;0.0539408;0.0301461;0.00175717;0.0727306;0.0727306;0.892857;0.00242718;0.871339;0.967158;
59500;0.0078;0.339603;0.395797;6.60488e-05;0.0142396;0.0142396;0.0536099;0.0295242;0.00194429;0.0631295;0.0631295;0.974359;0.000604717;0.906822;0.969493;
60000;0.0118;0.341546;0.393572;1.33834e-05;0.0154413;0.0154413;0.053782;0.0293253;0.000524132;0.0675348;0.0675348;0.694915;0.00283343;0.91494;0.969463;
60500;0.0104;0.345523;0.394714;0.000115702;0.0174925;0.0174925;0.0556999;0.0286037;0.00219537;0.071552;0.071552;0.942308;0.00202102;0.919334;0.965675;
61000;0.0102;0.34742;0.393573;5.40357e-05;0.0156719;0.0156719;0.0545392;0.0293533;0.00160462;0.0688837;0.0688837;1.01961;0.00141443;0.951005;0.969365;
61500;0.0114;0.350966;0.394297;8.12198e-05;0.0169649;0.0169649;0.0555653;0.0300105;0.00196974;0.0717719;0.0717719;0.789474;0.00303459;0.926745;0.967911;
62000;0.0112;0.353715;0.395195;2.66895e-05;0.016601;0.016601;0.0561804;0.0297391;0.000727146;0.0708346;0.0708346;0.946429;0.00182039;0.873889;0.969333;
62500;0.0076;0.357641;0.396744;0.000148713;0.014676;0.014676;0.0554462;0.0325871;0.00224849;0.0642251;0.0642251;1.02632;0.00141072;0.943398;0.96882;
63000;0.0098;0.362255;0.396382;4.61658e-05;0.0135098;0.0135098;0.0571304;0.0334155;0.00147053;0.0627859;0.0627859;0.795918;0.00222177;0.968756;0.972422;
63500;0.0104;0.363262;0.397583;4.91786e-05;0.0167533;0.0167533;0.0565562;0.0340345;0.00172464;0.0707744;0.0707744;0.807692;0.00242522;0.910231;0.967474;
64000;0.0102;0.361181;0.396758;3.41371e-06;0.014416;0.014416;0.0562004;0.0345596;0.000170651;0.0661501;0.0661501;0.72549;0.00282885;0.959553;0.971012;
64500;0.008;0.360371;0.394619;9.52154e-05;0.014167;0.014167;0.0558447;0.0339842;0.00244124;0.0637556;0.0637556;1.1;0.00100806;0.957709;0.971226;
65000;0.0086;0.362474;0.396522;3.69572e-05;0.0145009;0.0145009;0.0557119;0.035139;0.000918554;0.0661079;0.0661079;0.790698;0.00221908;0.899861;0.970519;
65500;0.0094;0.365525;0.393462;0.000101927;0.0165749;0.0165749;0.0558678;0.0354107;0.00223457;0.0720746;0.0720746;1.04255;0.00262467;0.970638;0.969443;
66000;0.011;0.366387;0.39502;1.43169e-05;0.0151695;0.0151695;0.0544598;0.0342431;0.000505636;0.0695533;0.0695533;0.763636;0.00323559;0.909605;0.972035;
66500;0.01;0.3693;0.395086;7.10021e-05;0.014497;0.014497;0.0549467;0.0324401;0.00194364;0.0660963;0.0660963;0.82;0.0010101;0.932171;0.971078;
67000;0.0092;0.371623;0.392055;7.49274e-05;0.0161786;0.0161786;0.0538611;0.0313232;0.00204693;0.0698962;0.0698962;1.06522;0.00222043;0.89326;0.969441;
67500;0.0094;0.377092;0.388756;1.84673e-05;0.0156497;0.0156497;0.0540566;0.0313379;0.000534881;0.0691601;0.0691601;1;0.00201898;0.982791;0.969828;
68000;0.0084;0.379072;0.389733;1.94135e-06;0.013747;0.013747;0.0537213;0.0310735;9.81148e-05;0.0654589;0.0654589;0.857143;0.00161355;0.94061;0.972706;
68500;0.0094;0.38073;0.38961;5.84213e-05;0.0130949;0.0130949;0.0524103;0.0305132;0.00225601;0.0616753;0.0616753;0.617021;0.00201898;0.929414;0.973312;
69000;0.0078;0.38283;0.388542;2.93394e-05;0.0147981;0.0147981;0.051807;0.0320481;0.00127923;0.0681189;0.0681189;1.23077;0.00221729;0.976865;0.972746;
69500;0.0076;0.382361;0.389496;3.45102e-05;0.0148571;0.0148571;0.0517758;0.0330557;0.000844105;0.0691077;0.0691077;1.15789;0.00322451;0.948525;0.973221;
70000;0.0102;0.386251;0.388743;6.68835e-05;0.0114546;0.0114546;0.0529509;0.0335481;0.00176834;0.0566355;0.0566355;0.647059;0.000808244;0.926498;0.975121;
70500;0.0106;0.38855;0.388376;3.44721e-05;0.0133023;0.0133023;0.0520591;0.0340478;0.0010162;0.0644316;0.0644316;0.584906;0.00262786;0.886162;0.97405;
71000;0.0098;0.390224;0.386502;9.23309e-06;0.0139831;0.0139831;0.0539939;0.0354363;0.000461643;0.0649616;0.0649616;0.877551;0.000807918;0.933477;0.972238;
71500;0.013;0.388229;0.386417;4.22522e-05;0.0150511;0.0150511;0.0506443;0.033968;0.00172442;0.0689205;0.0689205;0.630769;0.00182371;0.877434;0.972472;
72000;0.0062;0.388555;0.388715;6.02586e-05;0.0125363;0.0125363;0.0517939;0.0332268;0.00186731;0.0621588;0.0621588;1.32258;0.00160998;0.978313;0.975436;
72500;0.01;0.387875;0.390159;0.000190069;0.0163183;0.0163183;0.051337;0.0346108;0.00308674;0.0733698;0.0733698;1.08;0.00323232;0.919781;0.972544;
73000;0.0096;0.390402;0.39131;0.000326492;0.0133052;0.0133052;0.0515903;0.0333034;0.00472246;0.0638792;0.0638792;0.875;0.00100969;0.94067;0.973833;
73500;0.0092;0.396078;0.392381;0.000191378;0.0139589;0.0139589;0.0508502;0.0313173;0.00285121;0.0643155;0.0643155;0.717391;0.00161486;0.879632;0.971859;
74000;0.0094;0.395775;0.392516;0.000100245;0.0136366;0.0136366;0.0511026;0.0314529;0.00251006;0.0627345;0.0627345;0.787234;0.00141328;0.925759;0.972223;
74500;0.009;0.398783;0.39471;0.000181266;0.0152025;0.0152025;0.0511852;0.0333766;0.00356458;0.0689202;0.0689202;1.08889;0.00262361;0.954621;0.972485;
75000;0.0094;0.393376;0.397695;5.06276e-05;0.0141355;0.0141355;0.0517469;0.0368048;0.00157148;0.0689858;0.0689858;0.87234;0.00262467;0.911876;0.974237;
75500;0.0114;0.394026;0.394513;7.94092e-05;0.013772;0.013772;0.0513738;0.035683;0.00193581;0.0660634;0.0660634;0.719298;0.00121384;0.912727;0.973724;
76000;0.0108;0.392235;0.393507;7.01741e-05;0.0150742;0.0150742;0.0508067;0.035748;0.00142355;0.0671306;0.0671306;0.833333;0.00222402;0.947112;0.970802;
76500;0.0092;0.396671;0.395339;0.00011959;0.0133132;0.0133132;0.0505207;0.037245;0.0031847;0.0641477;0.0641477;0.826087;0.001413;0.880538;0.97427;
77000;0.0124;0.395116;0.394717;6.39871e-05;0.0151044;0.0151044;0.0506643;0.0341307;0.00191528;0.0704907;0.0704907;0.822581;0.00243013;0.915253;0.973717;
77500;0.009;0.395737;0.39643;8.34518e-05;0.0130465;0.0130465;0.0511039;0.0362475;0.00258281;0.0626722;0.0626722;0.911111;0.000807265;0.960103;0.973976;
78000;0.0106;0.394385;0.398544;0;0.0149623;0.0149623;0.0516269;0.0364627;0;0.0690293;0.0690293;0.943396;0.00202143;0.942021;0.973317;
78500;0.0114;0.399575;0.401104;0.000110173;0.0131445;0.0131445;0.0502087;0.0373396;0.00254151;0.0629844;0.0629844;0.666667;0.00161845;0.931215;0.974439;
79000;0.0082;0.398204;0.401754;0.000153024;0.0149464;0.0149464;0.0486807;0.0355883;0.00322941;0.0716862;0.0716862;1.29268;0.00201654;0.910135;0.975542;
79500;0.0096;0.394213;0.402233;9.67623e-06;0.0114847;0.0114847;0.049734;0.0361028;0.000521642;0.0589337;0.0589337;0.6875;0.00141357;0.992086;0.976621;
80000;0.0092;0.397783;0.398209;3.97915e-05;0.0116646;0.0116646;0.0488479;0.0350004;0.00114072;0.0591579;0.0591579;0.695652;0.00181671;0.958974;0.97584;
80500;0.008;0.396359;0.39708;2.68127e-05;0.0138555;0.0138555;0.049594;0.0331893;0.000946895;0.0671565;0.0671565;1.15;0.00201613;0.909595;0.975435;
81000;0.0108;0.395381;0.396993;9.91225e-05;0.0141272;0.0141272;0.0494843;0.0345731;0.00231818;0.0658172;0.0658172;0.851852;0.00181965;0.944117;0.973297;
81500;0.0094;0.397196;0.398491;9.68203e-05;0.0135433;0.0135433;0.0492048;0.0363272;0.00168801;0.0653832;0.0653832;0.851064;0.00222088;0.936119;0.97472;
82000;0.0096;0.401128;0.39819;6.44223e-05;0.0127986;0.0127986;0.0486648;0.0349718;0.0016067;0.0619051;0.0619051;0.729167;0.000605816;0.904939;0.973777;
82500;0.01;0.401832;0.399043;1.24069e-05;0.0133649;0.0133649;0.0488853;0.0339904;0.000547079;0.062713;0.062713;0.72;0.0020202;0.955147;0.973616;
83000;0.0074;0.401758;0.401121;7.02485e-05;0.0133869;0.0133869;0.0492532;0.0355518;0.00194837;0.0627641;0.0627641;1.08108;0.00120895;0.937294;0.973435;
83500;0.0098;0.399079;0.402732;0.000121878;0.0146867;0.0146867;0.0487309;0.039178;0.00278463;0.0692931;0.0692931;0.877551;0.00302969;0.917898;0.973381;
84000;0.01;0.398868;0.400835;1.52946e-05;0.0138627;0.0138627;0.0485083;0.0398163;0.000818992;0.0657895;0.0657895;1.04;0.000606061;0.884859;0.97496;
84500;0.0076;0.399953;0.397966;3.71335e-05;0.0122359;0.0122359;0.0494898;0.0399106;0.00117925;0.0608722;0.0608722;0.763158;0.00221685;0.927435;0.974781;
85000;0.0126;0.398897;0.398021;1.07783e-05;0.0133064;0.0133064;0.0490223;0.0431866;0.000414024;0.0630577;0.0630577;0.650794;0.00182297;0.963214;0.974056;
85500;0.0116;0.399214;0.39608;4.4931e-05;0.0144161;0.0144161;0.049633;0.0430984;0.00184163;0.0674592;0.0674592;0.689655;0.00303521;0.940855;0.973153;
86000;0.011;0.400987;0.395094;2.30449e-05;0.0139774;0.0139774;0.0492454;0.0432899;0.000737173;0.0659396;0.0659396;0.818182;0.00242669;0.962286;0.974176;
86500;0.0098;0.404025;0.397819;3.20952e-05;0.0143314;0.0143314;0.047858;0.04157;0.0011417;0.0683417;0.0683417;0.979592;0.00262573;0.935609;0.974917;
87000;0.0112;0.404788;0.39779;0.000162752;0.0135982;0.0135982;0.0482336;0.0411546;0.00276351;0.0657201;0.0657201;0.964286;0.00101133;0.929429;0.975445;
87500;0.0102;0.402801;0.400789;0.000272761;0.0142947;0.0142947;0.0481708;0.0402714;0.00344578;0.0664133;0.0664133;0.862745;0.00282885;0.947981;0.97427;
88000;0.0084;0.40677;0.40096;4.07664e-05;0.0149195;0.0149195;0.048896;0.0411975;0.00128211;0.0682238;0.0682238;1.21429;0.00201694;0.886405;0.973709;
88500;0.0094;0.406718;0.397192;1.0133e-05;0.0134196;0.0134196;0.0501097;0.0387004;0.000511159;0.0650254;0.0650254;1.02128;0.00262467;0.939485;0.97579;
89000;0.008;0.407215;0.395267;9.74052e-05;0.0128361;0.0128361;0.0506239;0.0361917;0.00257275;0.0624618;0.0624618;0.875;0.00201613;0.955574;0.974765;
89500;0.0118;0.407639;0.393231;7.50952e-05;0.0128098;0.0128098;0.0516109;0.0330222;0.00199;0.0627655;0.0627655;0.745763;0.00101194;0.958654;0.975432;
90000;0.0092;0.408311;0.393375;6.05136e-05;0.01426;0.01426;0.0515436;0.0335712;0.00160939;0.0693543;0.0693543;1.13043;0.00262414;0.927667;0.975981;
90500;0.009;0.408196;0.392082;2.91312e-05;0.0137189;0.0137189;0.0513398;0.0319426;0.000963722;0.0668579;0.0668579;1.17778;0.00161453;0.920439;0.976374;
91000;0.0088;0.410197;0.393289;0.000201108;0.0152196;0.0152196;0.0543517;0.032773;0.0037499;0.0711558;0.0711558;1.25;0.00242131;0.881444;0.974736;
91500;0.0114;0.411339;0.390557;5.77992e-05;0.0122006;0.0122006;0.0527983;0.0325734;0.00132539;0.0613171;0.0613171;0.701754;0.00101153;0.967021;0.975791;
92000;0.0084;0.409819;0.389784;7.60277e-05;0.0142815;0.0142815;0.0515069;0.0328174;0.00122139;0.0680538;0.0680538;1.16667;0.00221864;0.863727;0.975035;
92500;0.0066;0.412088;0.391135;0.000136522;0.0129706;0.0129706;0.0550799;0.0357937;0.0025386;0.0639071;0.0639071;1.27273;0.00181196;0.949651;0.975636;
93000;0.0098;0.412611;0.39388;0.00012623;0.0128484;0.0128484;0.0538241;0.0326251;0.00257144;0.0628527;0.0628527;0.755102;0.00181781;0.923869;0.975319;
93500;0.0076;0.413511;0.391317;3.8909e-06;0.0126676;0.0126676;0.0568729;0.0305386;0.000275101;0.0631398;0.0631398;1.21053;0.00221685;0.979764;0.976928;
94000;0.009;0.413876;0.392253;3.96886e-05;0.0141776;0.0141776;0.0554715;0.0307621;0.00146534;0.0677585;0.0677585;1.11111;0.00201816;0.95887;0.975683;
94500;0.009;0.413682;0.393017;1.51481e-05;0.0125157;0.0125157;0.0534085;0.0311955;0.000728738;0.0623042;0.0623042;0.933333;0.00141271;0.982465;0.976653;
95000;0.0084;0.416026;0.390419;1.94534e-05;0.0132016;0.0132016;0.0531506;0.0311395;0.001152;0.0644405;0.0644405;1;0.00161355;0.901333;0.975665;
95500;0.0116;0.419737;0.391209;0.000107528;0.0135147;0.0135147;0.0554069;0.0329112;0.00256263;0.0654942;0.0654942;0.87931;0.00161878;0.959903;0.97628;
96000;0.0088;0.42352;0.394081;6.98988e-05;0.0138523;0.0138523;0.0557278;0.0309828;0.00224712;0.065035;0.065035;1.06818;0.00282486;0.918217;0.975499;
96500;0.0098;0.428275;0.394604;4.98965e-05;0.0138443;0.0138443;0.0558218;0.0294872;0.00135312;0.0662598;0.0662598;1.10204;0.00222177;0.980743;0.976419;
97000;0.0078;0.426728;0.395915;0.000201899;0.0135179;0.0135179;0.0560983;0.0310931;0.00495106;0.0655894;0.0655894;1.28205;0.00141101;0.911231;0.976543;
97500;0.0086;0.430193;0.398348;6.39422e-05;0.013125;0.013125;0.0546364;0.0305161;0.00285631;0.0637194;0.0637194;1.04651;0.00262255;0.969344;0.976358;
98000;0.0082;0.431631;0.398025;4.70971e-05;0.0132408;0.0132408;0.055776;0.0294093;0.0012881;0.0661793;0.0661793;1.17073;0.00161323;0.932472;0.977127;
98500;0.0096;0.431329;0.396743;9.71832e-05;0.0111655;0.0111655;0.0560596;0.0302739;0.00245829;0.0583574;0.0583574;0.75;0.00161551;0.933929;0.978588;
99000;0.01;0.43031;0.396248;6.69806e-05;0.0117012;0.0117012;0.0554342;0.0320427;0.00208826;0.0593875;0.0593875;0.8;0.00242424;0.958898;0.978092;
99500;0.0096;0.429627;0.393058;0.00010379;0.0119762;0.0119762;0.0557957;0.0321856;0.0022788;0.0598405;0.0598405;0.645833;0.00161551;0.93419;0.975657;
100000;0.0098;0.429395;0.39402;5.17268e-05;0.0123315;0.0123315;0.055178;0.0346853;0.00187484;0.0596703;0.0596703;0.673469;0.00242375;0.982863;0.974539;
100500;0.012;0.429758;0.393184;5.60917e-05;0.012861;0.012861;0.0566997;0.0333368;0.00140065;0.0660221;0.0660221;0.85;0.00283401;0.956442;0.979261;
101000;0.0122;0.428544;0.39217;1.51741e-05;0.0136915;0.0136915;0.0561258;0.0335143;0.00048178;0.065752;0.065752;0.786885;0.00263211;0.925652;0.976742;
101500;0.011;0.427419;0.392071;7.59968e-05;0.0130015;0.0130015;0.0550017;0.0312699;0.00239351;0.0647002;0.0647002;0.909091;0.00242669;0.973619;0.976623;
102000;0.0088;0.426928;0.390014;1.16339e-07;0.0120477;0.0120477;0.0565072;0.0319429;8.22556e-06;0.0617777;0.0617777;1.02273;0.00242131;0.931457;0.978403;
102500;0.0098;0.43055;0.38896;3.93838e-05;0.00995071;0.00995071;0.0556796;0.0345889;0.00171524;0.0547952;0.0547952;0.530612;0.00181781;0.967946;0.979132;
103000;0.0088;0.427274;0.390504;0;0.0114239;0.0114239;0.0559349;0.0352453;0;0.0588846;0.0588846;0.704545;0.00201776;0.947107;0.977759;
103500;0.0112;0.424837;0.388761;1.65518e-05;0.0132318;0.0132318;0.0552103;0.0353505;0.000681027;0.0644331;0.0644331;0.839286;0.00161812;0.943713;0.975464;
104000;0.0058;0.428331;0.389148;2.05636e-05;0.0102966;0.0102966;0.0570269;0.0335106;0.000593326;0.0540062;0.0540062;1;0.001207;0.979286;0.978039;
104500;0.0086;0.430474;0.392387;8.82582e-05;0.012688;0.012688;0.057555;0.0321601;0.00241464;0.0628794;0.0628794;1.13953;0.00181561;0.937355;0.977323;
105000;0.0122;0.435269;0.392132;2.47818e-05;0.0130355;0.0130355;0.0568017;0.0339146;0.000655668;0.0637157;0.0637157;0.934426;0.00121482;0.924061;0.977845;
105500;0.0114;0.441676;0.391196;5.49317e-05;0.0135648;0.0135648;0.0587607;0.0338254;0.00138775;0.0678211;0.0678211;1;0.00242768;0.948144;0.978584;
106000;0.01;0.443089;0.392506;2.35445e-05;0.0128636;0.0128636;0.0583127;0.0336037;0.00112601;0.06443;0.06443;1;0.0020202;0.938253;0.977691;
106500;0.0058;0.445011;0.394638;0.000101275;0.0119654;0.0119654;0.0562965;0.0343717;0.00263222;0.0610171;0.0610171;1.41379;0.00201167;0.930305;0.9777;
107000;0.0094;0.4427;0.394801;8.21381e-05;0.0126668;0.0126668;0.0560058;0.0347696;0.00237937;0.0642917;0.0642917;1.06383;0.00282657;0.97614;0.979073;
107500;0.0102;0.442956;0.39352;0.000130843;0.0117975;0.0117975;0.0573714;0.0350389;0.00295528;0.0621754;0.0621754;0.980392;0.00161649;0.918621;0.980048;
108000;0.0098;0.447673;0.394894;0.000131937;0.0116973;0.0116973;0.0581395;0.0342196;0.00313884;0.0599957;0.0599957;0.77551;0.00323167;0.94971;0.978974;
108500;0.0108;0.450605;0.396913;3.59511e-05;0.0112869;0.0112869;0.05793;0.0333057;0.00163039;0.0594864;0.0594864;0.888889;0.0012131;0.971675;0.979685;
109000;0.0078;0.448286;0.397955;9.24668e-05;0.0125081;0.0125081;0.0573546;0.0337465;0.00258002;0.063158;0.063158;1.23077;0.00120943;0.920002;0.977662;
109500;0.0094;0.442831;0.395819;0.000101196;0.0115933;0.0115933;0.056747;0.0346318;0.00221746;0.061569;0.061569;1.04255;0.00161518;0.947008;0.979732;
110000;0.0084;0.440261;0.395102;4.1627e-05;0.0126435;0.0126435;0.0565634;0.0342409;0.000967983;0.0623055;0.0623055;1.11905;0.00181525;0.941033;0.977298;
110500;0.0092;0.440647;0.393014;3.99028e-05;0.0129978;0.0129978;0.0579175;0.0333963;0.00121689;0.0653792;0.0653792;1.08696;0.00302786;0.927346;0.978891;
111000;0.0082;0.441096;0.389588;4.26813e-05;0.0119609;0.0119609;0.0587917;0.0338387;0.00121078;0.0621194;0.0621194;1.14634;0.00221819;0.978582;0.979508;
111500;0.0088;0.439039;0.389492;0.000105121;0.0114851;0.0114851;0.0575515;0.0365241;0.00280538;0.0590621;0.0590621;1.06818;0.00181598;0.942745;0.978991;
112000;0.007;0.438166;0.38913;8.60311e-05;0.0117556;0.0117556;0.0574345;0.0331605;0.00264381;0.058872;0.058872;1.2;0.0020141;0.919564;0.977719;
112500;0.0082;0.438313;0.386891;9.01585e-05;0.0122928;0.0122928;0.056995;0.0317526;0.00204234;0.0604223;0.0604223;1.17073;0.0030248;0.941422;0.978307;
113000;0.0108;0.443364;0.386856;9.51365e-05;0.0112548;0.0112548;0.0553006;0.033377;0.00180805;0.0589178;0.0589178;0.722222;0.00262839;0.92433;0.97964;
113500;0.0074;0.449574;0.386122;0.000226591;0.0110767;0.0110767;0.0548811;0.0313108;0.00329392;0.0573984;0.0573984;1.13514;0.00241789;0.933738;0.9794;
114000;0.008;0.450254;0.387412;9.79113e-05;0.0125893;0.0125893;0.054556;0.0288422;0.0017765;0.0615643;0.0615643;1.125;0.00241935;0.917862;0.977342;
114500;0.0092;0.448743;0.388499;0.000104374;0.01001;0.01001;0.0553736;0.0279313;0.00203149;0.0517388;0.0517388;0.673913;0.00181671;0.985849;0.978349;
115000;0.009;0.45036;0.387142;4.53708e-05;0.0112895;0.0112895;0.0558509;0.0330314;0.00122695;0.0586608;0.0586608;0.977778;0.00201816;0.944017;0.979466;
115500;0.0088;0.454;0.387996;7.44718e-05;0.0111734;0.0111734;0.0536694;0.0350668;0.00162641;0.0574475;0.0574475;1;0.00181598;0.971023;0.978835;
116000;0.0096;0.451089;0.389696;7.84785e-05;0.0100349;0.0100349;0.0549686;0.0383808;0.00196551;0.0532145;0.0532145;0.770833;0.00121163;0.94939;0.97952;
116500;0.0104;0.451499;0.387883;8.59142e-05;0.010938;0.010938;0.0542787;0.0344005;0.0021323;0.0569957;0.0569957;0.673077;0.00222312;0.905164;0.97924;
117000;0.0108;0.452638;0.386316;3.76678e-05;0.0110481;0.0110481;0.0570434;0.0348818;0.00127935;0.0569942;0.0569942;0.62963;0.00141529;0.884412;0.97833;
117500;0.0084;0.455033;0.387405;1.82798e-05;0.010625;0.010625;0.0581587;0.0367802;0.000651716;0.0573377;0.0573377;1;0.00221864;0.953286;0.980909;
118000;0.009;0.458655;0.387858;5.07353e-05;0.0124663;0.0124663;0.0611598;0.0378483;0.00134704;0.0633437;0.0633437;1.33333;0.00181635;0.958762;0.980466;
118500;0.01;0.46248;0.384853;3.7995e-05;0.0101212;0.0101212;0.0626675;0.0369711;0.00146569;0.05531;0.05531;0.74;0.00262626;0.97007;0.981046;
119000;0.0084;0.464467;0.383859;4.17097e-05;0.0101245;0.0101245;0.0635884;0.0345295;0.00188362;0.0563148;0.0563148;1.07143;0.00242033;0.967381;0.982739;
119500;0.009;0.464849;0.382826;6.06721e-05;0.0104733;0.0104733;0.0636666;0.0325943;0.00195489;0.0564699;0.0564699;1.04444;0.000605449;0.944847;0.980842;
120000;0.0068;0.464591;0.380752;0.000156159;0.010435;0.010435;0.0648375;0.0308394;0.00362784;0.0541411;0.0541411;1;0.00120822;0.934754;0.978308;
120500;0.0084;0.467045;0.379772;4.34311e-06;0.0100985;0.0100985;0.0655678;0.0322997;0.000307074;0.0546746;0.0546746;0.928571;0.00161355;0.951102;0.980951;
121000;0.0112;0.466472;0.3825;4.88135e-06;0.0109011;0.0109011;0.0650793;0.029492;0.00025991;0.0579828;0.0579828;0.732143;0.00283172;0.959092;0.980223;
121500;0.0104;0.465492;0.382561;1.41292e-05;0.00938871;0.00938871;0.0640173;0.0285074;0.000447508;0.0528739;0.0528739;0.75;0.000808407;0.984742;0.981994;
122000;0.0096;0.463612;0.383512;0.000103232;0.0113779;0.0113779;0.0652175;0.0287516;0.00216287;0.0607565;0.0607565;1.04167;0.00222132;0.953397;0.981578;
122500;0.0074;0.465815;0.384774;9.02976e-05;0.0104535;0.0104535;0.0640198;0.0311953;0.00212825;0.0576739;0.0576739;1.13514;0.0022164;0.955531;0.981095;
123000;0.0072;0.469636;0.383562;3.27899e-05;0.0116257;0.0116257;0.0668677;0.0312149;0.000619377;0.0609986;0.0609986;1.27778;0.0020145;0.95174;0.97937;
123500;0.009;0.471391;0.382834;7.7333e-05;0.0102415;0.0102415;0.0671629;0.031581;0.00118334;0.0553038;0.0553038;0.688889;0.00181635;0.9717;0.979554;
124000;0.011;0.471973;0.38265;6.49759e-05;0.00947245;0.00947245;0.066309;0.0308677;0.00114607;0.0539598;0.0539598;0.709091;0.00182002;0.970298;0.982209;
124500;0.0118;0.478575;0.383182;4.81716e-05;0.0109476;0.0109476;0.0671242;0.0299962;0.00103291;0.0601233;0.0601233;0.762712;0.00182149;0.957062;0.981423;
125000;0.009;0.480932;0.382137;4.85433e-05;0.00851257;0.00851257;0.0677689;0.0291129;0.00149912;0.0491125;0.0491125;0.688889;0.0012109;0.953019;0.982229;
125500;0.0086;0.481634;0.381209;6.82755e-05;0.011287;0.011287;0.067795;0.0281637;0.00181315;0.0595583;0.0595583;1.18605;0.00121041;0.935798;0.980488;
126000;0.0102;0.481578;0.382145;9.59413e-05;0.0105674;0.0105674;0.0663635;0.029065;0.00188762;0.0576607;0.0576607;0.901961;0.00202061;0.947252;0.981921;
126500;0.0074;0.481692;0.380604;6.25099e-05;0.0101274;0.0101274;0.06788;0.0294579;0.00143508;0.0537158;0.0537158;1.02703;0.00161193;0.984673;0.979898;
127000;0.0096;0.482916;0.37772;8.69644e-05;0.0102906;0.0102906;0.0657707;0.0292528;0.00206638;0.0545259;0.0545259;0.729167;0.00161551;0.907851;0.980396;
127500;0.0094;0.479882;0.375514;0.000157548;0.0111828;0.0111828;0.065023;0.0306191;0.00287188;0.0581351;0.0581351;1.23404;0.00201898;0.974147;0.981798;
128000;0.0084;0.485102;0.377164;6.21481e-05;0.0109033;0.0109033;0.0692291;0.0289767;0.00153373;0.0580054;0.0580054;1.2381;0.00121017;0.934209;0.981142;
128500;0.012;0.489316;0.378836;6.48897e-05;0.00934325;0.00934325;0.0700104;0.030154;0.00156266;0.0532525;0.0532525;0.616667;0.00182186;0.948028;0.982637;
129000;0.009;0.49304;0.378562;0.000171025;0.010771;0.010771;0.0711647;0.0289432;0.002972;0.0574592;0.0574592;0.911111;0.0024218;0.924329;0.980907;
129500;0.0086;0.49485;0.379238;3.24729e-05;0.00969502;0.00969502;0.0697022;0.0286527;0.000890367;0.0553706;0.0553706;0.883721;0.00242082;0.980872;0.982689;
130000;0.011;0.496281;0.377576;4.29577e-05;0.0108238;0.0108238;0.0702842;0.029035;0.001602;0.0597724;0.0597724;1;0.00262892;0.97695;0.983144;
130500;0.0088;0.496617;0.378689;0.000100456;0.0095867;0.0095867;0.0718604;0.0288126;0.00224437;0.0530767;0.0530767;0.704545;0.00322841;0.918611;0.982492;
131000;0.0098;0.49556;0.380859;3.44789e-05;0.0103216;0.0103216;0.0727254;0.0294911;0.00123776;0.0570353;0.0570353;0.816327;0.00161584;0.957893;0.981584;
131500;0.0082;0.497607;0.379853;8.14229e-05;0.00906901;0.00906901;0.0703076;0.030988;0.00204472;0.0518508;0.0518508;0.95122;0.00201654;0.962034;0.983203;
132000;0.0074;0.493613;0.380428;2.95942e-05;0.00881661;0.00881661;0.0694007;0.0292942;0.00177493;0.0504028;0.0504028;0.810811;0.00201491;0.968871;0.982076;
132500;0.008;0.497905;0.380759;6.76336e-05;0.0100056;0.0100056;0.0732249;0.030362;0.00145119;0.0549365;0.0549365;1.225;0.00201613;0.955125;0.982681;
133000;0.0078;0.499613;0.37782;0.000107947;0.00958743;0.00958743;0.074186;0.0315501;0.0024554;0.0544339;0.0544339;1.07692;0.00201572;0.958282;0.983205;
133500;0.0088;0.499356;0.377778;9.96268e-05;0.0102397;0.0102397;0.0734875;0.0306614;0.0025186;0.0570479;0.0570479;1.09091;0.00161421;0.964893;0.983261;
134000;0.008;0.501068;0.377623;8.78878e-05;0.00979718;0.00979718;0.0721328;0.0318738;0.00311851;0.0555595;0.0555595;1.05;0.00221774;0.997471;0.983094;
134500;0.0076;0.503966;0.375421;0.000337569;0.0108068;0.0108068;0.0721042;0.0327497;0.00625837;0.05834;0.05834;1.21053;0.00161225;0.980362;0.981147;
135000;0.0108;0.509445;0.375224;0.000107755;0.0108643;0.0108643;0.0719163;0.0326816;0.00337108;0.0586431;0.0586431;0.796296;0.00262839;0.93526;0.982483;
135500;0.0092;0.505688;0.375065;0.000125615;0.0102989;0.0102989;0.0720535;0.0330919;0.00274431;0.0587638;0.0587638;1;0.00201857;0.91784;0.983308;
136000;0.008;0.504656;0.375741;0.000304463;0.011503;0.011503;0.0726227;0.0335075;0.00462697;0.0616623;0.0616623;1.375;0.00221774;0.964705;0.982458;
136500;0.0116;0.507657;0.373784;0.000113263;0.0108828;0.0108828;0.0736364;0.0338975;0.00214337;0.0602153;0.0602153;0.827586;0.00242817;0.97835;0.982283;
137000;0.0086;0.504186;0.373167;4.76621e-05;0.0110284;0.0110284;0.0729461;0.0343878;0.00176085;0.0576227;0.0576227;0.906977;0.00181561;0.946242;0.980198;
137500;0.01;0.501551;0.37503;2.22808e-05;0.00979785;0.00979785;0.0739168;0.0359924;0.0010495;0.0554813;0.0554813;0.86;0.000808081;0.945301;0.982965;
138000;0.0076;0.502431;0.3725;9.7757e-05;0.00973443;0.00973443;0.0735343;0.0389275;0.00237314;0.0551528;0.0551528;0.973684;0.00161225;0.934794;0.982057;
138500;0.0114;0.502627;0.371486;6.71922e-05;0.0104623;0.0104623;0.0732699;0.040397;0.00161719;0.0596124;0.0596124;0.912281;0.00101153;0.977219;0.983247;
139000;0.0096;0.50098;0.374612;6.36248e-05;0.0108894;0.0108894;0.0727415;0.0399837;0.00152407;0.0594344;0.0594344;0.833333;0.00222132;0.934892;0.981242;
139500;0.0082;0.505943;0.375806;9.32017e-05;0.00969588;0.00969588;0.0722246;0.0417331;0.00224359;0.0566854;0.0566854;0.95122;0.00282315;0.982425;0.983897;
140000;0.0086;0.506639;0.373796;5.85259e-05;0.0101775;0.0101775;0.0741562;0.0443355;0.00179654;0.0582614;0.0582614;0.837209;0.00262255;0.937736;0.98279;
140500;0.0106;0.504215;0.372917;8.19889e-05;0.0103014;0.0103014;0.0759;0.0459294;0.00170682;0.0555412;0.0555412;0.735849;0.00181928;0.953382;0.980794;
141000;0.0078;0.505365;0.371434;6.77471e-05;0.00959554;0.00959554;0.075325;0.0471475;0.00152694;0.0537566;0.0537566;1;0.00141101;0.964076;0.982087;
141500;0.0112;0.511898;0.372739;6.26435e-05;0.0103522;0.0103522;0.0742505;0.0476239;0.0022323;0.058639;0.058639;0.767857;0.00323625;0.897609;0.98477;
142000;0.0098;0.513183;0.373731;4.72976e-05;0.01031;0.01031;0.0742024;0.0468415;0.00154241;0.0580684;0.0580684;0.897959;0.00302969;0.939704;0.984075;
142500;0.008;0.516091;0.370365;8.19113e-05;0.0101916;0.0101916;0.0729232;0.0452406;0.00202121;0.0575163;0.0575163;1;0.00282258;0.99461;0.982261;
143000;0.0086;0.517276;0.373435;2.97589e-05;0.00977499;0.00977499;0.069821;0.0452214;0.00127651;0.0556281;0.0556281;1.13953;0.000201735;0.978117;0.983253;
143500;0.0118;0.515995;0.374434;3.00231e-06;0.00977571;0.00977571;0.0713071;0.0429878;0.000212274;0.0564465;0.0564465;0.694915;0.00263105;0.969604;0.984003;
144000;0.0082;0.505256;0.373777;9.49753e-05;0.00985273;0.00985273;0.0721994;0.0433676;0.00275519;0.0544884;0.0544884;1.19512;0.000403307;0.945664;0.982707;
144500;0.0082;0.507244;0.371938;2.22257e-05;0.00937693;0.00937693;0.0726616;0.0421742;0.00111206;0.0542252;0.0542252;0.95122;0.00141157;0.960032;0.983549;
145000;0.0098;0.507794;0.372842;2.27153e-05;0.00992369;0.00992369;0.0730462;0.0424325;0.00102349;0.0559205;0.0559205;0.857143;0.00121188;0.965405;0.982219;
145500;0.0086;0.509341;0.367968;7.93675e-05;0.0108866;0.0108866;0.0735729;0.0395905;0.00233986;0.0607785;0.0607785;1.23256;0.00181561;0.968808;0.983637;
146000;0.0116;0.506839;0.367345;9.11289e-05;0.0100425;0.0100425;0.071451;0.0390574;0.00191358;0.0559112;0.0559112;0.62069;0.00263051;0.942423;0.982141;
146500;0.0096;0.51225;0.36783;4.68878e-05;0.0100443;0.0100443;0.0722032;0.0360834;0.000900642;0.0573835;0.0573835;0.958333;0.00201939;0.980166;0.983395;
147000;0.0096;0.513859;0.369169;1.80399e-05;0.0110323;0.0110323;0.072122;0.0358073;0.000768502;0.0601398;0.0601398;0.979167;0.00282714;0.937628;0.982864;
147500;0.008;0.514444;0.370524;0.000118323;0.0113548;0.0113548;0.0717962;0.0387623;0.00246808;0.0607572;0.0607572;1.05;0.00302419;0.919954;0.981371;
148000;0.0094;0.519682;0.371308;6.44091e-05;0.0109252;0.0109252;0.0745892;0.0381435;0.00190777;0.0613758;0.0613758;0.957447;0.00302847;0.968865;0.98338;
148500;0.0072;0.526854;0.373668;6.27983e-05;0.0114235;0.0114235;0.0727104;0.0377598;0.00173061;0.0622748;0.0622748;1.33333;0.00322321;0.924237;0.982462;
149000;0.0104;0.525618;0.375586;3.02586e-05;0.0118682;0.0118682;0.0730702;0.0398775;0.000943427;0.0639011;0.0639011;1.17308;0.00181892;0.98562;0.982374;
149500;0.0122;0.531835;0.376379;2.56747e-05;0.0102039;0.0102039;0.0737061;0.0435035;0.00119361;0.0597842;0.0597842;0.754098;0.00242964;0.946605;0.984862;
150000;0.01;0.535917;0.374619;3.63687e-05;0.0109375;0.0109375;0.072793;0.0455834;0.0017375;0.061255;0.061255;1.02;0.00181818;0.977152;0.983043;
150500;0.0088;0.533592;0.372477;9.28136e-05;0.00894143;0.00894143;0.0744168;0.0424948;0.0027486;0.053666;0.053666;0.727273;0.00141243;0.975834;0.983532;
151000;0.0098;0.53443;0.371091;2.39238e-05;0.0109626;0.0109626;0.0753786;0.0436726;0.00103404;0.061238;0.061238;0.938776;0.00222177;0.913619;0.983412;
151500;0.0084;0.540787;0.36717;1.62277e-05;0.00898978;0.00898978;0.0763969;0.0401427;0.000900962;0.0535407;0.0535407;1;0.00141186;0.954503;0.984514;
152000;0.0082;0.545756;0.367887;5.53206e-05;0.00944867;0.00944867;0.0774197;0.0402694;0.00140871;0.0541389;0.0541389;1.09756;0.00161323;0.977816;0.983442;
152500;0.0088;0.548936;0.365251;8.70558e-05;0.00981869;0.00981869;0.0769374;0.0404781;0.00173503;0.0579063;0.0579063;1.25;0.00161421;0.950191;0.986189;
153000;0.01;0.545904;0.364936;8.19249e-05;0.0101893;0.0101893;0.0740003;0.0443731;0.00220879;0.0576172;0.0576172;1.02;0.00161616;0.983481;0.983886;
153500;0.0098;0.546751;0.367587;8.0795e-05;0.0099175;0.0099175;0.0753997;0.0454455;0.00228908;0.0578119;0.0578119;0.877551;0.00282771;0.941437;0.984871;
154000;0.0092;0.547039;0.367239;0.000100878;0.00868375;0.00868375;0.0756885;0.0433029;0.0017352;0.05342;0.05342;0.869565;0.00201857;0.995153;0.985254;
154500;0.0086;0.54774;0.370346;0.000131419;0.0101247;0.0101247;0.0746427;0.0474963;0.00202893;0.0580475;0.0580475;1.18605;0.00201735;0.961543;0.983646;
155000;0.0088;0.556218;0.371401;5.89161e-05;0.00956243;0.00956243;0.0758238;0.0479557;0.00154803;0.0561834;0.0561834;0.954545;0.00221953;0.922639;0.984768;
155500;0.0088;0.552189;0.374021;5.46159e-05;0.00855471;0.00855471;0.0760769;0.0491889;0.00148185;0.0523403;0.0523403;0.886364;0.00242131;0.967645;0.985808;
156000;0.0104;0.55728;0.369683;3.0879e-05;0.00924342;0.00924342;0.0724512;0.0504825;0.000778736;0.0556385;0.0556385;0.903846;0.00202102;0.944928;0.985903;
156500;0.0096;0.555973;0.369028;5.85996e-05;0.00860468;0.00860468;0.0724855;0.0473888;0.00125517;0.052427;0.052427;0.75;0.00201939;0.947054;0.985239;
157000;0.0094;0.559744;0.367758;0.000113269;0.00916243;0.00916243;0.0727607;0.0497211;0.00208068;0.0551807;0.0551807;0.829787;0.00282657;0.981098;0.984838;
157500;0.013;0.560489;0.365464;6.42219e-05;0.00943675;0.00943675;0.0702393;0.0507423;0.00119441;0.05413;0.05413;0.784615;0.00141844;0.962935;0.984849;
158000;0.0094;0.569803;0.367853;0.000111108;0.00936487;0.00936487;0.0679701;0.0512778;0.00233282;0.0550901;0.0550901;0.914894;0.00201898;0.989484;0.984764;
158500;0.008;0.573067;0.368417;0.000231411;0.00973848;0.00973848;0.0668892;0.0536846;0.00367325;0.0567826;0.0567826;1.3;0.00100806;0.940473;0.984685;
159000;0.0108;0.572974;0.368054;0.000173858;0.00843741;0.00843741;0.0637015;0.0538328;0.00323666;0.0511309;0.0511309;0.833333;0.0012131;0.955923;0.986191;
159500;0.0098;0.572926;0.370908;7.72143e-05;0.00685719;0.00685719;0.0658627;0.0540643;0.0019035;0.0454794;0.0454794;0.612245;0.00141386;0.951338;0.987287;
160000;0.0088;0.573423;0.369201;4.5133e-05;0.00755597;0.00755597;0.063387;0.050191;0.0012016;0.0463861;0.0463861;0.727273;0.00181598;0.985567;0.985455;
160500;0.0096;0.575385;0.370122;0.000122472;0.00993606;0.00993606;0.0633904;0.0513814;0.00280895;0.0567441;0.0567441;0.979167;0.00282714;0.958061;0.985538;
161000;0.0098;0.57812;0.370515;0.000188036;0.00756124;0.00756124;0.0617153;0.0455018;0.00322282;0.0492537;0.0492537;0.714286;0.00161584;0.955523;0.987142;
161500;0.0086;0.574843;0.372205;0.000124568;0.0103902;0.0103902;0.0621103;0.0499697;0.00269229;0.0568251;0.0568251;1.34884;0.00141214;0.985102;0.983873;
162000;0.0088;0.582207;0.372357;0.000162512;0.00927996;0.00927996;0.0614276;0.0484955;0.00274854;0.0540043;0.0540043;0.954545;0.00282486;0.968885;0.984385;
162500;0.0104;0.584209;0.374673;5.13699e-05;0.00799862;0.00799862;0.0644143;0.0523751;0.00141729;0.0504457;0.0504457;0.730769;0.00141471;0.981071;0.986376;
163000;0.0096;0.586495;0.372369;8.57449e-06;0.0087945;0.0087945;0.060574;0.0487338;0.000275146;0.0537957;0.0537957;0.979167;0.00141357;0.954959;0.986659;
163500;0.0096;0.586511;0.373158;0.000130195;0.00870031;0.00870031;0.0612686;0.0451942;0.00300701;0.0524696;0.0524696;0.979167;0.00181745;0.977243;0.986393;
164000;0.0104;0.588011;0.374072;0.000113099;0.00881975;0.00881975;0.0596099;0.0453388;0.0029062;0.0539041;0.0539041;0.942308;0.00222312;0.96896;0.987274;
164500;0.009;0.588562;0.371176;8.06856e-05;0.00658347;0.00658347;0.0582468;0.0433802;0.00206308;0.0443493;0.0443493;0.666667;0.00100908;0.978239;0.987419;
165000;0.0076;0.591265;0.367167;0.000105902;0.00677549;0.00677549;0.0561338;0.0392686;0.00280797;0.0451496;0.0451496;0.710526;0.00181378;0.965265;0.987371;
165500;0.009;0.594406;0.36837;9.47822e-05;0.0073511;0.0073511;0.0546039;0.038136;0.00229956;0.0478103;0.0478103;0.755556;0.00221998;0.971257;0.987343;
166000;0.0094;0.596393;0.364651;5.44397e-05;0.00883335;0.00883335;0.0542263;0.0366991;0.00199864;0.0541796;0.0541796;1.04255;0.00141328;0.971707;0.986713;
166500;0.0084;0.600361;0.363617;4.6768e-05;0.00793178;0.00793178;0.0536049;0.0366321;0.00129335;0.0505582;0.0505582;0.928571;0.00201694;0.976383;0.987372;
167000;0.0122;0.601857;0.364707;0.00013879;0.00898344;0.00898344;0.0550012;0.0400626;0.00286785;0.0539611;0.0539611;0.754098;0.0020247;0.957617;0.986209;
167500;0.0106;0.598752;0.36277;0.000149221;0.0080563;0.0080563;0.0562623;0.0393037;0.00258562;0.0498291;0.0498291;0.698113;0.00121286;0.944651;0.985883;
168000;0.0088;0.60042;0.365113;8.47985e-05;0.00878212;0.00878212;0.0561795;0.0397925;0.00167297;0.0544092;0.0544092;1.11364;0.00242131;0.993778;0.98763;
168500;0.0076;0.604083;0.365647;8.40823e-05;0.00777642;0.00777642;0.0553361;0.0393175;0.00183502;0.0501552;0.0501552;1;0.00221685;0.955834;0.987961;
169000;0.0086;0.606383;0.36348;0.000103533;0.00888849;0.00888849;0.0570098;0.0414578;0.00226834;0.0560693;0.0560693;1.09302;0.00282429;0.971838;0.987547;
169500;0.0082;0.604856;0.366464;7.31986e-05;0.00822347;0.00822347;0.0556864;0.0381544;0.00113943;0.0519967;0.0519967;1.17073;0.00181488;0.986524;0.987514;
170000;0.0096;0.60634;0.367868;7.68233e-05;0.00810843;0.00810843;0.0586315;0.0399499;0.00186286;0.051462;0.051462;0.895833;0.00242326;0.971688;0.9879;
170500;0.0056;0.610071;0.370192;0.000104181;0.0076123;0.0076123;0.0569821;0.042309;0.00177161;0.0476672;0.0476672;1.39286;0.00100563;0.967922;0.986371;
171000;0.007;0.612651;0.370683;0.000156205;0.00829683;0.00829683;0.0562688;0.0445674;0.00334295;0.0519163;0.0519163;1.25714;0.00221551;0.953569;0.987428;
171500;0.008;0.610954;0.37282;3.73868e-05;0.00760445;0.00760445;0.055254;0.0487619;0.00146317;0.049466;0.049466;0.975;0.0016129;0.952747;0.987929;
172000;0.0108;0.614255;0.375079;2.18945e-05;0.00786488;0.00786488;0.0534309;0.0504537;0.000790668;0.0507132;0.0507132;0.759259;0.00202184;0.962248;0.987918;
172500;0.0106;0.612026;0.374905;7.62692e-05;0.00824825;0.00824825;0.0528211;0.0529339;0.00231446;0.0524188;0.0524188;0.716981;0.00283;0.964377;0.987625;
173000;0.0074;0.608815;0.374714;8.75274e-06;0.00793275;0.00793275;0.0499127;0.0525358;0.000512102;0.0504125;0.0504125;1.10811;0.0022164;0.952712;0.987942;
173500;0.0104;0.610338;0.377615;4.34557e-05;0.00851122;0.00851122;0.0495156;0.0547213;0.00133593;0.0538611;0.0538611;0.923077;0.00202102;0.963405;0.988072;
174000;0.01;0.611851;0.38227;7.07803e-05;0.00963377;0.00963377;0.0504107;0.057049;0.00239903;0.0569445;0.0569445;1.08;0.00282828;0.964069;0.987649;
174500;0.009;0.610815;0.378455;5.66241e-05;0.00787078;0.00787078;0.0519975;0.0560468;0.000959345;0.0513062;0.0513062;0.977778;0.00221998;0.952248;0.988703;
175000;0.01;0.612165;0.381323;0.000216799;0.00960189;0.00960189;0.0499118;0.0547681;0.00322722;0.0576911;0.0576911;0.92;0.00343434;0.958423;0.986597;
175500;0.0092;0.614596;0.386879;3.16803e-05;0.00942143;0.00942143;0.0504547;0.0604237;0.000732323;0.0566827;0.0566827;0.934783;0.00343157;0.996937;0.986199;
176000;0.009;0.615787;0.387707;1.68895e-05;0.00754223;0.00754223;0.0513375;0.0641667;0.000317945;0.0508773;0.0508773;0.977778;0.00221998;0.966673;0.989612;
176500;0.0072;0.615676;0.388002;0.000119085;0.00849233;0.00849233;0.0535332;0.0642599;0.00251783;0.0545889;0.0545889;1.27778;0.0020145;0.984055;0.987591;
177000;0.0092;0.61455;0.384361;6.48133e-05;0.00858629;0.00858629;0.0535971;0.0639646;0.00165033;0.053879;0.053879;0.956522;0.00222043;0.955889;0.987265;
177500;0.0096;0.618436;0.389029;8.092e-05;0.00785097;0.00785097;0.0521478;0.0635232;0.00175171;0.0499447;0.0499447;0.979167;0.00161551;0.967588;0.98805;
178000;0.0098;0.615631;0.392625;0.000108472;0.00863703;0.00863703;0.0536805;0.0686106;0.00227982;0.0546496;0.0546496;0.959184;0.00222177;0.971267;0.987786;
178500;0.0088;0.615702;0.385937;0.000178787;0.00840965;0.00840965;0.0517689;0.0653902;0.00381151;0.0547309;0.0547309;1.06818;0.00181598;0.977425;0.988178;
179000;0.0086;0.615444;0.39064;0.000182741;0.00836393;0.00836393;0.0513393;0.0654712;0.00361286;0.0532492;0.0532492;1.02326;0.00181561;0.998605;0.987701;
179500;0.0092;0.612276;0.392263;0.000174797;0.00811051;0.00811051;0.0509151;0.0617531;0.00346673;0.0507988;0.0507988;0.847826;0.00161486;0.961665;0.986766;
180000;0.0082;0.611422;0.392962;3.17169e-05;0.00653365;0.00653365;0.0543366;0.0642242;0.00114039;0.0438809;0.0438809;0.731707;0.000806614;0.974171;0.987567;
180500;0.0118;0.61006;0.395872;0.000117206;0.00794258;0.00794258;0.0541511;0.0670647;0.00260224;0.0524072;0.0524072;0.694915;0.00222627;0.984402;0.988339;
181000;0.0108;0.613144;0.393005;8.52332e-05;0.00639121;0.00639121;0.053923;0.0638771;0.00250463;0.0456223;0.0456223;0.62963;0.00101092;0.991735;0.989636;
181500;0.009;0.613971;0.390205;0.000174797;0.00745631;0.00745631;0.0564916;0.0620504;0.00330241;0.0480616;0.0480616;0.866667;0.00100908;0.972763;0.98732;
182000;0.0074;0.615935;0.385217;3.26042e-05;0.00703954;0.00703954;0.0549712;0.0633122;0.00102361;0.0480606;0.0480606;0.783784;0.00241789;0.928304;0.988611;
182500;0.0112;0.618176;0.3871;7.89513e-05;0.00986921;0.00986921;0.0551404;0.0648852;0.00207023;0.0602114;0.0602114;0.857143;0.00343851;0.969786;0.987612;
183000;0.0078;0.614574;0.38667;5.66238e-05;0.00815801;0.00815801;0.0556571;0.0639382;0.00119956;0.0508474;0.0508474;1;0.00221729;0.954606;0.986853;
183500;0.0098;0.616373;0.391096;0.000115291;0.00843441;0.00843441;0.0542733;0.0662989;0.00213635;0.0541198;0.0541198;0.816327;0.00302969;0.939491;0.988241;
184000;0.0098;0.614616;0.392346;0.000146556;0.00930428;0.00930428;0.0543322;0.0676634;0.00286614;0.0569512;0.0569512;1.06122;0.00262573;0.964876;0.988094;
184500;0.0086;0.615294;0.391108;0.000100213;0.0076505;0.0076505;0.0546246;0.0664291;0.00222296;0.0503296;0.0503296;0.906977;0.00201735;0.994156;0.987975;
185000;0.0068;0.615049;0.388961;3.79697e-05;0.00800946;0.00800946;0.0557232;0.0664229;0.000973984;0.0503756;0.0503756;1.20588;0.00161095;0.968444;0.987332;
185500;0.009;0.617571;0.391788;4.37855e-05;0.00791874;0.00791874;0.057707;0.0704684;0.00190884;0.0518533;0.0518533;0.888889;0.00100908;0.983312;0.987367;
186000;0.0078;0.616927;0.386224;8.80932e-05;0.00777834;0.00777834;0.0569425;0.0683647;0.00275017;0.0536593;0.0536593;1.07692;0.00241887;0.960662;0.990041;
186500;0.0098;0.619185;0.382516;7.20215e-05;0.00839437;0.00839437;0.057013;0.0677846;0.00226122;0.0537263;0.0537263;0.836735;0.00161584;0.941816;0.987305;
187000;0.0116;0.61627;0.385468;0.00010817;0.00829658;0.00829658;0.0582709;0.0701806;0.00318183;0.0541158;0.0541158;0.706897;0.00242817;0.991805;0.988268;
187500;0.0096;0.617036;0.38643;0;0.00659472;0.00659472;0.0574416;0.068529;0;0.0469173;0.0469173;0.5625;0.00141357;0.932084;0.989313;
188000;0.0078;0.62039;0.383439;0.000106328;0.00850909;0.00850909;0.0601268;0.061534;0.00296541;0.0547929;0.0547929;1.25641;0.00201572;0.978082;0.988881;
188500;0.0096;0.622645;0.382141;2.81084e-05;0.00773496;0.00773496;0.0572073;0.0645251;0.00102726;0.0513981;0.0513981;0.666667;0.0026252;0.982507;0.987863;
189000;0.0082;0.624957;0.381847;0.000156365;0.00742897;0.00742897;0.0550875;0.061721;0.00318943;0.0513878;0.0513878;1.04878;0.00120992;0.983174;0.989584;
189500;0.0104;0.627769;0.379885;0.000159276;0.00796749;0.00796749;0.0590489;0.061601;0.00249049;0.0518512;0.0518512;0.923077;0.00121261;0.953003;0.988531;
190000;0.0098;0.628892;0.380646;8.62415e-05;0.00821858;0.00821858;0.0600688;0.0620069;0.00179941;0.0519196;0.0519196;0.897959;0.00121188;0.964984;0.987258;
190500;0.0096;0.62512;0.382066;3.75104e-05;0.00983676;0.00983676;0.0599518;0.0651683;0.00121315;0.0601379;0.0601379;1.10417;0.0026252;0.981524;0.988314;
191000;0.0108;0.620749;0.38461;0.000142108;0.00810552;0.00810552;0.0592233;0.0688224;0.00313935;0.05304;0.05304;0.703704;0.00141529;0.963622;0.987435;
191500;0.0088;0.621458;0.381802;9.63646e-06;0.00850389;0.00850389;0.0583891;0.06502;0.000295221;0.0551015;0.0551015;0.886364;0.00282486;0.977115;0.987809;
192000;0.0072;0.619152;0.381687;8.53866e-05;0.00821188;0.00821188;0.0579898;0.0653602;0.00237586;0.0543763;0.0543763;1.25;0.00181305;0.969964;0.988843;
192500;0.0094;0.619868;0.384101;7.93131e-05;0.00884776;0.00884776;0.0578954;0.0668852;0.00211062;0.0563923;0.0563923;0.978723;0.00262467;0.968062;0.988288;
193000;0.0116;0.623265;0.385426;2.55277e-05;0.00860619;0.00860619;0.057397;0.0654855;0.000940296;0.0555959;0.0555959;0.862069;0.00141643;0.954904;0.988716;
193500;0.0094;0.622469;0.383197;4.08367e-05;0.00840982;0.00840982;0.0579929;0.0651455;0.00135825;0.0539067;0.0539067;0.978723;0.00222088;0.944195;0.988663;
194000;0.01;0.620234;0.387098;2.69617e-05;0.00801916;0.00801916;0.0596072;0.0653639;0.00121926;0.0541978;0.0541978;0.92;0.00161616;0.964853;0.989791;
194500;0.0084;0.622292;0.391911;0.000135726;0.00846629;0.00846629;0.0600621;0.0660769;0.00249436;0.052258;0.052258;1;0.00141186;0.977176;0.98608;
195000;0.0108;0.622417;0.39746;5.80899e-05;0.00829967;0.00829967;0.0624536;0.0667701;0.00172959;0.0541218;0.0541218;0.796296;0.00222402;0.981801;0.988372;
195500;0.0118;0.619449;0.40017;4.04409e-05;0.00765115;0.00765115;0.0604058;0.0678972;0.00169324;0.0525543;0.0525543;0.644068;0.00161911;0.957085;0.989279;
196000;0.0084;0.61781;0.400953;3.55192e-05;0.00835249;0.00835249;0.0587813;0.0674101;0.00134388;0.0550376;0.0550376;1.02381;0.00201694;0.988432;0.98845;
196500;0.0106;0.619976;0.4003;2.52444e-05;0.00797892;0.00797892;0.0617635;0.0672587;0.00119024;0.0523337;0.0523337;0.792453;0.00181928;0.963128;0.988458;
197000;0.0084;0.621321;0.404991;5.68197e-05;0.00859039;0.00859039;0.0627325;0.0717943;0.00112726;0.0554232;0.0554232;1.02381;0.00242033;0.995719;0.987801;
197500;0.0114;0.622262;0.403933;5.61773e-05;0.00919751;0.00919751;0.0632773;0.0749371;0.00109159;0.0571674;0.0571674;0.807018;0.00202306;0.96758;0.986946;
198000;0.01;0.616719;0.401985;9.20432e-05;0.00872467;0.00872467;0.0634778;0.0770266;0.00169687;0.0554423;0.0554423;0.84;0.0020202;0.95224;0.987704;
198500;0.0102;0.616179;0.405525;1.37071e-05;0.00853617;0.00853617;0.0638712;0.0790879;0.000856975;0.0537819;0.0537819;0.745098;0.00222267;0.997307;0.986694;
199000;0.0092;0.620141;0.404618;8.54723e-05;0.00728798;0.00728798;0.0613724;0.0797537;0.002226;0.0500724;0.0500724;0.76087;0.00161486;0.957848;0.988623;
199500;0.0098;0.623116;0.401583;3.71998e-05;0.00923533;0.00923533;0.0578753;0.0775957;0.00124455;0.0589104;0.0589104;1.14286;0.0010099;0.979982;0.98831;
200000;0.009;0.621546;0.401993;0.000103277;0.00832301;0.00832301;0.0561296;0.074245;0.00258332;0.0534797;0.0534797;0.911111;0.00141271;0.9672;0.987607;
