

seed;3905286904;
Npop;5000;
mu_feedback;0.0005;
mu_stress_influx;0.0005;
mu_influx;0.0005;
mu_hstart;0.0005;
sP2NP_1;0.19;
sNP2P_1;0.01;
init_feedback;0.1;
init_stress_influx;0.4;
init_influx;0.05;
init_hstart;0.5;
cue_P;0;
cue_NP;0;
s0;0;
ad;1.5;
aP;1;
mort_background;0.002;
dmax;1;
zmax;1;
r;1;
u;1;
p_att;0.5;
NumGen;200000;
base_name;sim_stress_14_02_2020_232531_2;
generation;freq_P;mean_feedback;mean_stress_influx;mean_influx;mean_hormone;mean_damage;sd_feedback;sd_stress_influx;sd_influx;sd_hormone;sd_damage;prop_dead_P;prop_dead_NP;mean_fecundity_P;mean_fecundity_NP;
0;0.036;0.1;0.4;0.05;0.50424;0.50424;-nan;-nan;-nan;0.0409637;0.0409637;0.372222;0.00207469;0.496651;0.646447;
500;0.0266;0.100059;0.400022;0.0500142;0.52004;0.52004;0.00260335;0.00501262;0.00182352;0.0775526;0.0775526;0.150376;0.00184919;0.257243;0.631844;
1000;0.0252;0.100014;0.400006;0.0500246;0.521122;0.521122;0.00236013;0.00261854;0.00277631;0.0806777;0.0806777;0.198413;0.00184653;0.253512;0.62993;
1500;0.0286;0.100018;0.400094;0.0500757;0.519967;0.519967;0.00179221;0.00313318;0.00267833;0.0767661;0.0767661;0.132867;0.001853;0.311995;0.63124;
2000;0.028;0.100122;0.399807;0.0500341;0.521464;0.521464;0.00428515;0.00439316;0.00307702;0.0834769;0.0834769;0.185714;0.00205761;0.234474;0.630786;
2500;0.026;0.100003;0.399859;0.0500595;0.520001;0.520001;0.0016102;0.00583129;0.00308353;0.0772975;0.0772975;0.215385;0.00246407;0.277352;0.631131;
3000;0.0248;0.100102;0.399921;0.0500651;0.518647;0.518647;0.00213682;0.00309993;0.00288984;0.0759486;0.0759486;0.225806;0.00184578;0.313671;0.631368;
3500;0.0286;0.100108;0.399966;0.0499483;0.518815;0.518815;0.00302619;0.00322248;0.00295052;0.0803619;0.0803619;0.160839;0.00164711;0.285028;0.633022;
4000;0.0252;0.100173;0.399931;0.0497677;0.517604;0.517604;0.00283548;0.00266136;0.00412351;0.0844259;0.0844259;0.166667;0.00225687;0.276202;0.632962;
4500;0.0304;0.100035;0.399845;0.0494908;0.517283;0.517283;0.00250223;0.00421443;0.00422658;0.0915954;0.0915954;0.144737;0.00165017;0.243447;0.635635;
5000;0.0262;0.100111;0.39984;0.0492962;0.511305;0.511305;0.00232013;0.00506046;0.00452604;0.0842108;0.0842108;0.206107;0.00123229;0.310186;0.6392;
5500;0.0248;0.100155;0.399751;0.0488144;0.508163;0.508163;0.00256822;0.00441767;0.00562617;0.092719;0.092719;0.16129;0.00184578;0.275264;0.642204;
6000;0.0274;0.100377;0.399715;0.0484492;0.504132;0.504132;0.00438334;0.0052125;0.00647028;0.097889;0.097889;0.211679;0.00185071;0.321945;0.645923;
6500;0.0268;0.10053;0.399456;0.047735;0.49724;0.49724;0.00494198;0.00645893;0.00791726;0.107557;0.107557;0.208955;0.00143855;0.27892;0.653078;
7000;0.0244;0.100279;0.399575;0.0472872;0.491593;0.491593;0.0044433;0.00777106;0.00805877;0.10774;0.10774;0.180328;0.00143501;0.272928;0.658313;
7500;0.0232;0.100371;0.399214;0.0474311;0.494955;0.494955;0.00540121;0.0102364;0.00839294;0.111454;0.111454;0.137931;0.0012285;0.287427;0.653562;
8000;0.0266;0.100549;0.399206;0.0463461;0.485553;0.485553;0.0063263;0.0106007;0.00942841;0.121077;0.121077;0.18797;0.00102733;0.298262;0.663371;
8500;0.0216;0.100467;0.399926;0.0456916;0.476968;0.476968;0.00561396;0.00630831;0.0100996;0.122477;0.122477;0.240741;0.00163532;0.259457;0.671203;
9000;0.022;0.100557;0.399805;0.0446127;0.468017;0.468017;0.00637184;0.00697915;0.0115023;0.133293;0.133293;0.327273;0.00245399;0.331562;0.677451;
9500;0.0216;0.101034;0.399801;0.0441082;0.460594;0.460594;0.00888015;0.010435;0.0120502;0.138049;0.138049;0.342593;0.00245298;0.354938;0.683538;
10000;0.0292;0.101275;0.400423;0.043438;0.45487;0.45487;0.00907852;0.00821658;0.0124559;0.143833;0.143833;0.157534;0.00164813;0.342477;0.691512;
10500;0.024;0.101225;0.400522;0.0417864;0.440635;0.440635;0.00875412;0.0086586;0.0135794;0.155372;0.155372;0.225;0.00184426;0.274541;0.703618;
11000;0.0226;0.10124;0.400542;0.0409785;0.429603;0.429603;0.00888562;0.00972641;0.0142266;0.154741;0.154741;0.300885;0.00266012;0.323925;0.712799;
11500;0.0214;0.101337;0.400857;0.0401811;0.424512;0.424512;0.00990727;0.0102468;0.0148028;0.161353;0.161353;0.252336;0.00122624;0.378679;0.714946;
12000;0.0192;0.101383;0.400792;0.039154;0.413646;0.413646;0.0104151;0.00932483;0.0150054;0.16424;0.16424;0.322917;0.00142741;0.356115;0.724549;
12500;0.0218;0.101089;0.401126;0.0375008;0.400748;0.400748;0.00930987;0.00939905;0.0154754;0.170529;0.170529;0.229358;0.00265794;0.343189;0.736959;
13000;0.0228;0.100859;0.40071;0.0365448;0.391179;0.391179;0.00762772;0.00858935;0.0160974;0.1732;0.1732;0.368421;0.00266066;0.361109;0.745748;
13500;0.0226;0.100836;0.400527;0.034033;0.368853;0.368853;0.0072;0.00809881;0.0169494;0.182729;0.182729;0.362832;0.00204625;0.430108;0.762585;
14000;0.021;0.101374;0.400386;0.0325285;0.350592;0.350592;0.00936866;0.00846794;0.0171948;0.180741;0.180741;0.228571;0.00265577;0.458244;0.777975;
14500;0.021;0.10137;0.400479;0.0294398;0.322863;0.322863;0.00906048;0.00870373;0.0178815;0.188458;0.188458;0.285714;0.00163432;0.436348;0.800079;
15000;0.0186;0.101562;0.400407;0.0282945;0.310485;0.310485;0.0105903;0.0100143;0.0178186;0.187459;0.187459;0.376344;0.00122274;0.457721;0.809538;
15500;0.0214;0.101457;0.400043;0.0272755;0.302558;0.302558;0.00982265;0.010194;0.0181869;0.191578;0.191578;0.271028;0.00265686;0.535168;0.814195;
16000;0.0168;0.101009;0.399849;0.0261705;0.296985;0.296985;0.00997915;0.00863932;0.0180662;0.19319;0.19319;0.666667;0.00325468;0.434167;0.819516;
16500;0.0178;0.100651;0.400096;0.0256073;0.28897;0.28897;0.00836364;0.0077782;0.0181215;0.195349;0.195349;0.393258;0.00223987;0.419391;0.825267;
17000;0.0188;0.101104;0.400507;0.0251443;0.284652;0.284652;0.00869623;0.00759989;0.0179813;0.190474;0.190474;0.5;0.00305748;0.546306;0.828271;
17500;0.0182;0.100967;0.400316;0.0242895;0.27676;0.27676;0.00803882;0.00574167;0.0178148;0.190641;0.190641;0.340659;0.00162966;0.517817;0.834054;
18000;0.019;0.100844;0.399849;0.0231221;0.265746;0.265746;0.00830496;0.00574467;0.0178908;0.19243;0.19243;0.368421;0.00224261;0.497015;0.842668;
18500;0.0156;0.100797;0.400201;0.0211223;0.246482;0.246482;0.00777079;0.00672976;0.0174893;0.186578;0.186578;0.371795;0.00223486;0.592548;0.855683;
19000;0.018;0.100626;0.400433;0.020986;0.245087;0.245087;0.00675522;0.00694075;0.0175222;0.190981;0.190981;0.455556;0.00224033;0.502693;0.858012;
19500;0.014;0.100391;0.400509;0.0210699;0.246412;0.246412;0.00454472;0.00716144;0.0179357;0.192627;0.192627;0.5;0.00223124;0.488434;0.855388;
20000;0.0132;0.100708;0.400493;0.0210377;0.24576;0.24576;0.00548878;0.00710946;0.0173965;0.186116;0.186116;0.651515;0.00283745;0.522298;0.85732;
20500;0.0166;0.100644;0.40027;0.0204571;0.239923;0.239923;0.00493619;0.00688177;0.0177127;0.191312;0.191312;0.445783;0.00244051;0.522376;0.860887;
21000;0.016;0.100661;0.40043;0.0199837;0.237327;0.237327;0.00613692;0.00797643;0.017352;0.189461;0.189461;0.5;0.00243902;0.504466;0.863395;
21500;0.0184;0.100931;0.40077;0.0212124;0.248316;0.248316;0.00820896;0.00871128;0.0178378;0.192108;0.192108;0.358696;0.00183374;0.515099;0.855029;
22000;0.015;0.100499;0.400491;0.0203316;0.239848;0.239848;0.00872339;0.00750605;0.0177627;0.19058;0.19058;0.56;0.00263959;0.572934;0.859956;
22500;0.0164;0.100552;0.400579;0.0204224;0.241484;0.241484;0.0107684;0.00754605;0.0175059;0.189786;0.189786;0.52439;0.00203335;0.585308;0.859189;
23000;0.0136;0.100547;0.400015;0.0195407;0.232592;0.232592;0.0136212;0.0111763;0.0174786;0.192005;0.192005;0.588235;0.00364964;0.511795;0.865473;
23500;0.0144;0.100107;0.399953;0.0184288;0.225323;0.225323;0.0114613;0.00889047;0.0171997;0.192567;0.192567;0.652778;0.00263799;0.470301;0.87118;
24000;0.0154;0.100056;0.399481;0.0172669;0.21415;0.21415;0.00992135;0.00817405;0.0167303;0.186403;0.186403;0.493506;0.00223441;0.575525;0.87892;
24500;0.0132;0.099973;0.399331;0.0168039;0.209308;0.209308;0.0108221;0.00660946;0.0166264;0.185476;0.185476;0.560606;0.00263478;0.51911;0.882498;
25000;0.0156;0.100311;0.399691;0.0160471;0.199877;0.199877;0.0120435;0.00823612;0.0164833;0.182878;0.182878;0.307692;0.00182852;0.663885;0.887023;
25500;0.0176;0.100066;0.39933;0.0148878;0.191333;0.191333;0.00951117;0.0086666;0.016141;0.184984;0.184984;0.420455;0.00285016;0.596022;0.894726;
26000;0.014;0.0999478;0.399986;0.0149778;0.190337;0.190337;0.00784659;0.00988008;0.0161682;0.181459;0.181459;0.328571;0.00182556;0.631405;0.893771;
26500;0.014;0.10099;0.399598;0.0143485;0.184976;0.184976;0.0109927;0.0120742;0.0160688;0.18089;0.18089;0.471429;0.00243408;0.622412;0.897887;
27000;0.0148;0.100922;0.399963;0.013489;0.174239;0.174239;0.00987101;0.0117454;0.0157633;0.174898;0.174898;0.418919;0.00243605;0.668512;0.905451;
27500;0.0134;0.100558;0.401119;0.0127626;0.167556;0.167556;0.0095347;0.0118171;0.0154082;0.175188;0.175188;0.567164;0.00182445;0.68463;0.90921;
28000;0.0134;0.100463;0.401782;0.0129216;0.170537;0.170537;0.00844565;0.0133685;0.0153561;0.175397;0.175397;0.567164;0.00141901;0.627954;0.908177;
28500;0.0128;0.100336;0.402292;0.012768;0.166945;0.166945;0.00850931;0.0125687;0.015443;0.174058;0.174058;0.546875;0.00162075;0.659384;0.909875;
29000;0.0136;0.100167;0.402172;0.0120432;0.166284;0.166284;0.00805292;0.011514;0.0150574;0.176982;0.176982;0.558824;0.00344688;0.62431;0.910649;
29500;0.0146;0.0996251;0.402153;0.0109884;0.153534;0.153534;0.00987671;0.0119392;0.0144058;0.17036;0.17036;0.452055;0.00182667;0.701838;0.918445;
30000;0.0162;0.0997487;0.400983;0.0116071;0.15944;0.15944;0.00951721;0.0106442;0.0147524;0.174518;0.174518;0.481481;0.00223623;0.704957;0.914717;
30500;0.0142;0.0994822;0.40028;0.0127095;0.169314;0.169314;0.00803368;0.00981093;0.0150574;0.17418;0.17418;0.591549;0.00162305;0.715905;0.908488;
31000;0.0148;0.0997616;0.400492;0.0123197;0.165974;0.165974;0.00948883;0.0126574;0.0149131;0.172685;0.172685;0.472973;0.00223305;0.711222;0.910554;
31500;0.0142;0.100265;0.400515;0.011574;0.156799;0.156799;0.00992058;0.0131361;0.0145286;0.171196;0.171196;0.619718;0.00162305;0.711719;0.916722;
32000;0.0156;0.0999335;0.401119;0.0108559;0.153506;0.153506;0.00875436;0.0132513;0.0147703;0.173593;0.173593;0.384615;0.00162536;0.631071;0.918827;
32500;0.0134;0.100212;0.401066;0.00989461;0.141695;0.141695;0.00939068;0.0148995;0.0138489;0.165813;0.165813;0.492537;0.0024326;0.678553;0.926682;
33000;0.0152;0.099632;0.401149;0.0102974;0.146929;0.146929;0.00922867;0.0164684;0.0136387;0.168127;0.168127;0.552632;0.0016247;0.616846;0.924952;
33500;0.0152;0.0994459;0.401952;0.0104126;0.151331;0.151331;0.00888424;0.0172428;0.0135486;0.16742;0.16742;0.618421;0.00203087;0.607781;0.922886;
34000;0.0166;0.100032;0.402074;0.0104849;0.149559;0.149559;0.0114409;0.0195607;0.0139339;0.170149;0.170149;0.506024;0.00223714;0.66793;0.922694;
34500;0.0138;0.100552;0.402043;0.0101168;0.143764;0.143764;0.0106837;0.0176134;0.0138063;0.163917;0.163917;0.434783;0.00202799;0.765895;0.924472;
35000;0.0136;0.100864;0.401381;0.00949195;0.1389;0.1389;0.0134728;0.0179275;0.0138887;0.163847;0.163847;0.485294;0.00223033;0.746747;0.927477;
35500;0.0112;0.10114;0.401464;0.00921673;0.140207;0.140207;0.0135091;0.0177348;0.0134828;0.166884;0.166884;0.732143;0.00161812;0.691639;0.926617;
36000;0.0108;0.101597;0.40203;0.00894086;0.134499;0.134499;0.0144703;0.0146842;0.0131239;0.162814;0.162814;0.777778;0.0012131;0.719418;0.930342;
36500;0.016;0.102245;0.400998;0.00855661;0.128946;0.128946;0.0141959;0.0147384;0.0127294;0.162434;0.162434;0.525;0.00121951;0.715472;0.934629;
37000;0.0138;0.102431;0.399807;0.00809968;0.125622;0.125622;0.0152675;0.0166817;0.0126226;0.158289;0.158289;0.594203;0.00182519;0.754051;0.936426;
37500;0.0134;0.103215;0.399917;0.00702298;0.114576;0.114576;0.0167812;0.014623;0.0120007;0.154146;0.154146;0.731343;0.00182445;0.736579;0.943798;
38000;0.0148;0.103672;0.40045;0.00754181;0.123413;0.123413;0.0170135;0.013386;0.0124461;0.16424;0.16424;0.783784;0.00223305;0.697801;0.938419;
38500;0.0118;0.102094;0.400949;0.00660106;0.110734;0.110734;0.0141564;0.0122378;0.0116436;0.150878;0.150878;0.644068;0.00182149;0.771532;0.945372;
39000;0.0126;0.101511;0.400301;0.00642313;0.109721;0.109721;0.013052;0.0145144;0.0115527;0.151276;0.151276;0.555556;0.00222807;0.76796;0.94554;
39500;0.0146;0.100641;0.399443;0.00747139;0.123877;0.123877;0.0118879;0.0158646;0.0120267;0.160445;0.160445;0.684932;0.00121778;0.764211;0.937038;
40000;0.0158;0.101485;0.398404;0.00781333;0.121931;0.121931;0.0126491;0.0161083;0.0123162;0.157565;0.157565;0.392405;0.00101605;0.674218;0.939188;
40500;0.0124;0.101517;0.398786;0.00744865;0.120127;0.120127;0.0136999;0.0147627;0.0122405;0.156578;0.156578;0.645161;0.0018226;0.722506;0.939964;
41000;0.0128;0.102704;0.399722;0.00767827;0.120086;0.120086;0.0158253;0.0140023;0.012305;0.156398;0.156398;0.5625;0.000405186;0.674771;0.939714;
41500;0.0144;0.104569;0.399248;0.00744762;0.119572;0.119572;0.0194054;0.0138444;0.0122753;0.156791;0.156791;0.763889;0.00243506;0.677134;0.942137;
42000;0.011;0.104744;0.398676;0.00652843;0.107493;0.107493;0.0208208;0.0149215;0.0111286;0.145069;0.145069;0.581818;0.00323559;0.762483;0.948098;
42500;0.0128;0.103377;0.398185;0.00698644;0.111138;0.111138;0.0181527;0.0153385;0.0117122;0.151024;0.151024;0.671875;0.00243112;0.684258;0.946687;
43000;0.0114;0.10219;0.397982;0.00734274;0.117171;0.117171;0.0164579;0.016179;0.0120148;0.152081;0.152081;0.614035;0.00222537;0.731414;0.94206;
43500;0.0128;0.102336;0.397416;0.00688201;0.114709;0.114709;0.0179771;0.0172136;0.0115409;0.150818;0.150818;0.703125;0.00141815;0.763671;0.943859;
44000;0.0124;0.10295;0.3966;0.00676724;0.112618;0.112618;0.0181857;0.0175798;0.0118412;0.151465;0.151465;0.677419;0.000810045;0.743662;0.944513;
44500;0.0128;0.102333;0.397806;0.00728063;0.120877;0.120877;0.0198783;0.0177647;0.0116828;0.157527;0.157527;0.5625;0.00222853;0.701034;0.939707;
45000;0.0134;0.103848;0.398681;0.0072984;0.119486;0.119486;0.0232301;0.0158055;0.0115634;0.153865;0.153865;0.656716;0.0012163;0.765309;0.940732;
45500;0.0136;0.10384;0.399304;0.00736703;0.118432;0.118432;0.0209354;0.0142012;0.0117014;0.155372;0.155372;0.661765;0.00263585;0.712072;0.942335;
46000;0.013;0.102828;0.399186;0.00696217;0.11457;0.11457;0.0191288;0.0145266;0.0113235;0.151488;0.151488;0.676923;0.00222898;0.715616;0.944755;
46500;0.0138;0.103553;0.399099;0.00724954;0.115777;0.115777;0.0227274;0.0144981;0.0118884;0.154763;0.154763;0.623188;0.00202799;0.747229;0.943017;
47000;0.0132;0.106096;0.399489;0.00768339;0.117562;0.117562;0.0272589;0.0138903;0.012149;0.152093;0.152093;0.484848;0.00202675;0.774164;0.941361;
47500;0.0128;0.105065;0.399649;0.00676955;0.111908;0.111908;0.0239594;0.0154556;0.0113694;0.150605;0.150605;0.65625;0.00202593;0.719635;0.945814;
48000;0.0124;0.104453;0.399864;0.0073669;0.117474;0.117474;0.0224884;0.0147451;0.0122194;0.157347;0.157347;0.548387;0.0018226;0.652983;0.94177;
48500;0.0146;0.10539;0.399711;0.00746459;0.116452;0.116452;0.0274637;0.0137449;0.0123169;0.155684;0.155684;0.60274;0.00202963;0.785772;0.941984;
49000;0.0112;0.106081;0.40005;0.00666506;0.108732;0.108732;0.0288436;0.0145269;0.0122426;0.153667;0.153667;0.785714;0.00222492;0.881091;0.944639;
49500;0.009;0.106045;0.400202;0.00637894;0.105526;0.105526;0.0281547;0.0143063;0.0119105;0.152156;0.152156;0.844444;0.00141271;0.744237;0.947206;
50000;0.014;0.106324;0.398265;0.00647982;0.105784;0.105784;0.0268704;0.0144235;0.0122347;0.155978;0.155978;0.5;0.00263692;0.702974;0.948158;
50500;0.011;0.106417;0.398563;0.00651073;0.107095;0.107095;0.0260873;0.0144331;0.0131314;0.158679;0.158679;0.690909;0.00182002;0.792689;0.944957;
51000;0.0128;0.10674;0.398315;0.00578146;0.101665;0.101665;0.0267382;0.0152265;0.0117683;0.15185;0.15185;0.765625;0.00243112;0.787219;0.950498;
51500;0.0142;0.104734;0.397822;0.00576876;0.105504;0.105504;0.0228076;0.0153308;0.0113214;0.153673;0.153673;0.788732;0.00202881;0.718695;0.949957;
52000;0.0118;0.103569;0.398118;0.00595823;0.106985;0.106985;0.0220346;0.0146684;0.0111619;0.151518;0.151518;0.745763;0.00222627;0.752903;0.947827;
52500;0.0098;0.104595;0.398376;0.00646093;0.108631;0.108631;0.0256114;0.0142478;0.0111824;0.149161;0.149161;0.653061;0.00161584;0.695076;0.946709;
53000;0.0126;0.10311;0.398016;0.0066955;0.112486;0.112486;0.0221526;0.0142149;0.0112971;0.152348;0.152348;0.777778;0.00121531;0.748039;0.945434;
53500;0.0102;0.103591;0.397561;0.0070249;0.115643;0.115643;0.0231103;0.0146964;0.0113763;0.150146;0.150146;0.784314;0.00282885;0.728506;0.943806;
54000;0.0152;0.105529;0.397337;0.00631138;0.109223;0.109223;0.0267397;0.01556;0.0104432;0.150611;0.150611;0.644737;0.00264013;0.708765;0.949135;
54500;0.0132;0.104951;0.395946;0.00616034;0.105645;0.105645;0.0254993;0.0162628;0.0105442;0.143866;0.143866;0.530303;0.00263478;0.779773;0.94999;
55000;0.012;0.104468;0.396538;0.00590388;0.10475;0.10475;0.0264618;0.0159094;0.0102978;0.145683;0.145683;0.85;0.000809717;0.80642;0.949887;
55500;0.0112;0.104981;0.397087;0.00572108;0.103064;0.103064;0.0268211;0.0161695;0.0103088;0.141777;0.141777;0.892857;0.00343851;0.826813;0.951929;
56000;0.014;0.103752;0.396859;0.00483251;0.0968825;0.0968825;0.0245105;0.0162922;0.0092201;0.141471;0.141471;0.628571;0.00243408;0.731529;0.956156;
56500;0.0108;0.102828;0.396659;0.005163;0.096264;0.096264;0.0226965;0.0170147;0.00919691;0.135836;0.135836;0.796296;0.00181965;0.76699;0.956296;
57000;0.0094;0.101677;0.396543;0.0048738;0.0931645;0.0931645;0.0218198;0.0170445;0.00879864;0.130443;0.130443;0.87234;0.00161518;0.831105;0.957793;
57500;0.012;0.100977;0.396747;0.00529038;0.0998951;0.0998951;0.0195518;0.0178778;0.00919485;0.137132;0.137132;0.8;0.00263158;0.842149;0.954399;
58000;0.0114;0.100634;0.396659;0.00503845;0.0976652;0.0976652;0.0180094;0.0164197;0.00898717;0.137979;0.137979;0.736842;0.00202306;0.746802;0.955727;
58500;0.0142;0.099397;0.396362;0.00500517;0.0997019;0.0997019;0.0170991;0.0175151;0.00891526;0.140909;0.140909;0.661972;0.00202881;0.710998;0.955648;
59000;0.0128;0.0991946;0.395877;0.00513572;0.100231;0.100231;0.0173731;0.0188901;0.00903398;0.139005;0.139005;0.578125;0.00243112;0.785524;0.954013;
59500;0.0116;0.100406;0.394999;0.00490699;0.0996021;0.0996021;0.0218876;0.0190324;0.00872872;0.139386;0.139386;0.758621;0.00283286;0.73158;0.955285;
60000;0.0088;0.100067;0.394763;0.00512745;0.0993928;0.0993928;0.0188046;0.0174168;0.0090771;0.138425;0.138425;0.681818;0.00181598;0.770292;0.953366;
60500;0.01;0.100039;0.395109;0.00542966;0.105338;0.105338;0.0191238;0.0186094;0.00909581;0.141656;0.141656;0.86;0.0040404;0.691774;0.952085;
61000;0.0112;0.101775;0.395533;0.00493325;0.0977634;0.0977634;0.024097;0.0175312;0.00836068;0.1341;0.1341;0.785714;0.00242718;0.795656;0.956183;
61500;0.011;0.102436;0.395606;0.00472319;0.0919311;0.0919311;0.0244655;0.0176284;0.00814987;0.130514;0.130514;0.763636;0.00222447;0.812875;0.959214;
62000;0.0094;0.100387;0.394725;0.00523481;0.0999855;0.0999855;0.0186108;0.018079;0.00890181;0.136462;0.136462;1.06383;0.00222088;0.711624;0.955414;
62500;0.0104;0.0993476;0.393518;0.00511748;0.0990186;0.0990186;0.019515;0.0186473;0.00856238;0.132687;0.132687;0.807692;0.00202102;0.790666;0.955398;
63000;0.013;0.0991408;0.393381;0.00458489;0.0980721;0.0980721;0.0219251;0.0194628;0.00815447;0.134169;0.134169;0.707692;0.00202634;0.835883;0.955636;
63500;0.0138;0.0999267;0.393158;0.00470977;0.0945772;0.0945772;0.0207978;0.0203533;0.00838403;0.131393;0.131393;0.521739;0.000202799;0.809335;0.957396;
64000;0.0106;0.0993592;0.394759;0.00486508;0.0958178;0.0958178;0.0169187;0.0199244;0.0082768;0.130591;0.130591;0.811321;0.00121286;0.811483;0.957327;
64500;0.0114;0.0994623;0.395861;0.00499842;0.0998242;0.0998242;0.0187812;0.0201506;0.0084929;0.136578;0.136578;0.719298;0.00242768;0.742757;0.955407;
65000;0.0138;0.0989215;0.396547;0.00517745;0.102987;0.102987;0.0169603;0.0206948;0.00887114;0.140542;0.140542;0.637681;0.00162239;0.78216;0.953021;
65500;0.014;0.100981;0.396909;0.00468308;0.0946682;0.0946682;0.0184743;0.0200804;0.00802855;0.1329;0.1329;0.442857;0.00162272;0.762357;0.958186;
66000;0.014;0.101523;0.396663;0.00457623;0.0915287;0.0915287;0.017042;0.0197213;0.0074213;0.125394;0.125394;0.742857;0.00141988;0.835892;0.96127;
66500;0.012;0.101364;0.395744;0.00483493;0.0911087;0.0911087;0.0186149;0.0211572;0.00783799;0.124615;0.124615;0.583333;0.000607287;0.821902;0.96052;
67000;0.0112;0.101928;0.394309;0.00414934;0.0885387;0.0885387;0.0180594;0.0226228;0.00640833;0.121763;0.121763;0.625;0.00121359;0.811094;0.962367;
67500;0.0116;0.101796;0.394152;0.00401218;0.0877118;0.0877118;0.0151079;0.0218735;0.00608324;0.122066;0.122066;0.724138;0.00242817;0.833091;0.963359;
68000;0.013;0.102504;0.394247;0.00429408;0.0884603;0.0884603;0.0181947;0.0232171;0.00640892;0.120714;0.120714;0.492308;0.00283688;0.774072;0.964021;
68500;0.0128;0.103229;0.393715;0.00439132;0.0869673;0.0869673;0.018922;0.0236201;0.00636879;0.117216;0.117216;0.515625;0.00222853;0.83736;0.964125;
69000;0.0098;0.102766;0.393358;0.00475035;0.0901488;0.0901488;0.019002;0.0252485;0.0067172;0.116164;0.116164;0.714286;0.00141386;0.859914;0.962226;
69500;0.0106;0.101709;0.39217;0.0046177;0.0904692;0.0904692;0.0183604;0.0252303;0.00581863;0.117512;0.117512;0.641509;0.00121286;0.778074;0.962969;
70000;0.0104;0.102892;0.39327;0.00464333;0.091431;0.091431;0.0218728;0.0268833;0.00615358;0.118239;0.118239;0.865385;0.00181892;0.794515;0.963036;
70500;0.0104;0.103891;0.394082;0.00499883;0.0934544;0.0934544;0.0216058;0.0269;0.00705709;0.121686;0.121686;0.653846;0.00181892;0.823264;0.960317;
71000;0.0126;0.102468;0.394025;0.00466197;0.0910902;0.0910902;0.0163556;0.0264964;0.00657684;0.120866;0.120866;0.571429;0.00141787;0.814281;0.961752;
71500;0.0106;0.10223;0.392568;0.00465924;0.0913122;0.0913122;0.0164448;0.0264115;0.00619204;0.120105;0.120105;0.811321;0.00242571;0.763533;0.963023;
72000;0.0106;0.102357;0.392964;0.00464848;0.0913918;0.0913918;0.0187512;0.0264122;0.00586957;0.11997;0.11997;0.622642;0.00222357;0.822474;0.961927;
72500;0.012;0.103154;0.392989;0.00449969;0.0915886;0.0915886;0.019716;0.027667;0.006039;0.120017;0.120017;0.566667;0.001417;0.801018;0.961703;
73000;0.0136;0.103605;0.394334;0.00520944;0.0951301;0.0951301;0.02164;0.0289228;0.00711916;0.12236;0.12236;0.720588;0.00162206;0.844135;0.960401;
73500;0.0126;0.103431;0.392416;0.00534802;0.101235;0.101235;0.0209841;0.0298365;0.00723037;0.12825;0.12825;0.730159;0.00162042;0.725418;0.957974;
74000;0.0126;0.104076;0.391706;0.00492085;0.0938362;0.0938362;0.0247667;0.029469;0.00619949;0.119926;0.119926;0.634921;0.00162042;0.75132;0.962396;
74500;0.0132;0.102961;0.392812;0.00496344;0.0967914;0.0967914;0.0248559;0.0273729;0.00603785;0.118309;0.118309;0.5;0.00324281;0.859415;0.960073;
75000;0.014;0.102005;0.392717;0.00498892;0.09855;0.09855;0.0237682;0.0267693;0.00629929;0.124868;0.124868;0.6;0.00243408;0.739305;0.959967;
75500;0.012;0.100612;0.389796;0.00494119;0.0971204;0.0971204;0.0224427;0.0266079;0.00579219;0.119646;0.119646;0.716667;0.00202429;0.816592;0.960287;
76000;0.0116;0.101499;0.391182;0.00537147;0.103801;0.103801;0.0220839;0.024921;0.00630719;0.126448;0.126448;0.62069;0.00161878;0.73701;0.956066;
76500;0.014;0.102599;0.391867;0.00518593;0.0984442;0.0984442;0.0235497;0.0245661;0.00607938;0.119566;0.119566;0.571429;0.00162272;0.852301;0.959233;
77000;0.0118;0.102531;0.392064;0.00543286;0.0992895;0.0992895;0.0230525;0.025119;0.00697437;0.123297;0.123297;0.779661;0.0034406;0.799203;0.959511;
77500;0.01;0.102684;0.392598;0.00565913;0.101668;0.101668;0.0239884;0.0238471;0.00802726;0.127567;0.127567;0.84;0.00181818;0.748491;0.956857;
78000;0.0092;0.101733;0.394872;0.00608537;0.107771;0.107771;0.0233672;0.0235283;0.00837876;0.130412;0.130412;0.673913;0.00100929;0.764429;0.95216;
78500;0.0124;0.102192;0.393565;0.00593868;0.106382;0.106382;0.0214248;0.0237413;0.00797939;0.129713;0.129713;0.596774;0.0036452;0.781685;0.954597;
79000;0.0126;0.102219;0.393096;0.00638857;0.10923;0.10923;0.0195106;0.0245428;0.00818041;0.12956;0.12956;0.539683;0.00121531;0.796394;0.952086;
79500;0.0122;0.102691;0.39327;0.00617614;0.108637;0.108637;0.0199025;0.0238578;0.00768201;0.129597;0.129597;0.704918;0.00263211;0.774839;0.953354;
80000;0.0148;0.10324;0.393272;0.00611186;0.108348;0.108348;0.0214389;0.0231286;0.00755768;0.129816;0.129816;0.513514;0.00284206;0.812563;0.953308;
80500;0.0112;0.104645;0.393067;0.00614976;0.108482;0.108482;0.0220419;0.0227915;0.00803169;0.134244;0.134244;1.03571;0.00202265;0.748419;0.953704;
81000;0.0124;0.104274;0.392247;0.00637111;0.110587;0.110587;0.022351;0.0239127;0.00833264;0.135567;0.135567;0.790323;0.00141758;0.785218;0.95151;
81500;0.0132;0.105471;0.394199;0.00642304;0.111096;0.111096;0.0237531;0.0249083;0.00790081;0.13204;0.13204;0.712121;0.00182408;0.82322;0.951678;
82000;0.0136;0.106266;0.394136;0.00661184;0.109945;0.109945;0.0242669;0.0259731;0.00847853;0.13357;0.13357;0.5;0.00162206;0.75139;0.952054;
82500;0.0114;0.107037;0.393235;0.00667381;0.109645;0.109645;0.0247566;0.0274661;0.00873778;0.133955;0.133955;0.701754;0.00182076;0.710487;0.952701;
83000;0.0118;0.108729;0.390731;0.00691238;0.108655;0.108655;0.0250456;0.0263497;0.00928134;0.130636;0.130636;0.677966;0.00121433;0.768889;0.952877;
83500;0.0124;0.110285;0.392561;0.00714653;0.111925;0.111925;0.0276157;0.0274183;0.00968143;0.135124;0.135124;0.580645;0.00162009;0.763772;0.95033;
84000;0.015;0.111112;0.392428;0.00722302;0.112495;0.112495;0.0280957;0.0279587;0.010637;0.144181;0.144181;0.453333;0.00284264;0.763989;0.949237;
84500;0.012;0.110302;0.392381;0.00729486;0.11119;0.11119;0.0271229;0.0285895;0.0107641;0.143173;0.143173;0.683333;0.00242915;0.729607;0.95017;
85000;0.0118;0.107731;0.393379;0.00656029;0.107073;0.107073;0.026101;0.0286511;0.00891994;0.133553;0.133553;0.644068;0.00121433;0.779689;0.953095;
85500;0.013;0.106341;0.39604;0.00664122;0.113794;0.113794;0.025899;0.0300433;0.00847629;0.137595;0.137595;0.692308;0.00243161;0.79683;0.949746;
86000;0.014;0.107496;0.395628;0.00633354;0.111009;0.111009;0.0272666;0.0293681;0.00777185;0.141064;0.141064;0.528571;0.00121704;0.734139;0.95086;
86500;0.0122;0.106497;0.396284;0.00651572;0.109606;0.109606;0.0235323;0.0292606;0.00760489;0.133172;0.133172;0.57377;0.00242964;0.744286;0.952638;
87000;0.0122;0.107204;0.394475;0.00677147;0.112376;0.112376;0.0232359;0.0302793;0.00791632;0.132605;0.132605;0.819672;0.00141729;0.788891;0.95174;
87500;0.013;0.106807;0.395145;0.00675678;0.110772;0.110772;0.0228414;0.03128;0.00776812;0.130354;0.130354;0.538462;0.00222898;0.798164;0.952617;
88000;0.0114;0.106705;0.393967;0.00652488;0.107998;0.107998;0.0239533;0.0300506;0.00686227;0.122147;0.122147;0.754386;0.00242768;0.866326;0.954891;
88500;0.012;0.105728;0.394074;0.00637234;0.107489;0.107489;0.023769;0.0309442;0.00568101;0.118102;0.118102;0.333333;0.00222672;0.770725;0.955795;
89000;0.0128;0.104226;0.395075;0.00669122;0.115797;0.115797;0.0234805;0.0311009;0.00595761;0.129438;0.129438;0.859375;0.0028363;0.751241;0.952412;
89500;0.0106;0.10477;0.392595;0.0065326;0.111972;0.111972;0.0232782;0.0316131;0.00530067;0.122844;0.122844;0.981132;0.00283;0.875121;0.953456;
90000;0.012;0.10412;0.391265;0.00653087;0.112884;0.112884;0.0228893;0.0345177;0.0048763;0.121386;0.121386;0.616667;0.00242915;0.702202;0.95427;
90500;0.0108;0.104785;0.388984;0.00669524;0.117543;0.117543;0.0222195;0.0343529;0.00489942;0.127994;0.127994;0.944444;0.00283057;0.786181;0.950689;
91000;0.0102;0.105765;0.38612;0.0066972;0.112329;0.112329;0.0233892;0.0326754;0.00502859;0.122409;0.122409;1.01961;0.00202061;0.779973;0.954485;
91500;0.0122;0.104974;0.383941;0.00695785;0.114137;0.114137;0.0217982;0.0334569;0.00522254;0.120207;0.120207;0.590164;0.00182223;0.829877;0.95267;
92000;0.0142;0.106545;0.384513;0.00715848;0.11668;0.11668;0.0220876;0.033616;0.00528625;0.122053;0.122053;0.704225;0.00223169;0.771732;0.953001;
92500;0.0128;0.106803;0.384985;0.00713196;0.1138;0.1138;0.0232144;0.0316719;0.00560555;0.12094;0.12094;0.703125;0.00182334;0.789926;0.95347;
93000;0.0126;0.105933;0.383752;0.00761986;0.118526;0.118526;0.023099;0.0319342;0.00592511;0.118177;0.118177;0.555556;0.00202552;0.795902;0.951143;
93500;0.0126;0.106687;0.383916;0.00826938;0.12523;0.12523;0.0216836;0.0328795;0.00670714;0.123624;0.123624;0.603175;0.00202552;0.74271;0.947771;
94000;0.0122;0.106447;0.384894;0.00852474;0.128424;0.128424;0.0216115;0.0313835;0.00638868;0.126225;0.126225;0.704918;0.00283458;0.749348;0.946043;
94500;0.013;0.104478;0.385774;0.00810171;0.123041;0.123041;0.0208471;0.0293719;0.00540365;0.117971;0.117971;0.584615;0.00101317;0.83155;0.948567;
95000;0.0142;0.103487;0.382952;0.00834153;0.12809;0.12809;0.0208029;0.0319522;0.00577822;0.121374;0.121374;0.521127;0.00121729;0.757514;0.946508;
95500;0.0126;0.104248;0.385282;0.00846064;0.128186;0.128186;0.0212296;0.0325826;0.00475534;0.117046;0.117046;0.555556;0.00263318;0.764525;0.947176;
96000;0.011;0.105724;0.387434;0.00857206;0.131603;0.131603;0.0228226;0.0317571;0.00455594;0.123266;0.123266;0.745455;0.00262892;0.70852;0.945214;
96500;0.011;0.105409;0.386791;0.00860862;0.130115;0.130115;0.0228111;0.0317613;0.00493925;0.12216;0.12216;0.563636;0.00141557;0.730202;0.944964;
97000;0.008;0.104855;0.387614;0.00870543;0.129917;0.129917;0.0206958;0.0322295;0.00524412;0.118222;0.118222;0.825;0.00181452;0.689031;0.945612;
97500;0.011;0.104992;0.387969;0.00879106;0.130088;0.130088;0.0203685;0.0350378;0.00559282;0.118696;0.118696;0.527273;0.00101112;0.786114;0.944632;
98000;0.0112;0.106524;0.387193;0.00896466;0.129196;0.129196;0.0201298;0.0374568;0.00604568;0.116208;0.116208;0.714286;0.00161812;0.826312;0.946112;
98500;0.0096;0.10629;0.387747;0.00872048;0.126591;0.126591;0.019981;0.038733;0.00552532;0.114978;0.114978;1.02083;0.00222132;0.757997;0.948629;
99000;0.013;0.10754;0.385671;0.0086534;0.12532;0.12532;0.0195821;0.0407788;0.00516628;0.109329;0.109329;0.6;0.00162107;0.828761;0.9492;
99500;0.0132;0.109575;0.383381;0.00901003;0.124803;0.124803;0.0218802;0.04429;0.00484044;0.110014;0.110014;0.69697;0.00263478;0.771873;0.9512;
100000;0.0126;0.110188;0.382733;0.0091201;0.123971;0.123971;0.021355;0.0419033;0.00581663;0.107536;0.107536;0.68254;0.00182297;0.833292;0.950558;
100500;0.0124;0.110032;0.382591;0.00928406;0.125982;0.125982;0.0213514;0.0404832;0.00576834;0.108469;0.108469;0.564516;0.00101256;0.775268;0.949383;
101000;0.0136;0.110117;0.381518;0.00937463;0.126445;0.126445;0.0218054;0.0397906;0.00580826;0.108877;0.108877;0.485294;0.00283861;0.823254;0.949158;
101500;0.0126;0.110392;0.381894;0.0093623;0.128712;0.128712;0.0234124;0.0378608;0.00557036;0.111176;0.111176;0.650794;0.00263318;0.770159;0.94847;
102000;0.0154;0.110565;0.383186;0.00903668;0.124473;0.124473;0.0233621;0.0401484;0.00563707;0.109777;0.109777;0.454545;0.00203128;0.777796;0.950799;
102500;0.0152;0.111297;0.382963;0.0091715;0.127967;0.127967;0.0230995;0.0396728;0.00531606;0.113067;0.113067;0.618421;0.00223396;0.801469;0.948683;
103000;0.0124;0.10973;0.383866;0.00915396;0.127206;0.127206;0.0238285;0.0387108;0.00496142;0.108113;0.108113;0.596774;0.00222762;0.822562;0.948694;
103500;0.0108;0.107605;0.38664;0.00929682;0.134435;0.134435;0.0220779;0.0423859;0.00591345;0.11709;0.11709;0.944444;0.00323494;0.825128;0.94408;
104000;0.0132;0.106874;0.387828;0.00913815;0.130702;0.130702;0.0219953;0.0428828;0.00580967;0.116931;0.116931;0.772727;0.00202675;0.762994;0.946874;
104500;0.012;0.107363;0.38544;0.00927077;0.133872;0.133872;0.0228631;0.03943;0.00598964;0.118379;0.118379;0.616667;0.00263158;0.759944;0.943944;
105000;0.0118;0.107737;0.387078;0.00934623;0.132678;0.132678;0.0211818;0.037858;0.00599047;0.115975;0.115975;0.627119;0.00141672;0.788541;0.94462;
105500;0.0134;0.10617;0.388868;0.00917042;0.13355;0.13355;0.0205411;0.0383939;0.00557759;0.114475;0.114475;0.597015;0.00324346;0.796789;0.944987;
106000;0.0136;0.106772;0.388221;0.00926037;0.132197;0.132197;0.0212152;0.0397859;0.00608377;0.118564;0.118564;0.573529;0.0014193;0.737238;0.945593;
106500;0.0108;0.106131;0.390121;0.00942164;0.136469;0.136469;0.0202097;0.0394996;0.00624605;0.120781;0.120781;0.962963;0.00262839;0.644947;0.944264;
107000;0.0128;0.105991;0.388492;0.00964946;0.13592;0.13592;0.0195919;0.0383737;0.00575027;0.115672;0.115672;0.421875;0.00222853;0.758746;0.943059;
107500;0.0148;0.105448;0.390153;0.00972341;0.137859;0.137859;0.0190183;0.0367672;0.00587851;0.116394;0.116394;0.513514;0.00263906;0.839965;0.941855;
108000;0.0114;0.105685;0.390867;0.00972225;0.137643;0.137643;0.0190926;0.0383011;0.00566864;0.113979;0.113979;0.578947;0.00202306;0.785794;0.942222;
108500;0.0122;0.105892;0.391886;0.00956441;0.134158;0.134158;0.0195914;0.0396594;0.00484853;0.110183;0.110183;0.672131;0.00182223;0.809192;0.945148;
109000;0.0134;0.105627;0.394645;0.00973871;0.136911;0.136911;0.0202537;0.041725;0.00504993;0.11093;0.11093;0.552239;0.00263531;0.776335;0.943997;
109500;0.0158;0.105946;0.395838;0.0100057;0.140561;0.140561;0.0208352;0.0419378;0.00557853;0.116799;0.116799;0.481013;0.00243853;0.715239;0.942396;
110000;0.0126;0.106606;0.398072;0.0096258;0.136971;0.136971;0.020828;0.0422939;0.00462658;0.11268;0.11268;0.492063;0.00202552;0.744544;0.943558;
110500;0.0112;0.107399;0.398213;0.00975915;0.135145;0.135145;0.0212457;0.0425262;0.00404155;0.106939;0.106939;0.714286;0.00121359;0.715864;0.946017;
111000;0.0142;0.107563;0.399272;0.00961672;0.136157;0.136157;0.0225416;0.0445844;0.00343225;0.107281;0.107281;0.478873;0.000811524;0.807614;0.944064;
111500;0.0124;0.10917;0.399794;0.00956075;0.133001;0.133001;0.0246698;0.0427784;0.00445579;0.108688;0.108688;0.629032;0.00263264;0.765143;0.946716;
112000;0.011;0.107693;0.405259;0.00964423;0.135055;0.135055;0.0223434;0.048695;0.00495505;0.108283;0.108283;0.690909;0.00141557;0.778475;0.944781;
112500;0.0124;0.104569;0.40311;0.0097899;0.140226;0.140226;0.020181;0.0437339;0.00478024;0.113689;0.113689;0.596774;0.00243013;0.699354;0.942687;
113000;0.0122;0.104662;0.405688;0.010066;0.140766;0.140766;0.0182688;0.044538;0.0041018;0.106899;0.106899;0.754098;0.00364446;0.724826;0.944155;
113500;0.0156;0.104774;0.403409;0.0103145;0.145087;0.145087;0.0186835;0.0446345;0.00446778;0.115949;0.115949;0.628205;0.00121902;0.676736;0.941197;
114000;0.0108;0.105257;0.406741;0.0106165;0.146532;0.146532;0.0191935;0.0465326;0.00461009;0.110043;0.110043;0.87037;0.00181965;0.773802;0.939154;
114500;0.012;0.106199;0.409102;0.0103484;0.141338;0.141338;0.0197897;0.0484703;0.00505167;0.110104;0.110104;0.716667;0.00182186;0.758798;0.942295;
115000;0.0126;0.1043;0.410903;0.0101778;0.140171;0.140171;0.0182745;0.0476463;0.00520529;0.106586;0.106586;0.492063;0.00243063;0.804702;0.942372;
115500;0.013;0.10477;0.410185;0.00987444;0.140827;0.140827;0.0199758;0.0440375;0.0042486;0.108311;0.108311;0.646154;0.00222898;0.777642;0.94261;
116000;0.0104;0.103064;0.411751;0.00982235;0.143358;0.143358;0.0210104;0.0483111;0.00387069;0.109327;0.109327;0.961538;0.00262732;0.823552;0.940633;
116500;0.015;0.102651;0.415367;0.0100286;0.146237;0.146237;0.0197886;0.04979;0.00395425;0.114346;0.114346;0.453333;0.00203046;0.708272;0.939586;
117000;0.0132;0.101468;0.417404;0.0101554;0.144904;0.144904;0.0177892;0.0537905;0.00455174;0.109125;0.109125;0.530303;0.00283745;0.768265;0.940261;
117500;0.0136;0.102048;0.422489;0.010045;0.146627;0.146627;0.0195445;0.0570192;0.00493444;0.115055;0.115055;0.720588;0.00162206;0.761107;0.938888;
118000;0.0132;0.100698;0.423304;0.00988743;0.145087;0.145087;0.0194908;0.0578142;0.00497867;0.110793;0.110793;0.530303;0.0016214;0.820353;0.938379;
118500;0.015;0.10101;0.426524;0.0100426;0.146495;0.146495;0.0202728;0.0585257;0.00476413;0.11344;0.11344;0.653333;0.00162437;0.719167;0.939955;
119000;0.0126;0.101508;0.426184;0.00979807;0.143685;0.143685;0.0174626;0.0581161;0.0038351;0.111999;0.111999;0.793651;0.00222807;0.780069;0.940972;
119500;0.0138;0.101229;0.428864;0.00969925;0.1445;0.1445;0.0176026;0.0587502;0.00423058;0.115122;0.115122;0.536232;0.00202799;0.693545;0.940369;
120000;0.0136;0.100202;0.426747;0.00983042;0.143985;0.143985;0.0168703;0.0573517;0.00528584;0.115779;0.115779;0.514706;0.00304136;0.723924;0.940584;
120500;0.0118;0.10013;0.432995;0.00957576;0.147212;0.147212;0.0181001;0.0626102;0.00383845;0.118487;0.118487;0.762712;0.00303582;0.727528;0.938033;
121000;0.0132;0.102017;0.433876;0.00975349;0.143294;0.143294;0.0177151;0.0622799;0.00459265;0.112334;0.112334;0.712121;0.00182408;0.802999;0.940577;
121500;0.015;0.101042;0.432216;0.00982734;0.145457;0.145457;0.0175455;0.0616764;0.00409988;0.113804;0.113804;0.533333;0.0022335;0.757073;0.939865;
122000;0.0122;0.101938;0.435887;0.00987885;0.145694;0.145694;0.0185553;0.0660009;0.00415977;0.114661;0.114661;0.622951;0.0020247;0.698268;0.939712;
122500;0.0174;0.100637;0.436968;0.00987973;0.149939;0.149939;0.0163527;0.0678433;0.00483789;0.120967;0.120967;0.367816;0.00142479;0.677875;0.937055;
123000;0.0122;0.0999296;0.441524;0.0100263;0.1509;0.1509;0.0147747;0.0698859;0.00450414;0.118684;0.118684;0.590164;0.00161976;0.671392;0.936112;
123500;0.0162;0.0996222;0.441486;0.0102543;0.153719;0.153719;0.0152229;0.0697141;0.00572503;0.125447;0.125447;0.54321;0.00284611;0.699124;0.934954;
124000;0.0138;0.101133;0.440287;0.0103229;0.151494;0.151494;0.016614;0.0687598;0.00521972;0.12009;0.12009;0.652174;0.00243358;0.701732;0.93633;
124500;0.0122;0.100506;0.435327;0.0101233;0.15043;0.15043;0.0150662;0.0662374;0.00467438;0.118312;0.118312;0.770492;0.00263211;0.74709;0.936396;
125000;0.0144;0.10211;0.441304;0.0105015;0.153976;0.153976;0.0179028;0.0670715;0.00496654;0.122497;0.122497;0.638889;0.00263799;0.669843;0.935095;
125500;0.0152;0.101835;0.448225;0.0104994;0.151144;0.151144;0.019642;0.0697351;0.0050663;0.121888;0.121888;0.447368;0.00142161;0.655373;0.936479;
126000;0.0144;0.100986;0.449804;0.0106657;0.155796;0.155796;0.0183431;0.0705957;0.00438156;0.120183;0.120183;0.625;0.0018263;0.714525;0.933819;
126500;0.0126;0.101581;0.449093;0.0109729;0.157278;0.157278;0.0184436;0.0687272;0.00457796;0.119333;0.119333;0.666667;0.00283573;0.743549;0.932189;
127000;0.0124;0.102772;0.448598;0.0110487;0.155385;0.155385;0.0194982;0.0687691;0.00565098;0.118211;0.118211;0.693548;0.0018226;0.789259;0.932605;
127500;0.0164;0.104502;0.450109;0.0108317;0.152673;0.152673;0.021327;0.0708468;0.00494747;0.116702;0.116702;0.439024;0.00284669;0.732829;0.936032;
128000;0.0112;0.103565;0.450629;0.0110427;0.152004;0.152004;0.01972;0.0715534;0.00544295;0.115575;0.115575;0.660714;0.00161812;0.725775;0.935422;
128500;0.0116;0.10281;0.452876;0.0108888;0.154712;0.154712;0.0177712;0.0732461;0.00480391;0.118611;0.118611;0.724138;0.00222582;0.602962;0.935233;
129000;0.0156;0.102341;0.450393;0.0108713;0.155128;0.155128;0.0180392;0.0705887;0.00441597;0.118736;0.118736;0.358974;0.00162536;0.680665;0.934176;
129500;0.0116;0.102921;0.446327;0.0110194;0.157921;0.157921;0.0196087;0.0702277;0.0047659;0.1206;0.1206;0.655172;0.00101174;0.654292;0.931549;
130000;0.0136;0.102035;0.448398;0.0109657;0.156122;0.156122;0.0205111;0.0728421;0.0041908;0.116544;0.116544;0.602941;0.00162206;0.691618;0.933855;
130500;0.014;0.102774;0.44531;0.0109773;0.155069;0.155069;0.0189109;0.0717072;0.00491577;0.117943;0.117943;0.628571;0.00121704;0.709256;0.934156;
131000;0.0124;0.103808;0.445845;0.0109087;0.153639;0.153639;0.0167947;0.0727342;0.00440708;0.114871;0.114871;0.612903;0.00283516;0.751822;0.934506;
131500;0.0154;0.10393;0.448087;0.0107259;0.152504;0.152504;0.0171181;0.0755975;0.00339222;0.115395;0.115395;0.480519;0.00182815;0.711767;0.936342;
132000;0.0128;0.103313;0.449596;0.0108518;0.155353;0.155353;0.0168117;0.0775385;0.00357699;0.118552;0.118552;0.5625;0.00121556;0.611248;0.934528;
132500;0.0118;0.102292;0.453564;0.0109712;0.153388;0.153388;0.0164068;0.0780358;0.00460214;0.116679;0.116679;0.627119;0.00141672;0.637475;0.93578;
133000;0.0096;0.102819;0.451237;0.0109942;0.155238;0.155238;0.0171203;0.0767985;0.00538059;0.116756;0.116756;1.04167;0.00201939;0.72699;0.934171;
133500;0.0132;0.103382;0.450414;0.0108978;0.155729;0.155729;0.0180117;0.0755975;0.00435788;0.123027;0.123027;0.621212;0.00222943;0.683983;0.933636;
134000;0.0152;0.103923;0.444463;0.0110972;0.155264;0.155264;0.017867;0.0730348;0.00579875;0.120721;0.120721;0.513158;0.00345248;0.766798;0.933247;
134500;0.0132;0.101831;0.450331;0.0109865;0.157343;0.157343;0.0188597;0.0758375;0.00540627;0.123106;0.123106;0.5;0.00283745;0.746383;0.931201;
135000;0.0128;0.101768;0.44636;0.011225;0.160846;0.160846;0.0202877;0.0745619;0.00514194;0.122798;0.122798;0.546875;0.00121556;0.705676;0.929291;
135500;0.0132;0.101659;0.451312;0.0111971;0.161818;0.161818;0.019057;0.0767569;0.00544267;0.131019;0.131019;0.545455;0.0024321;0.590759;0.929672;
136000;0.0154;0.102066;0.450602;0.0107574;0.160247;0.160247;0.0190788;0.076858;0.00413861;0.127911;0.127911;0.532468;0.00121877;0.727872;0.929486;
136500;0.0114;0.102419;0.455003;0.0107513;0.156751;0.156751;0.0192601;0.0785775;0.00443609;0.12426;0.12426;0.807018;0.00202306;0.658626;0.93276;
137000;0.0138;0.102538;0.461336;0.0109278;0.159631;0.159631;0.0185509;0.0802047;0.00384997;0.124719;0.124719;0.565217;0.00304198;0.722247;0.930967;
137500;0.0152;0.102397;0.462267;0.0108822;0.156717;0.156717;0.0178046;0.0802452;0.00378661;0.117854;0.117854;0.644737;0.00121852;0.764853;0.933297;
138000;0.013;0.102628;0.464374;0.0110528;0.159297;0.159297;0.0176657;0.0840122;0.00344912;0.120154;0.120154;0.676923;0.00141844;0.629883;0.932682;
138500;0.0132;0.103175;0.468254;0.0110392;0.155533;0.155533;0.0174815;0.0859734;0.00434355;0.1182;0.1182;0.530303;0.00304013;0.630352;0.935239;
139000;0.0136;0.103732;0.466591;0.0108523;0.154254;0.154254;0.0171475;0.0850577;0.0044627;0.116698;0.116698;0.529412;0.00182482;0.712157;0.934859;
139500;0.0148;0.102076;0.465398;0.011034;0.159782;0.159782;0.0165219;0.0849943;0.00433619;0.122241;0.122241;0.581081;0.00203004;0.660292;0.932453;
140000;0.012;0.102415;0.464497;0.0109196;0.15577;0.15577;0.0178353;0.0837845;0.00368366;0.114771;0.114771;0.583333;0.00222672;0.704816;0.934057;
140500;0.013;0.102497;0.466481;0.0109228;0.157714;0.157714;0.0163484;0.0852277;0.00402196;0.118382;0.118382;0.492308;0.00303951;0.641482;0.933272;
141000;0.015;0.102501;0.467243;0.0109614;0.158206;0.158206;0.0169053;0.0843001;0.00465741;0.120973;0.120973;0.506667;0.00263959;0.668214;0.93315;
141500;0.014;0.102772;0.466092;0.0108966;0.155085;0.155085;0.0167711;0.0846645;0.00495197;0.120193;0.120193;0.442857;0.00263692;0.6874;0.93402;
142000;0.012;0.101078;0.466562;0.0108534;0.152864;0.152864;0.0165351;0.0865871;0.00416566;0.110058;0.110058;0.516667;0.00182186;0.75208;0.935256;
142500;0.0154;0.0998998;0.468492;0.0110031;0.161358;0.161358;0.0168316;0.0851508;0.00384654;0.118613;0.118613;0.402597;0.00203128;0.697753;0.930833;
143000;0.0116;0.10049;0.465822;0.0109174;0.156797;0.156797;0.0182775;0.0855989;0.00439016;0.116115;0.116115;0.586207;0.00101174;0.674135;0.933021;
143500;0.0106;0.0999004;0.46554;0.0108407;0.159369;0.159369;0.018095;0.0856326;0.00453619;0.118776;0.118776;0.773585;0.00283;0.692144;0.93172;
144000;0.016;0.100124;0.459636;0.0108629;0.162059;0.162059;0.0176871;0.0849403;0.00468901;0.126433;0.126433;0.425;0.000406504;0.680477;0.928993;
144500;0.0138;0.0996094;0.454928;0.010506;0.154881;0.154881;0.0174255;0.0839307;0.00431101;0.116226;0.116226;0.666667;0.00121679;0.721718;0.93442;
145000;0.0132;0.0999554;0.454931;0.0104645;0.155986;0.155986;0.0192614;0.0824362;0.00434278;0.120037;0.120037;0.606061;0.00182408;0.687059;0.933605;
145500;0.0158;0.0997927;0.460737;0.0103622;0.152113;0.152113;0.0193854;0.0842977;0.00356402;0.115954;0.115954;0.367089;0.00223532;0.689997;0.936679;
146000;0.0118;0.0987029;0.464767;0.0105383;0.158459;0.158459;0.0169513;0.0840376;0.00362668;0.120796;0.120796;0.559322;0.00182149;0.654975;0.931665;
146500;0.0132;0.0987471;0.467377;0.0106197;0.161549;0.161549;0.0161638;0.0840328;0.00391867;0.122322;0.122322;0.787879;0.0024321;0.612225;0.931742;
147000;0.0128;0.0980759;0.469214;0.0105637;0.158149;0.158149;0.0162741;0.0854076;0.00435293;0.119902;0.119902;0.40625;0.00182334;0.688031;0.931552;
147500;0.0126;0.0982219;0.472902;0.0107173;0.160102;0.160102;0.0167573;0.0855744;0.00389992;0.120183;0.120183;0.301587;0.00141787;0.675442;0.929935;
148000;0.0142;0.099069;0.479174;0.0106168;0.160318;0.160318;0.0147033;0.0893227;0.00340195;0.121094;0.121094;0.577465;0.00142017;0.716739;0.930621;
148500;0.0116;0.0979674;0.479195;0.0105671;0.16115;0.16115;0.0138434;0.0868379;0.00357712;0.122418;0.122418;0.913793;0.00141643;0.729924;0.930504;
149000;0.014;0.0976871;0.484025;0.0106998;0.164092;0.164092;0.0145197;0.0875551;0.00364063;0.126549;0.126549;0.642857;0.00223124;0.681136;0.928792;
149500;0.0162;0.0982898;0.485873;0.0106682;0.164671;0.164671;0.0155607;0.0875034;0.0038535;0.131418;0.131418;0.432099;0.00264281;0.637007;0.928356;
150000;0.0114;0.0982588;0.483202;0.0105381;0.160662;0.160662;0.015402;0.088432;0.00374375;0.122709;0.122709;0.473684;0.00141614;0.676992;0.92911;
150500;0.0124;0.0992297;0.481101;0.0106325;0.159268;0.159268;0.0140702;0.0870337;0.00418251;0.123109;0.123109;0.774194;0.00101256;0.698779;0.931296;
151000;0.0136;0.0986052;0.484198;0.0109455;0.164363;0.164363;0.0138523;0.0881815;0.00371322;0.121919;0.121919;0.661765;0.00223033;0.681095;0.929172;
151500;0.0154;0.0979126;0.486776;0.0109535;0.165581;0.165581;0.0152746;0.0902342;0.0041401;0.125036;0.125036;0.545455;0.00284379;0.683116;0.928437;
152000;0.0132;0.0982126;0.490029;0.0109712;0.163296;0.163296;0.0144354;0.0916943;0.00401173;0.119513;0.119513;0.560606;0.0024321;0.743315;0.92894;
152500;0.0152;0.0982279;0.493895;0.011074;0.16476;0.16476;0.0155011;0.0934438;0.00377687;0.12077;0.12077;0.381579;0.00223396;0.65966;0.928912;
153000;0.013;0.0979662;0.497812;0.0110498;0.164472;0.164472;0.0160033;0.0934729;0.00411185;0.12271;0.12271;0.523077;0.00324215;0.662214;0.928711;
153500;0.0136;0.0973321;0.508962;0.0111985;0.171798;0.171798;0.0166752;0.0938826;0.00482857;0.13172;0.13172;0.602941;0.00202758;0.641309;0.923391;
154000;0.0164;0.0968174;0.507814;0.0112739;0.175394;0.175394;0.0165951;0.0947681;0.00535589;0.138844;0.138844;0.512195;0.00203335;0.650611;0.920235;
154500;0.0108;0.0958422;0.501611;0.0113959;0.174554;0.174554;0.0167304;0.0934575;0.00508444;0.130616;0.130616;0.555556;0.00202184;0.638819;0.920332;
155000;0.0142;0.0967555;0.501609;0.0111739;0.172855;0.172855;0.0170638;0.0921015;0.00497818;0.132515;0.132515;0.591549;0.00162305;0.655486;0.922443;
155500;0.0156;0.0956936;0.502199;0.0112186;0.172573;0.172573;0.0169997;0.092218;0.00412991;0.127737;0.127737;0.435897;0.0026412;0.622488;0.923942;
156000;0.0154;0.096057;0.506475;0.0114027;0.17872;0.17872;0.0174505;0.0929625;0.00326291;0.131592;0.131592;0.506494;0.00264067;0.65263;0.919586;
156500;0.014;0.0962749;0.509314;0.0114492;0.176474;0.176474;0.0188388;0.0942454;0.00357192;0.129221;0.129221;0.714286;0.00182556;0.631813;0.92214;
157000;0.014;0.097454;0.511984;0.0115596;0.174368;0.174368;0.0190038;0.0933427;0.00402369;0.12856;0.12856;0.557143;0.00141988;0.589426;0.922929;
157500;0.013;0.0985105;0.512608;0.0117342;0.177189;0.177189;0.0212769;0.0949467;0.00459886;0.131105;0.131105;0.661538;0.00162107;0.768771;0.918688;
158000;0.012;0.0994204;0.519767;0.0115837;0.175186;0.175186;0.0213867;0.0941261;0.00358599;0.131584;0.131584;0.683333;0.001417;0.653759;0.920748;
158500;0.0168;0.0988106;0.521419;0.0117547;0.17793;0.17793;0.0204762;0.0932668;0.00448789;0.135725;0.135725;0.488095;0.00183076;0.577561;0.921159;
159000;0.0186;0.0986014;0.530329;0.0116608;0.177251;0.177251;0.0214983;0.0936246;0.00323463;0.13648;0.13648;0.451613;0.00244549;0.537964;0.923379;
159500;0.0168;0.0981108;0.5303;0.0116533;0.176664;0.176664;0.0205469;0.0944481;0.00313165;0.126831;0.126831;0.511905;0.00183076;0.67959;0.921496;
160000;0.0132;0.0977854;0.540438;0.0116661;0.179115;0.179115;0.0210334;0.0949487;0.0029563;0.132262;0.132262;0.772727;0.00263478;0.63009;0.919837;
160500;0.014;0.0968821;0.541912;0.0116154;0.177156;0.177156;0.0202033;0.0950794;0.00339171;0.128937;0.128937;0.5;0.00121704;0.657122;0.919818;
161000;0.0146;0.0974473;0.548827;0.0117721;0.178957;0.178957;0.0201293;0.0939663;0.00442567;0.13321;0.13321;0.465753;0.00263852;0.594672;0.919574;
161500;0.0154;0.0978915;0.548899;0.0121475;0.181587;0.181587;0.0208197;0.094403;0.00520342;0.133331;0.133331;0.402597;0.00121877;0.688212;0.915763;
162000;0.0112;0.0967636;0.551514;0.0119263;0.180038;0.180038;0.0203239;0.0927241;0.00453322;0.129341;0.129341;0.714286;0.00141586;0.679886;0.917613;
162500;0.0154;0.0961226;0.556264;0.0120263;0.185262;0.185262;0.019112;0.0926107;0.00513041;0.137108;0.137108;0.545455;0.00223441;0.567285;0.91561;
163000;0.0152;0.0957725;0.560287;0.0120831;0.184189;0.184189;0.018124;0.0925364;0.0054183;0.136328;0.136328;0.460526;0.00142161;0.605238;0.915411;
163500;0.0162;0.0964805;0.564878;0.012148;0.183991;0.183991;0.0182831;0.0924362;0.00470359;0.135704;0.135704;0.580247;0.00284611;0.532972;0.918912;
164000;0.0152;0.0965842;0.567574;0.0121745;0.182401;0.182401;0.0167304;0.0902043;0.00519792;0.12922;0.12922;0.460526;0.00223396;0.663634;0.917047;
164500;0.0132;0.0958188;0.570024;0.0121225;0.180394;0.180394;0.0156235;0.0898277;0.00427009;0.126797;0.126797;0.439394;0.000810701;0.575456;0.918866;
165000;0.0142;0.0966702;0.571242;0.0120465;0.181696;0.181696;0.0151;0.0894786;0.00300143;0.129707;0.129707;0.43662;0.00142017;0.589133;0.91799;
165500;0.0132;0.0960061;0.574225;0.012072;0.182921;0.182921;0.014998;0.0895383;0.00285331;0.126324;0.126324;0.575758;0.00141873;0.700373;0.916191;
166000;0.0146;0.0957291;0.575311;0.0119377;0.181001;0.181001;0.0142112;0.088227;0.00259615;0.125812;0.125812;0.547945;0.00202963;0.59471;0.919821;
166500;0.016;0.094951;0.576024;0.0118827;0.18376;0.18376;0.0142672;0.0885957;0.00275374;0.130052;0.130052;0.5125;0.00162602;0.605182;0.91746;
167000;0.0138;0.0950919;0.578249;0.0118061;0.180674;0.180674;0.0140931;0.0867918;0.00299346;0.125578;0.125578;0.507246;0.00223078;0.615893;0.919284;
167500;0.0134;0.095316;0.571002;0.0117806;0.181386;0.181386;0.0130767;0.089409;0.00347164;0.129558;0.129558;0.671642;0.00162173;0.629808;0.918072;
168000;0.015;0.0949183;0.570121;0.0119657;0.18108;0.18108;0.0138264;0.0894007;0.00367071;0.126317;0.126317;0.373333;0.0022335;0.636923;0.918002;
168500;0.0152;0.0947292;0.568004;0.0119579;0.184064;0.184064;0.0145957;0.0877763;0.00348584;0.129476;0.129476;0.407895;0.0016247;0.635082;0.915853;
169000;0.017;0.0942045;0.572199;0.0118805;0.185858;0.185858;0.0142964;0.0868923;0.00346485;0.131858;0.131858;0.388235;0.00183113;0.645708;0.915205;
169500;0.0154;0.0940613;0.574748;0.0120106;0.187497;0.187497;0.0148304;0.0890192;0.00377622;0.13472;0.13472;0.623377;0.00203128;0.600135;0.915081;
170000;0.0162;0.094442;0.573818;0.0119862;0.183311;0.183311;0.0147233;0.0887981;0.00414824;0.128963;0.128963;0.407407;0.00142305;0.690763;0.915851;
170500;0.0164;0.0936634;0.577677;0.0119165;0.187042;0.187042;0.0149394;0.0896457;0.00444899;0.135197;0.135197;0.439024;0.000813339;0.598825;0.91421;
171000;0.0146;0.0925365;0.58238;0.0118815;0.187333;0.187333;0.0168043;0.0871335;0.0043085;0.136325;0.136325;0.452055;0.000405927;0.571421;0.913214;
171500;0.0136;0.0932586;0.58854;0.0118125;0.185981;0.185981;0.0169443;0.0852796;0.00329093;0.130188;0.130188;0.544118;0.00121655;0.665895;0.914166;
172000;0.0144;0.0931745;0.590471;0.0119517;0.186081;0.186081;0.0172185;0.0839792;0.00378241;0.128696;0.128696;0.625;0.00142045;0.717668;0.914364;
172500;0.0156;0.0931372;0.588928;0.0120453;0.190573;0.190573;0.0182316;0.0868019;0.00389673;0.135597;0.135597;0.564103;0.0026412;0.649144;0.912376;
173000;0.0156;0.0930351;0.586273;0.0120613;0.188775;0.188775;0.0163204;0.0863024;0.00409573;0.13491;0.13491;0.435897;0.00162536;0.612905;0.912508;
173500;0.0158;0.0923874;0.591405;0.0120905;0.19207;0.19207;0.0143485;0.0817122;0.00393435;0.138214;0.138214;0.544304;0.00203211;0.544122;0.912177;
174000;0.013;0.0920918;0.59255;0.0120458;0.19213;0.19213;0.0154371;0.0842348;0.00402352;0.138399;0.138399;0.630769;0.00202634;0.57891;0.910493;
174500;0.0164;0.0916402;0.59398;0.0119979;0.192977;0.192977;0.0160262;0.0818571;0.00410554;0.139877;0.139877;0.52439;0.00244002;0.546751;0.911445;
175000;0.0144;0.0907828;0.596513;0.0121013;0.194247;0.194247;0.0146055;0.0785654;0.00454985;0.138825;0.138825;0.652778;0.00121753;0.62046;0.908837;
175500;0.0164;0.0904937;0.602249;0.012202;0.196294;0.196294;0.0149404;0.0758319;0.0044186;0.140785;0.140785;0.414634;0.00122001;0.547583;0.907822;
176000;0.0144;0.0904841;0.607765;0.0120961;0.194826;0.194826;0.0146544;0.0718463;0.00417209;0.136095;0.136095;0.666667;0.00101461;0.701729;0.907927;
176500;0.0154;0.0901279;0.612204;0.0120079;0.196651;0.196651;0.015003;0.0706295;0.00344914;0.137921;0.137921;0.467532;0.00162503;0.610301;0.907286;
177000;0.016;0.0909924;0.611883;0.0121464;0.195798;0.195798;0.014605;0.0718099;0.00398077;0.139338;0.139338;0.4;0.00101626;0.588488;0.907484;
177500;0.0138;0.0903787;0.616445;0.0120179;0.195172;0.195172;0.0149323;0.0688847;0.00322251;0.137498;0.137498;0.565217;0.00182519;0.513897;0.909156;
178000;0.017;0.0916059;0.613364;0.0120319;0.193658;0.193658;0.0145168;0.0712794;0.00267304;0.137387;0.137387;0.435294;0.00183113;0.498271;0.911781;
178500;0.0164;0.091759;0.617447;0.011957;0.188299;0.188299;0.0146207;0.0710893;0.00249539;0.12627;0.12627;0.487805;0.00244002;0.660383;0.914436;
179000;0.0164;0.0920589;0.618862;0.0119985;0.190982;0.190982;0.0147974;0.0706204;0.00326896;0.133025;0.133025;0.560976;0.00101667;0.582434;0.913361;
179500;0.0142;0.0913962;0.621228;0.011938;0.190107;0.190107;0.0148486;0.070215;0.00281738;0.128576;0.128576;0.422535;0.00202881;0.639363;0.912131;
180000;0.0138;0.0918472;0.62201;0.0119261;0.185483;0.185483;0.014296;0.0686205;0.00259103;0.127705;0.127705;0.594203;0.00243358;0.626099;0.916202;
180500;0.0146;0.0918158;0.625681;0.0118657;0.18895;0.18895;0.0159106;0.0687924;0.00251196;0.127855;0.127855;0.479452;0.00182667;0.649687;0.91302;
181000;0.0204;0.0928961;0.627896;0.0119595;0.190503;0.190503;0.0159804;0.0691813;0.00329026;0.140727;0.140727;0.421569;0.00081666;0.578657;0.913436;
181500;0.0146;0.0928237;0.635202;0.0119756;0.185201;0.185201;0.016498;0.065495;0.00299171;0.126589;0.126589;0.479452;0.0022326;0.568209;0.917119;
182000;0.0156;0.0931705;0.637324;0.0119097;0.1883;0.1883;0.0171525;0.0646425;0.00360187;0.133186;0.133186;0.448718;0.0026412;0.572516;0.914379;
182500;0.0154;0.0940083;0.640439;0.0120185;0.186005;0.186005;0.0184054;0.062281;0.00391282;0.127505;0.127505;0.363636;0.00243754;0.6179;0.915367;
183000;0.0172;0.0934774;0.638117;0.01201;0.187631;0.187631;0.0178663;0.0640885;0.00345387;0.132611;0.132611;0.453488;0.001221;0.55797;0.91523;
183500;0.013;0.0926838;0.634898;0.0120617;0.18887;0.18887;0.0171243;0.065165;0.00357129;0.130621;0.130621;0.738462;0.00141844;0.509459;0.91478;
184000;0.0166;0.0920386;0.633944;0.0121764;0.189643;0.189643;0.0160889;0.0653996;0.00449832;0.131504;0.131504;0.325301;0.00305064;0.599915;0.913138;
184500;0.0186;0.091738;0.63516;0.0120656;0.189224;0.189224;0.0147428;0.0644205;0.00378981;0.133463;0.133463;0.451613;0.00305686;0.583205;0.915285;
185000;0.0144;0.0930998;0.636342;0.0120756;0.186583;0.186583;0.0151284;0.0639645;0.00355572;0.127401;0.127401;0.527778;0.00202922;0.531303;0.91633;
185500;0.0138;0.0935321;0.636286;0.0123212;0.186536;0.186536;0.0144582;0.0650545;0.00444269;0.126731;0.126731;0.623188;0.00101399;0.627933;0.915068;
186000;0.0168;0.09249;0.638401;0.0123083;0.190167;0.190167;0.0143339;0.0645225;0.00476699;0.131253;0.131253;0.511905;0.00183076;0.585126;0.913392;
186500;0.0126;0.0925715;0.642069;0.0122316;0.186217;0.186217;0.0137292;0.0647478;0.0036504;0.122911;0.122911;0.555556;0.00182297;0.681649;0.914548;
187000;0.0142;0.093254;0.640619;0.0121899;0.185024;0.185024;0.0126501;0.0652941;0.00403457;0.123561;0.123561;0.492958;0.0010144;0.615497;0.916047;
187500;0.0192;0.092787;0.637568;0.0120895;0.189639;0.189639;0.0138359;0.0672258;0.00370396;0.134039;0.134039;0.458333;0.00346656;0.56852;0.915832;
188000;0.0142;0.0922114;0.636322;0.0120247;0.18568;0.18568;0.0141312;0.0681244;0.00291502;0.122967;0.122967;0.464789;0.00182593;0.624803;0.915967;
188500;0.0198;0.0920626;0.638179;0.0119897;0.189771;0.189771;0.0134746;0.0672972;0.00234293;0.131009;0.131009;0.424242;0.00163232;0.626969;0.913995;
189000;0.0152;0.0913645;0.642837;0.0120336;0.185297;0.185297;0.0141672;0.0636611;0.00254977;0.125335;0.125335;0.407895;0.0016247;0.550966;0.917064;
189500;0.0156;0.0909944;0.647609;0.0120482;0.190542;0.190542;0.0142181;0.0588757;0.00344227;0.130848;0.130848;0.448718;0.0026412;0.593117;0.912775;
190000;0.0154;0.090316;0.648349;0.0120025;0.191006;0.191006;0.013843;0.0570746;0.00274023;0.128022;0.128022;0.428571;0.00121877;0.549574;0.912523;
190500;0.0148;0.0907964;0.646632;0.0120947;0.191652;0.191652;0.0151841;0.0589851;0.00282299;0.127759;0.127759;0.527027;0.00203004;0.616587;0.912078;
191000;0.0166;0.0901181;0.64454;0.0123411;0.195869;0.195869;0.0147563;0.0614624;0.00392441;0.134352;0.134352;0.433735;0.00203376;0.58043;0.90897;
191500;0.0136;0.0907187;0.645506;0.0121203;0.190625;0.190625;0.0143174;0.0612595;0.00356527;0.127291;0.127291;0.485294;0.00182482;0.580249;0.912453;
192000;0.0178;0.0907351;0.648559;0.0120172;0.18965;0.18965;0.0154052;0.059704;0.00258637;0.12915;0.12915;0.550562;0.00203625;0.569963;0.915444;
192500;0.0182;0.0913428;0.650539;0.0120906;0.192223;0.192223;0.0173422;0.0587983;0.00348274;0.133488;0.133488;0.373626;0.00244449;0.535242;0.912612;
193000;0.0136;0.0914511;0.651999;0.0121426;0.191791;0.191791;0.01837;0.0604217;0.00382409;0.131028;0.131028;0.808824;0.0014193;0.621065;0.911473;
193500;0.0154;0.091567;0.654635;0.0121153;0.188492;0.188492;0.0185552;0.0589048;0.00287309;0.127697;0.127697;0.272727;0.00345318;0.56454;0.914586;
194000;0.0152;0.0911006;0.657027;0.0121792;0.1957;0.1957;0.0198264;0.0579323;0.00314739;0.134417;0.134417;0.539474;0.00223396;0.60803;0.908483;
194500;0.014;0.0893913;0.65757;0.012182;0.197926;0.197926;0.0188328;0.0591005;0.00273937;0.132147;0.132147;0.514286;0.00263692;0.559243;0.907594;
195000;0.016;0.0889897;0.656153;0.0121363;0.194367;0.194367;0.0168983;0.0615133;0.0030239;0.128322;0.128322;0.4625;0.00284553;0.62545;0.910396;
195500;0.0136;0.0889007;0.660438;0.0122099;0.194265;0.194265;0.0160779;0.0614145;0.00354386;0.127972;0.127972;0.485294;0.00202758;0.502243;0.910678;
196000;0.012;0.0884958;0.657333;0.0124087;0.198876;0.198876;0.0167998;0.0639741;0.00452771;0.131058;0.131058;0.583333;0.00182186;0.547222;0.905856;
196500;0.0152;0.0863634;0.653399;0.0123252;0.202472;0.202472;0.0154241;0.06776;0.00344121;0.131621;0.131621;0.355263;0.0016247;0.506519;0.904889;
197000;0.0194;0.0864466;0.654121;0.0121989;0.205253;0.205253;0.0147755;0.0660152;0.00286019;0.141008;0.141008;0.453608;0.00224352;0.500411;0.904429;
197500;0.0148;0.0858886;0.65583;0.0121632;0.198086;0.198086;0.0150471;0.064295;0.00309372;0.126169;0.126169;0.5;0.00182704;0.581107;0.908414;
198000;0.015;0.0852378;0.656307;0.0121646;0.203462;0.203462;0.0152679;0.062252;0.00278916;0.130182;0.130182;0.44;0.00243655;0.570184;0.9039;
198500;0.017;0.0863112;0.656088;0.0121333;0.201396;0.201396;0.0156514;0.0612201;0.00298722;0.132403;0.132403;0.329412;0.00162767;0.538819;0.905931;
199000;0.0142;0.0865624;0.657009;0.012188;0.197484;0.197484;0.0176076;0.0615531;0.0034486;0.126691;0.126691;0.464789;0.00162305;0.652013;0.907001;
199500;0.0146;0.08538;0.656372;0.0121191;0.205827;0.205827;0.0186736;0.0583954;0.0041059;0.136734;0.136734;0.424658;0.0022326;0.613431;0.900448;
200000;0.015;0.0848256;0.654822;0.0119737;0.204071;0.204071;0.0178286;0.0571398;0.00401275;0.136272;0.136272;0.546667;0.00121827;0.575768;0.902462;
