

seed;1143004803;
Npop;5000;
mu_feedback;0.0005;
mu_stress_influx;0.0005;
mu_influx;0.0005;
mu_hstart;0.0005;
sP2NP_1;0.19;
sNP2P_1;0.01;
init_feedback;0.1;
init_stress_influx;0.4;
init_influx;0.05;
init_hstart;0.5;
cue_P;0;
cue_NP;0;
s0;0;
ad;1.5;
aP;1;
mort_background;0.002;
dmax;1;
zmax;1;
r;1;
u;1;
p_att;0.5;
NumGen;200000;
base_name;sim_stress_14_02_2020_232531_3;
generation;freq_P;mean_feedback;mean_stress_influx;mean_influx;mean_hormone;mean_damage;sd_feedback;sd_stress_influx;sd_influx;sd_hormone;sd_damage;prop_dead_P;prop_dead_NP;mean_fecundity_P;mean_fecundity_NP;
0;0.0346;0.1;0.4;0.05;0.5048;0.5048;-nan;-nan;-nan;0.0435541;0.0435541;0.323699;0.00227885;0.469884;0.646447;
500;0.026;0.100185;0.400128;0.0499932;0.520462;0.520462;0.00530053;0.003318;0.000902362;0.0778941;0.0778941;0.230769;0.00205339;0.237066;0.631606;
1000;0.0288;0.100835;0.400221;0.0498678;0.518746;0.518746;0.0104955;0.00490803;0.00240424;0.0864589;0.0864589;0.138889;0.00185338;0.251767;0.633586;
1500;0.0294;0.100607;0.399991;0.049856;0.517594;0.517594;0.00841135;0.0051249;0.00224278;0.0827048;0.0827048;0.136054;0.00123635;0.267035;0.634905;
2000;0.0252;0.101785;0.399877;0.0499544;0.515813;0.515813;0.0150936;0.00679922;0.00177983;0.084886;0.084886;0.246032;0.0020517;0.282308;0.634783;
2500;0.0246;0.101214;0.399507;0.0500334;0.518284;0.518284;0.0120639;0.0065001;0.00224602;0.0859675;0.0859675;0.162602;0.00205044;0.241182;0.632601;
3000;0.0304;0.10092;0.399698;0.0500523;0.51998;0.51998;0.00943721;0.00597091;0.00224227;0.0860092;0.0860092;0.0986842;0.00226898;0.274983;0.632107;
3500;0.0256;0.101028;0.399643;0.0499575;0.51668;0.51668;0.00922939;0.00676674;0.00167992;0.0836346;0.0836346;0.21875;0.00143678;0.26807;0.634147;
4000;0.0292;0.101284;0.400018;0.0498975;0.517128;0.517128;0.00952156;0.00729538;0.00301016;0.0895138;0.0895138;0.184932;0.00309023;0.291355;0.633956;
4500;0.0276;0.10105;0.40005;0.049824;0.51591;0.51591;0.0088189;0.00978335;0.00272434;0.0867517;0.0867517;0.195652;0.0026738;0.244647;0.636337;
5000;0.0274;0.101101;0.400688;0.0498016;0.515638;0.515638;0.00906246;0.0117228;0.00411387;0.0910272;0.0910272;0.167883;0.000822538;0.245455;0.636068;
5500;0.0238;0.101816;0.40036;0.0497242;0.510515;0.510515;0.0104691;0.00851975;0.00433625;0.0875343;0.0875343;0.285714;0.00204876;0.255064;0.640373;
6000;0.0274;0.101891;0.400822;0.0493335;0.508626;0.508626;0.0110235;0.0115933;0.0049182;0.0967314;0.0967314;0.131387;0.00267325;0.270469;0.64254;
6500;0.0282;0.101972;0.400219;0.0489833;0.504944;0.504944;0.0115048;0.0109421;0.00515757;0.0988045;0.0988045;0.177305;0.00288125;0.279907;0.646349;
7000;0.0244;0.102123;0.400325;0.0489234;0.504135;0.504135;0.0115071;0.0135087;0.00518889;0.097822;0.097822;0.196721;0.000615006;0.232127;0.647253;
7500;0.0278;0.102086;0.400385;0.0487792;0.503994;0.503994;0.0114374;0.0120736;0.00563382;0.102823;0.102823;0.172662;0.00164575;0.271322;0.647058;
8000;0.0266;0.102373;0.400209;0.0488279;0.501837;0.501837;0.012045;0.0100738;0.0061359;0.10158;0.10158;0.24812;0.00226012;0.265791;0.649126;
8500;0.022;0.102198;0.400498;0.0488045;0.50033;0.50033;0.0119801;0.0101984;0.00682853;0.101385;0.101385;0.290909;0.00143149;0.282781;0.648729;
9000;0.025;0.101587;0.399912;0.0481071;0.497172;0.497172;0.0105808;0.0110154;0.00686908;0.104276;0.104276;0.256;0.00266667;0.322144;0.651729;
9500;0.0266;0.102902;0.399923;0.0472135;0.486072;0.486072;0.0144974;0.0124921;0.00858324;0.118011;0.118011;0.172932;0.00102733;0.339025;0.662044;
10000;0.0226;0.103713;0.399467;0.0465926;0.478101;0.478101;0.0159143;0.0127023;0.00885669;0.121367;0.121367;0.221239;0.00266012;0.301104;0.669657;
10500;0.0218;0.104711;0.399005;0.0463096;0.471503;0.471503;0.0174285;0.0138926;0.00899932;0.123381;0.123381;0.201835;0.00163566;0.318774;0.675725;
11000;0.024;0.105525;0.398925;0.0456414;0.463179;0.463179;0.0185902;0.0158372;0.00990388;0.129423;0.129423;0.233333;0.000614754;0.280282;0.685144;
11500;0.0232;0.104774;0.398369;0.0450863;0.460559;0.460559;0.0176986;0.0155342;0.0104296;0.132841;0.132841;0.215517;0.00266175;0.304278;0.686615;
12000;0.0206;0.10432;0.397894;0.0447816;0.458012;0.458012;0.0169415;0.0159444;0.0109561;0.132303;0.132303;0.194175;0.00204207;0.308013;0.688096;
12500;0.0226;0.105338;0.397532;0.0441079;0.449334;0.449334;0.018702;0.0174798;0.0110137;0.137365;0.137365;0.221239;0.00306937;0.330627;0.696577;
13000;0.0224;0.107016;0.397256;0.0425507;0.430843;0.430843;0.0206656;0.0161562;0.012196;0.148789;0.148789;0.214286;0.00204583;0.369804;0.712249;
13500;0.0214;0.108415;0.397555;0.0413855;0.41737;0.41737;0.0223943;0.0160015;0.0133394;0.154325;0.154325;0.28972;0.00163499;0.358462;0.724335;
14000;0.0188;0.108609;0.397234;0.041645;0.417025;0.417025;0.0221838;0.0162106;0.0128454;0.148472;0.148472;0.414894;0.00224215;0.381441;0.724426;
14500;0.0216;0.112188;0.397206;0.0404707;0.39982;0.39982;0.0262578;0.0174199;0.0136722;0.159468;0.159468;0.268519;0.0026574;0.372924;0.739974;
15000;0.0234;0.113853;0.395667;0.0394366;0.389125;0.389125;0.0285502;0.0192486;0.0141953;0.166811;0.166811;0.273504;0.00204792;0.27623;0.751489;
15500;0.0204;0.114347;0.395194;0.0375871;0.367412;0.367412;0.0281571;0.0202318;0.0152353;0.167385;0.167385;0.343137;0.00163332;0.438503;0.76669;
16000;0.0184;0.111646;0.395636;0.0356424;0.358284;0.358284;0.0251195;0.0213951;0.0157954;0.171391;0.171391;0.369565;0.00183374;0.407305;0.773796;
16500;0.0232;0.112951;0.396465;0.0333711;0.336507;0.336507;0.0271126;0.0214726;0.0164844;0.175826;0.175826;0.224138;0.00266175;0.53465;0.790572;
17000;0.0182;0.11184;0.397474;0.03248;0.330127;0.330127;0.0255721;0.0244275;0.0167256;0.17623;0.17623;0.373626;0.00224078;0.487474;0.7958;
17500;0.02;0.114589;0.397453;0.0312112;0.316994;0.316994;0.0284314;0.0247498;0.0169866;0.18513;0.18513;0.28;0.00163265;0.380213;0.807315;
18000;0.02;0.114114;0.396694;0.0307859;0.310792;0.310792;0.0288431;0.0236829;0.0169235;0.179078;0.179078;0.34;0.0022449;0.479714;0.81208;
18500;0.0176;0.113661;0.396137;0.0307802;0.311681;0.311681;0.0284315;0.0233683;0.0169925;0.17987;0.17987;0.352273;0.000610749;0.454848;0.81066;
19000;0.021;0.11389;0.397307;0.0298173;0.304073;0.304073;0.0283371;0.0222773;0.0172649;0.184868;0.184868;0.409524;0.00163432;0.412131;0.818125;
19500;0.0188;0.114411;0.398701;0.028238;0.289889;0.289889;0.0301553;0.0223455;0.01721;0.181557;0.181557;0.468085;0.00244598;0.505466;0.827871;
20000;0.0168;0.116143;0.400081;0.0267899;0.276029;0.276029;0.0311792;0.0230147;0.0171759;0.183669;0.183669;0.547619;0.0034581;0.504214;0.83801;
20500;0.0164;0.11673;0.400466;0.0256295;0.266454;0.266454;0.0321374;0.0237791;0.0173299;0.184881;0.184881;0.390244;0.00142334;0.563046;0.843059;
21000;0.0168;0.117636;0.40118;0.0255393;0.262096;0.262096;0.0324963;0.0219411;0.0173278;0.184076;0.184076;0.404762;0.0034581;0.529333;0.847811;
21500;0.0164;0.121071;0.403554;0.0248314;0.249117;0.249117;0.0346742;0.0254047;0.0169162;0.179699;0.179699;0.439024;0.00203335;0.558676;0.857716;
22000;0.0162;0.123253;0.402455;0.0239227;0.239734;0.239734;0.0369927;0.0232714;0.0167313;0.17552;0.17552;0.580247;0.00121976;0.557582;0.865984;
22500;0.013;0.124222;0.404063;0.0222895;0.223301;0.223301;0.0368641;0.0262384;0.0167178;0.171617;0.171617;0.523077;0.00121581;0.590686;0.876416;
23000;0.015;0.125726;0.40555;0.0218556;0.218205;0.218205;0.0377782;0.0285786;0.0168881;0.173253;0.173253;0.573333;0.00263959;0.619917;0.880366;
23500;0.015;0.128596;0.403966;0.0205163;0.204571;0.204571;0.0382532;0.0259211;0.0166599;0.16851;0.16851;0.493333;0.00243655;0.63471;0.889919;
24000;0.012;0.130144;0.406007;0.0197786;0.193873;0.193873;0.0396192;0.0265243;0.0165427;0.163478;0.163478;0.65;0.001417;0.662887;0.896965;
24500;0.0166;0.129289;0.407113;0.0188816;0.191861;0.191861;0.0384367;0.0271728;0.0162431;0.167338;0.167338;0.421687;0.00284726;0.602969;0.899825;
25000;0.0114;0.129098;0.410104;0.0189009;0.189599;0.189599;0.0384989;0.0317152;0.0159372;0.159562;0.159562;0.719298;0.0032369;0.665076;0.901423;
25500;0.0144;0.127882;0.411272;0.0190912;0.195199;0.195199;0.0386099;0.0344998;0.0159652;0.164795;0.164795;0.527778;0.00223214;0.611118;0.897329;
26000;0.0154;0.127635;0.407119;0.0194329;0.193882;0.193882;0.0377036;0.0309129;0.0156042;0.161229;0.161229;0.454545;0.00101564;0.639212;0.898513;
26500;0.014;0.128881;0.40636;0.0183876;0.187238;0.187238;0.0384211;0.0297739;0.0155384;0.159918;0.159918;0.542857;0.00223124;0.64465;0.903081;
27000;0.0144;0.130343;0.407776;0.0183506;0.185798;0.185798;0.039816;0.0301524;0.0156202;0.163967;0.163967;0.472222;0.00101461;0.556763;0.904165;
27500;0.0154;0.129831;0.406822;0.0182326;0.184995;0.184995;0.0391526;0.0304651;0.0157361;0.1616;0.1616;0.597403;0.00243754;0.656451;0.904406;
28000;0.0164;0.134352;0.408247;0.0171156;0.172825;0.172825;0.0420717;0.0326364;0.0158588;0.16336;0.16336;0.512195;0.00244002;0.687958;0.911293;
28500;0.0118;0.135644;0.407966;0.0161316;0.164196;0.164196;0.0417172;0.0320051;0.0155242;0.158375;0.158375;0.59322;0.00202388;0.667675;0.916363;
29000;0.015;0.134362;0.408472;0.0152978;0.156029;0.156029;0.0412276;0.0325219;0.0150748;0.154833;0.154833;0.56;0.00243655;0.769531;0.921649;
29500;0.0132;0.135948;0.409027;0.014452;0.149251;0.149251;0.0414596;0.0355215;0.0150313;0.155897;0.155897;0.651515;0.00182408;0.69333;0.925738;
30000;0.0148;0.134366;0.40856;0.0150963;0.154497;0.154497;0.0413563;0.0392744;0.0154104;0.156646;0.156646;0.472973;0.00223305;0.674533;0.922813;
30500;0.0148;0.132804;0.409035;0.0144425;0.15353;0.15353;0.0412437;0.038536;0.0151519;0.158542;0.158542;0.554054;0.00243605;0.6721;0.92329;
31000;0.0132;0.13214;0.409995;0.0147233;0.154616;0.154616;0.0413657;0.0404494;0.0151833;0.157102;0.157102;0.469697;0.0024321;0.688126;0.921822;
31500;0.0148;0.132289;0.412235;0.0147427;0.153291;0.153291;0.0413873;0.042494;0.0153848;0.157898;0.157898;0.432432;0.00162404;0.666324;0.923101;
32000;0.0158;0.132814;0.415497;0.0140897;0.151818;0.151818;0.0425845;0.0445433;0.0147467;0.156622;0.156622;0.443038;0.00203211;0.641437;0.925149;
32500;0.0144;0.131904;0.416042;0.015013;0.157141;0.157141;0.0418637;0.0473477;0.0148419;0.155919;0.155919;0.416667;0.00162338;0.625446;0.921936;
33000;0.0118;0.132258;0.416375;0.0160598;0.166166;0.166166;0.0410825;0.0492412;0.0154959;0.156376;0.156376;0.745763;0.00161911;0.720108;0.914944;
33500;0.0142;0.13175;0.418141;0.0160101;0.16444;0.16444;0.0405151;0.048515;0.0156378;0.158351;0.158351;0.535211;0.00243457;0.713522;0.915722;
34000;0.0154;0.131113;0.419414;0.0155126;0.163182;0.163182;0.0406021;0.05142;0.0158095;0.162707;0.162707;0.545455;0.00243754;0.600926;0.917982;
34500;0.015;0.132186;0.420997;0.014776;0.155787;0.155787;0.0414571;0.0501259;0.0152406;0.15848;0.15848;0.626667;0.00162437;0.675417;0.922272;
35000;0.015;0.13226;0.423172;0.0144344;0.155841;0.155841;0.0416637;0.050652;0.014662;0.154267;0.154267;0.573333;0.00142132;0.754039;0.921652;
35500;0.0152;0.130548;0.42331;0.0144439;0.154345;0.154345;0.0397628;0.0523685;0.0147843;0.153618;0.153618;0.447368;0.00142161;0.696539;0.923077;
36000;0.0154;0.130538;0.425397;0.0135048;0.146117;0.146117;0.0408184;0.0529913;0.0143449;0.148634;0.148634;0.376623;0.00162503;0.751615;0.927948;
36500;0.0138;0.129234;0.428809;0.0131548;0.146459;0.146459;0.0395168;0.0556645;0.0142872;0.152997;0.152997;0.608696;0.00182519;0.713742;0.927817;
37000;0.0142;0.12941;0.433931;0.013533;0.14996;0.14996;0.0385177;0.0593482;0.0145489;0.156871;0.156871;0.549296;0.00284033;0.721868;0.924968;
37500;0.0136;0.130191;0.434225;0.0131675;0.144419;0.144419;0.0384549;0.0577441;0.0151456;0.156942;0.156942;0.573529;0.00304136;0.69445;0.92814;
38000;0.0126;0.131613;0.435231;0.0139448;0.148204;0.148204;0.0392001;0.0575914;0.015266;0.154058;0.154058;0.444444;0.00182297;0.716662;0.925639;
38500;0.0146;0.130049;0.434437;0.0139083;0.151734;0.151734;0.0374533;0.0572517;0.0149771;0.155276;0.155276;0.561644;0.00304445;0.645829;0.925961;
39000;0.0128;0.132894;0.438967;0.0133476;0.143518;0.143518;0.0382453;0.0593487;0.0144055;0.152001;0.152001;0.6875;0.00202593;0.657032;0.930429;
39500;0.0158;0.132931;0.440103;0.0131734;0.142231;0.142231;0.0390644;0.0593379;0.0143173;0.148723;0.148723;0.379747;0.00162569;0.743813;0.930454;
40000;0.01;0.131038;0.439824;0.0125608;0.137981;0.137981;0.0379819;0.0563174;0.0138708;0.146117;0.146117;0.66;0.00242424;0.693661;0.933368;
40500;0.0154;0.129741;0.437886;0.0125691;0.141514;0.141514;0.0376433;0.0543007;0.0136483;0.152207;0.152207;0.571429;0.00203128;0.674908;0.932275;
41000;0.0138;0.130648;0.434033;0.0125658;0.139355;0.139355;0.0391647;0.0522213;0.0139077;0.150606;0.150606;0.57971;0.00263638;0.64746;0.933647;
41500;0.015;0.129767;0.43685;0.0132434;0.146114;0.146114;0.0381634;0.0558988;0.0139955;0.152622;0.152622;0.546667;0.00263959;0.679568;0.929091;
42000;0.0142;0.129704;0.440353;0.0144044;0.154387;0.154387;0.0391436;0.0559027;0.0139086;0.149709;0.149709;0.619718;0.00284033;0.67296;0.925461;
42500;0.0158;0.129111;0.440242;0.0153794;0.162369;0.162369;0.0388379;0.0563738;0.0140896;0.151812;0.151812;0.468354;0.00203211;0.695408;0.91977;
43000;0.014;0.125343;0.439252;0.0144262;0.159661;0.159661;0.0370029;0.0552553;0.013963;0.152444;0.152444;0.557143;0.0020284;0.729581;0.920443;
43500;0.0156;0.125067;0.442864;0.0142902;0.158242;0.158242;0.0375651;0.0575915;0.01376;0.151514;0.151514;0.641026;0.00101585;0.711584;0.922441;
44000;0.0112;0.127165;0.440843;0.0143032;0.156503;0.156503;0.038634;0.0582624;0.0136143;0.149296;0.149296;0.785714;0.00283172;0.597365;0.924322;
44500;0.013;0.124896;0.44512;0.0146618;0.163361;0.163361;0.0381254;0.0598964;0.0139105;0.153846;0.153846;0.738462;0.00182371;0.612379;0.919604;
45000;0.0172;0.124004;0.444946;0.0147903;0.164297;0.164297;0.0380379;0.0597991;0.0135843;0.151255;0.151255;0.476744;0.0022385;0.747543;0.91853;
45500;0.013;0.121208;0.443031;0.0150631;0.16697;0.16697;0.0366072;0.057521;0.0136495;0.153866;0.153866;0.507692;0.00222898;0.652547;0.916301;
46000;0.0148;0.122735;0.44413;0.0155829;0.173399;0.173399;0.0367652;0.0591656;0.0136817;0.155243;0.155243;0.608108;0.00162404;0.658486;0.913285;
46500;0.0158;0.122664;0.443978;0.0157954;0.173087;0.173087;0.0360563;0.0590269;0.0136009;0.154249;0.154249;0.531646;0.0018289;0.690853;0.913447;
47000;0.0126;0.122108;0.442132;0.0146175;0.166067;0.166067;0.0359999;0.0581067;0.0135761;0.154408;0.154408;0.634921;0.00121531;0.642394;0.917352;
47500;0.009;0.123795;0.445967;0.0144889;0.161927;0.161927;0.0371461;0.0587447;0.0136638;0.152749;0.152749;0.777778;0.00221998;0.625186;0.919139;
48000;0.018;0.125406;0.452555;0.0157872;0.173503;0.173503;0.0375733;0.0614972;0.0139577;0.158842;0.158842;0.511111;0.00142566;0.632401;0.913919;
48500;0.0118;0.127417;0.454318;0.0150952;0.161269;0.161269;0.0372732;0.0610586;0.013924;0.150888;0.150888;0.525424;0.00242866;0.751157;0.919048;
49000;0.0144;0.129395;0.452394;0.0150588;0.160467;0.160467;0.0383857;0.06292;0.0141641;0.156081;0.156081;0.666667;0.00162338;0.6387;0.921309;
49500;0.0152;0.130547;0.458258;0.0147168;0.157971;0.157971;0.0399923;0.0672923;0.0139243;0.155105;0.155105;0.447368;0.00121852;0.63741;0.922584;
50000;0.0142;0.131482;0.45783;0.0146239;0.154379;0.154379;0.039933;0.0692873;0.0141034;0.149327;0.149327;0.577465;0.00202881;0.730301;0.924769;
50500;0.014;0.131058;0.460561;0.0142772;0.152224;0.152224;0.0399645;0.0695819;0.0142085;0.152885;0.152885;0.585714;0.00121704;0.721704;0.924774;
51000;0.0116;0.128704;0.461438;0.0140246;0.151634;0.151634;0.0385379;0.0734302;0.0132652;0.146088;0.146088;0.62069;0.00222582;0.729785;0.926371;
51500;0.0144;0.12756;0.461162;0.0138484;0.151841;0.151841;0.0371104;0.0744607;0.0132165;0.146341;0.146341;0.611111;0.00223214;0.733178;0.927007;
52000;0.012;0.126965;0.466741;0.0134659;0.150168;0.150168;0.0364175;0.0763462;0.0126986;0.14673;0.14673;0.416667;0.00202429;0.69331;0.92693;
52500;0.0152;0.130105;0.470019;0.0138452;0.151656;0.151656;0.0381494;0.0763879;0.012798;0.145428;0.145428;0.592105;0.00345248;0.704641;0.928516;
53000;0.0162;0.128531;0.477611;0.0139173;0.155513;0.155513;0.0368904;0.0786462;0.0125771;0.149039;0.149039;0.604938;0.00223623;0.68655;0.926386;
53500;0.014;0.126522;0.47676;0.0138098;0.152098;0.152098;0.0352827;0.0807925;0.0126753;0.145253;0.145253;0.528571;0.00243408;0.722461;0.927233;
54000;0.0126;0.12569;0.474861;0.0140165;0.155586;0.155586;0.035167;0.082111;0.0125517;0.14462;0.14462;0.539683;0.00303828;0.688266;0.925631;
54500;0.014;0.124937;0.476218;0.0134145;0.150829;0.150829;0.0345655;0.0820344;0.0127526;0.146847;0.146847;0.385714;0.00263692;0.744258;0.926637;
55000;0.0152;0.12622;0.474706;0.0130823;0.147753;0.147753;0.0364267;0.080709;0.0121646;0.144326;0.144326;0.460526;0.00182778;0.690196;0.930431;
55500;0.0116;0.125553;0.472112;0.012829;0.150041;0.150041;0.0356379;0.0780079;0.01185;0.147877;0.147877;0.5;0.00202347;0.557087;0.92884;
56000;0.0136;0.123947;0.474318;0.012432;0.147105;0.147105;0.0362339;0.078611;0.0117493;0.149375;0.149375;0.573529;0.00182482;0.64639;0.930213;
56500;0.013;0.126553;0.4742;0.0122844;0.14115;0.14115;0.0367751;0.077717;0.0114873;0.141325;0.141325;0.6;0.00243161;0.722968;0.934538;
57000;0.015;0.129344;0.47478;0.0130716;0.147095;0.147095;0.0383954;0.0797971;0.0119243;0.141751;0.141751;0.573333;0.0022335;0.771113;0.931018;
57500;0.0116;0.131175;0.475224;0.0126325;0.140696;0.140696;0.0385388;0.0813543;0.0118428;0.139023;0.139023;0.810345;0.00202347;0.693436;0.935564;
58000;0.0128;0.131949;0.473527;0.0119725;0.133942;0.133942;0.04006;0.0786092;0.010699;0.133014;0.133014;0.546875;0.00182334;0.689492;0.940222;
58500;0.0126;0.130456;0.476421;0.0123903;0.138269;0.138269;0.039933;0.0796686;0.0108295;0.132721;0.132721;0.52381;0.00141787;0.796094;0.936183;
59000;0.0152;0.130714;0.477683;0.0127321;0.142681;0.142681;0.0418279;0.0800221;0.0111154;0.139204;0.139204;0.486842;0.00101543;0.681388;0.934921;
59500;0.0108;0.127638;0.478599;0.0132742;0.149867;0.149867;0.0374493;0.0797948;0.0111955;0.137042;0.137042;0.796296;0.0024262;0.718834;0.930463;
60000;0.012;0.129242;0.478013;0.0135793;0.149711;0.149711;0.038024;0.0817385;0.011435;0.139967;0.139967;0.716667;0.001417;0.654991;0.930707;
60500;0.0144;0.127938;0.475693;0.0139467;0.15456;0.15456;0.0387711;0.0819311;0.0110808;0.141755;0.141755;0.527778;0.00121753;0.648562;0.92805;
61000;0.0134;0.128362;0.469235;0.0135572;0.152658;0.152658;0.0368313;0.076908;0.0108473;0.137531;0.137531;0.835821;0.0024326;0.713099;0.930232;
61500;0.0122;0.132888;0.470766;0.0137409;0.144469;0.144469;0.0385772;0.0795588;0.010799;0.128215;0.128215;0.491803;0.00182223;0.711902;0.93499;
62000;0.0132;0.130508;0.470175;0.0141877;0.151223;0.151223;0.0377173;0.0782161;0.0105376;0.130543;0.130543;0.545455;0.00182408;0.728705;0.931139;
62500;0.0118;0.132299;0.475385;0.0139866;0.149591;0.149591;0.0392448;0.080674;0.0105385;0.131487;0.131487;0.677966;0.00141672;0.688776;0.932171;
63000;0.0144;0.131434;0.474603;0.014162;0.153091;0.153091;0.0388087;0.0808702;0.0104504;0.136237;0.136237;0.583333;0.00344968;0.639475;0.931455;
63500;0.0126;0.133134;0.481755;0.0134054;0.144641;0.144641;0.0397873;0.0839693;0.0108464;0.131749;0.131749;0.666667;0.00344339;0.75501;0.934876;
64000;0.013;0.129819;0.477264;0.0140108;0.151661;0.151661;0.0385186;0.0841765;0.0116577;0.13806;0.13806;0.676923;0.00101317;0.672315;0.930286;
64500;0.0124;0.129745;0.475333;0.0142655;0.155417;0.155417;0.0379264;0.0825001;0.0114406;0.138951;0.138951;0.629032;0.00222762;0.690709;0.927498;
65000;0.014;0.128066;0.478439;0.0145357;0.155565;0.155565;0.0364312;0.0848586;0.0108486;0.131981;0.131981;0.528571;0.00385396;0.705707;0.929684;
65500;0.0128;0.127621;0.477001;0.0147643;0.162066;0.162066;0.0359186;0.0843097;0.0107998;0.136902;0.136902;0.6875;0.00121556;0.689598;0.92446;
66000;0.0138;0.128513;0.483665;0.0156073;0.166002;0.166002;0.0366365;0.0873364;0.0113048;0.13832;0.13832;0.507246;0.00202799;0.669985;0.922063;
66500;0.013;0.126288;0.488129;0.0153413;0.163641;0.163641;0.0347654;0.0866832;0.0117473;0.137612;0.137612;0.507692;0.00182371;0.682605;0.923099;
67000;0.0162;0.124733;0.490906;0.0153777;0.168277;0.168277;0.033565;0.0890486;0.0114638;0.139675;0.139675;0.54321;0.00223623;0.682467;0.921288;
67500;0.0152;0.126836;0.49627;0.0156107;0.168501;0.168501;0.0337627;0.0918683;0.0110818;0.136297;0.136297;0.486842;0.00182778;0.628051;0.921795;
68000;0.013;0.12476;0.500179;0.0150534;0.167328;0.167328;0.0337742;0.092921;0.0102435;0.134274;0.134274;0.661538;0.00243161;0.657969;0.922619;
68500;0.0148;0.124552;0.507374;0.0159399;0.171804;0.171804;0.0341041;0.0928525;0.0105263;0.131604;0.131604;0.486486;0.00243605;0.738675;0.919332;
69000;0.0146;0.12418;0.507028;0.016294;0.17608;0.17608;0.0341498;0.0907145;0.0106415;0.136243;0.136243;0.438356;0.00162371;0.678289;0.916381;
69500;0.014;0.123823;0.507918;0.0157473;0.174189;0.174189;0.0329319;0.0910583;0.0104198;0.14192;0.14192;0.7;0.00223124;0.601451;0.918514;
70000;0.0156;0.12145;0.515727;0.0157442;0.175994;0.175994;0.0318648;0.0943421;0.00991214;0.136915;0.136915;0.448718;0.00121902;0.63342;0.917301;
70500;0.0172;0.121378;0.511257;0.0163715;0.181301;0.181301;0.0319149;0.0935708;0.0102258;0.138016;0.138016;0.418605;0.002442;0.651663;0.914431;
71000;0.0164;0.120559;0.508093;0.0157337;0.174001;0.174001;0.0307269;0.0937144;0.0099102;0.13066;0.13066;0.390244;0.00203335;0.725453;0.918537;
71500;0.0122;0.120638;0.51594;0.0159087;0.174857;0.174857;0.0306449;0.0958332;0.00952979;0.127603;0.127603;0.557377;0.00040494;0.679677;0.918175;
72000;0.0142;0.122525;0.523118;0.0160415;0.173592;0.173592;0.0299806;0.0992314;0.00977117;0.132065;0.132065;0.549296;0.00142017;0.588632;0.920665;
72500;0.0158;0.122268;0.531975;0.0158832;0.175212;0.175212;0.0303779;0.0986773;0.00928811;0.132555;0.132555;0.468354;0.00203211;0.644955;0.919025;
73000;0.0152;0.12197;0.52502;0.0150893;0.168295;0.168295;0.0306839;0.0995838;0.00895932;0.128185;0.128185;0.434211;0.0016247;0.696501;0.922678;
73500;0.016;0.119343;0.530403;0.0151392;0.16878;0.16878;0.0288718;0.096622;0.00912562;0.126577;0.126577;0.4;0.00142276;0.676255;0.923404;
74000;0.0106;0.119622;0.535129;0.0156761;0.173131;0.173131;0.0285355;0.0979074;0.00945722;0.125956;0.125956;0.584906;0.00242571;0.638697;0.919829;
74500;0.0172;0.119179;0.541787;0.0160651;0.179517;0.179517;0.0287555;0.102502;0.00928053;0.132677;0.132677;0.372093;0.0022385;0.632767;0.916781;
75000;0.0168;0.121511;0.545281;0.016737;0.184217;0.184217;0.0296054;0.103927;0.00920347;0.130763;0.130763;0.595238;0.00264443;0.638977;0.915274;
75500;0.0148;0.120993;0.545643;0.0163936;0.178057;0.178057;0.0290034;0.107881;0.00978671;0.128258;0.128258;0.378378;0.00203004;0.646746;0.917564;
76000;0.0166;0.119382;0.549739;0.0168442;0.185498;0.185498;0.028644;0.105555;0.0094505;0.134367;0.134367;0.337349;0.00366077;0.57123;0.913806;
76500;0.0174;0.119725;0.54562;0.0166497;0.184898;0.184898;0.0282616;0.105326;0.00952693;0.134479;0.134479;0.45977;0.00223896;0.560602;0.914458;
77000;0.0126;0.120343;0.55733;0.0169081;0.184649;0.184649;0.028815;0.104001;0.00877785;0.126844;0.126844;0.68254;0.00101276;0.59884;0.914152;
77500;0.012;0.119143;0.557558;0.0169886;0.185253;0.185253;0.0278741;0.102161;0.00898117;0.125028;0.125028;0.733333;0.00101215;0.638276;0.91347;
78000;0.0148;0.118095;0.563438;0.0171706;0.18748;0.18748;0.0267061;0.101924;0.00931866;0.128255;0.128255;0.527027;0.00243605;0.62643;0.912324;
78500;0.0152;0.117868;0.559843;0.0174272;0.190666;0.190666;0.0272103;0.0996266;0.0092271;0.12614;0.12614;0.473684;0.00243704;0.647992;0.910287;
79000;0.0166;0.117007;0.566835;0.0173351;0.189401;0.189401;0.0267328;0.101238;0.00959204;0.129927;0.129927;0.337349;0.00101688;0.575828;0.911458;
79500;0.0142;0.116821;0.566627;0.0175453;0.192787;0.192787;0.027489;0.0982408;0.00895939;0.1298;0.1298;0.535211;0.00223169;0.56955;0.909391;
80000;0.0148;0.116042;0.569585;0.0172221;0.191668;0.191668;0.0269273;0.0989591;0.0089772;0.129219;0.129219;0.364865;0.00182704;0.565858;0.909822;
80500;0.0148;0.115106;0.570536;0.0176066;0.196908;0.196908;0.0270303;0.0970942;0.00902688;0.128963;0.128963;0.608108;0.00203004;0.564258;0.907226;
81000;0.0152;0.11507;0.577539;0.0176333;0.19632;0.19632;0.0272333;0.10088;0.0094468;0.131856;0.131856;0.460526;0.00101543;0.535024;0.907084;
81500;0.0162;0.115113;0.577041;0.0170481;0.192148;0.192148;0.0256181;0.101134;0.0089086;0.129073;0.129073;0.444444;0.00264281;0.607419;0.909785;
82000;0.0144;0.11519;0.572982;0.0174709;0.193647;0.193647;0.0260706;0.100261;0.00889175;0.12337;0.12337;0.402778;0.00202922;0.645586;0.908282;
82500;0.0176;0.11574;0.580902;0.0172472;0.192179;0.192179;0.0259234;0.0988529;0.00863403;0.127145;0.127145;0.534091;0.002443;0.616628;0.911223;
83000;0.0142;0.116585;0.586413;0.0167978;0.184889;0.184889;0.0267775;0.0962475;0.00896688;0.12119;0.12119;0.647887;0.00344898;0.682569;0.915229;
83500;0.016;0.115207;0.59144;0.0169231;0.190542;0.190542;0.0253674;0.098813;0.00922528;0.126273;0.126273;0.4125;0.00121951;0.649384;0.910251;
84000;0.0178;0.114949;0.586117;0.0172181;0.194111;0.194111;0.0253445;0.102647;0.00910498;0.133589;0.133589;0.449438;0.001629;0.561451;0.90927;
84500;0.0146;0.114178;0.586452;0.0174715;0.195873;0.195873;0.0233962;0.102326;0.00877249;0.128196;0.128196;0.561644;0.00182667;0.561091;0.908196;
85000;0.0146;0.115669;0.58998;0.0176319;0.19406;0.19406;0.0248455;0.104374;0.00934714;0.128524;0.128524;0.616438;0.00243556;0.592402;0.909116;
85500;0.015;0.11453;0.588635;0.0178294;0.19779;0.19779;0.0235729;0.103502;0.00892215;0.128114;0.128114;0.666667;0.00263959;0.611142;0.906739;
86000;0.0192;0.114507;0.580157;0.0176274;0.198796;0.198796;0.0252873;0.104544;0.00849035;0.130921;0.130921;0.302083;0.00285481;0.563678;0.907127;
86500;0.0162;0.113226;0.585696;0.0179351;0.202803;0.202803;0.0237293;0.103198;0.0081978;0.125551;0.125551;0.345679;0.00243952;0.611318;0.903235;
87000;0.0152;0.113731;0.589562;0.0184015;0.202999;0.202999;0.0249079;0.103583;0.00838372;0.121958;0.121958;0.552632;0.00101543;0.637767;0.903567;
87500;0.0156;0.114219;0.593485;0.01849;0.205433;0.205433;0.026069;0.105344;0.00866905;0.127698;0.127698;0.474359;0.00121902;0.566091;0.901828;
88000;0.0148;0.111974;0.595236;0.0182642;0.207263;0.207263;0.0241059;0.107425;0.00822252;0.129094;0.129094;0.513514;0.00324807;0.522904;0.901496;
88500;0.0144;0.111694;0.597233;0.0183916;0.206414;0.206414;0.0247692;0.106891;0.0083929;0.124101;0.124101;0.402778;0.00142045;0.559208;0.900945;
89000;0.0172;0.112676;0.594766;0.0188483;0.212523;0.212523;0.0255957;0.108004;0.00881447;0.132271;0.132271;0.453488;0.0018315;0.524298;0.897843;
89500;0.0174;0.11124;0.597097;0.0194918;0.220302;0.220302;0.024475;0.110571;0.00869589;0.133341;0.133341;0.413793;0.00203542;0.58935;0.891324;
90000;0.0156;0.109643;0.589748;0.0190992;0.219078;0.219078;0.0222026;0.109729;0.00904278;0.133924;0.133924;0.487179;0.00182852;0.491912;0.892958;
90500;0.0162;0.109697;0.594908;0.018804;0.215371;0.215371;0.0219787;0.109606;0.00859139;0.132409;0.132409;0.493827;0.00284611;0.519706;0.895916;
91000;0.0156;0.109858;0.60377;0.0188473;0.217189;0.217189;0.0238822;0.110685;0.00808351;0.12932;0.12932;0.474359;0.00101585;0.576137;0.893473;
91500;0.0134;0.111059;0.604792;0.0188207;0.2152;0.2152;0.0268076;0.110137;0.00884051;0.132992;0.132992;0.432836;0.00202716;0.526887;0.893783;
92000;0.0128;0.112281;0.609231;0.0185589;0.210169;0.210169;0.027645;0.115267;0.00887193;0.126699;0.126699;0.578125;0.00182334;0.626114;0.897314;
92500;0.0156;0.11163;0.615913;0.0188744;0.213101;0.213101;0.0256941;0.11565;0.00858018;0.129041;0.129041;0.512821;0.00162536;0.520623;0.897433;
93000;0.0144;0.111179;0.610481;0.0196116;0.220026;0.220026;0.0268293;0.111099;0.00840162;0.127255;0.127255;0.388889;0.00202922;0.553127;0.891644;
93500;0.016;0.110578;0.611244;0.0195422;0.220628;0.220628;0.0264856;0.112576;0.00842743;0.12908;0.12908;0.35;0.000609756;0.543747;0.891457;
94000;0.0148;0.111097;0.612464;0.0197098;0.224701;0.224701;0.0264055;0.111892;0.00797581;0.132351;0.132351;0.581081;0.00182704;0.419723;0.890321;
94500;0.0196;0.111757;0.611604;0.019664;0.222844;0.222844;0.0286726;0.111681;0.00799181;0.132621;0.132621;0.438776;0.00346797;0.536754;0.892155;
95000;0.0156;0.10986;0.610344;0.0198227;0.226086;0.226086;0.0267723;0.113258;0.00725724;0.12444;0.12444;0.435897;0.0026412;0.56239;0.888845;
95500;0.016;0.111802;0.619213;0.0196709;0.221914;0.221914;0.028238;0.111036;0.00742759;0.125207;0.125207;0.4125;0.00223577;0.549867;0.891718;
96000;0.019;0.111322;0.61908;0.0198508;0.223326;0.223326;0.027771;0.107746;0.00798696;0.127632;0.127632;0.326316;0.00163099;0.552644;0.890825;
96500;0.015;0.11194;0.626153;0.0202197;0.227413;0.227413;0.0271073;0.106352;0.00715274;0.128991;0.128991;0.48;0.00324873;0.478621;0.888794;
97000;0.0154;0.109144;0.633144;0.0200509;0.22776;0.22776;0.0245842;0.106063;0.00749729;0.123585;0.123585;0.519481;0.00243754;0.642667;0.886777;
97500;0.0164;0.108878;0.640098;0.0194932;0.225218;0.225218;0.0266993;0.108591;0.00802488;0.129615;0.129615;0.536585;0.000813339;0.564904;0.888735;
98000;0.0166;0.108017;0.64235;0.0196619;0.228576;0.228576;0.02518;0.108585;0.00775765;0.129196;0.129196;0.481928;0.00244051;0.545818;0.887133;
98500;0.013;0.108637;0.635915;0.019904;0.23007;0.23007;0.0256848;0.105457;0.007441;0.128863;0.128863;0.538462;0.00202634;0.553984;0.884192;
99000;0.0174;0.107576;0.633528;0.0200769;0.235363;0.235363;0.0260255;0.105504;0.0074032;0.132389;0.132389;0.448276;0.00264604;0.553174;0.881653;
99500;0.0174;0.108166;0.641233;0.0199763;0.231305;0.231305;0.0256152;0.104092;0.00696004;0.127671;0.127671;0.37931;0.00183187;0.554514;0.885109;
100000;0.0126;0.108025;0.644;0.0202273;0.232415;0.232415;0.0246038;0.100834;0.00694323;0.125926;0.125926;0.650794;0.00222807;0.472105;0.884531;
100500;0.0164;0.107219;0.641255;0.0202432;0.234775;0.234775;0.0238217;0.101869;0.00710382;0.125716;0.125716;0.426829;0.00223668;0.561283;0.882572;
101000;0.0156;0.10608;0.638453;0.0200164;0.232365;0.232365;0.0227988;0.10479;0.0067874;0.122863;0.122863;0.410256;0.00203169;0.628246;0.883437;
101500;0.013;0.103864;0.637911;0.0195686;0.233416;0.233416;0.0199618;0.105578;0.00644702;0.123769;0.123769;0.476923;0.00344478;0.463041;0.884261;
102000;0.0142;0.104409;0.637183;0.0194353;0.230538;0.230538;0.0190216;0.105281;0.00582541;0.121879;0.121879;0.450704;0.00202881;0.470972;0.886913;
102500;0.0154;0.103469;0.640639;0.0198041;0.237617;0.237617;0.0184589;0.106446;0.00658404;0.12699;0.12699;0.415584;0.00304692;0.536194;0.880532;
103000;0.0174;0.105312;0.643016;0.0194804;0.231383;0.231383;0.0209843;0.10478;0.00627927;0.124057;0.124057;0.448276;0.00122125;0.495802;0.886907;
103500;0.0164;0.106273;0.643396;0.0194365;0.229183;0.229183;0.022396;0.101496;0.0059702;0.122476;0.122476;0.597561;0.00223668;0.512091;0.888748;
104000;0.0162;0.106552;0.643322;0.019493;0.229375;0.229375;0.0227643;0.102789;0.00593251;0.122244;0.122244;0.493827;0.00121976;0.559593;0.887053;
104500;0.0156;0.106799;0.645693;0.0195274;0.226841;0.226841;0.0223649;0.101593;0.00695268;0.121229;0.121229;0.564103;0.00182852;0.587013;0.888616;
105000;0.0182;0.106477;0.648289;0.0199024;0.23286;0.23286;0.0226578;0.101977;0.00645407;0.12604;0.12604;0.516484;0.00162966;0.478612;0.886488;
105500;0.0158;0.106894;0.651629;0.0196933;0.229262;0.229262;0.0228962;0.100191;0.00603058;0.119575;0.119575;0.367089;0.00284495;0.544736;0.887657;
106000;0.0162;0.106232;0.660418;0.0200613;0.230621;0.230621;0.0211398;0.0961597;0.00603163;0.115574;0.115574;0.358025;0.00121976;0.57415;0.886497;
106500;0.017;0.104293;0.662888;0.0197876;0.234819;0.234819;0.0191242;0.0971879;0.00575855;0.119848;0.119848;0.423529;0.00264496;0.565751;0.883772;
107000;0.019;0.103488;0.662237;0.0200101;0.2385;0.2385;0.0186081;0.0972694;0.00597439;0.123543;0.123543;0.357895;0.00142712;0.517923;0.881727;
107500;0.0176;0.102392;0.662025;0.0197334;0.241715;0.241715;0.019684;0.0958545;0.00646004;0.134402;0.134402;0.431818;0.00203583;0.443042;0.878695;
108000;0.0172;0.102319;0.663463;0.019912;0.239836;0.239836;0.0215012;0.0963348;0.00613086;0.122375;0.122375;0.395349;0.003256;0.539958;0.880049;
108500;0.0164;0.101316;0.662998;0.0199237;0.243649;0.243649;0.0196213;0.0946298;0.00625828;0.125143;0.125143;0.365854;0.00223668;0.55815;0.876072;
109000;0.0194;0.100665;0.670687;0.0197076;0.24309;0.24309;0.0211257;0.0903627;0.00575274;0.122789;0.122789;0.391753;0.00203957;0.554333;0.878143;
109500;0.0182;0.0996164;0.680518;0.0195255;0.244944;0.244944;0.0213989;0.0901284;0.00560275;0.126769;0.126769;0.230769;0.00122224;0.500868;0.875697;
110000;0.017;0.0988702;0.679067;0.0195071;0.244782;0.244782;0.020006;0.0889403;0.00537167;0.123716;0.123716;0.447059;0.00203459;0.530162;0.876297;
110500;0.0166;0.0981462;0.683064;0.020045;0.250945;0.250945;0.019689;0.0864139;0.00608289;0.124158;0.124158;0.337349;0.00264389;0.468649;0.872324;
111000;0.0174;0.0970625;0.684674;0.0199441;0.253453;0.253453;0.0178824;0.0868277;0.0055742;0.125474;0.125474;0.37931;0.00162833;0.532131;0.869421;
111500;0.0174;0.0980408;0.685848;0.0202306;0.252241;0.252241;0.0166438;0.0888585;0.00554901;0.123936;0.123936;0.310345;0.00122125;0.500009;0.87084;
112000;0.0158;0.0968882;0.686428;0.0203075;0.255678;0.255678;0.0162798;0.0896101;0.00518255;0.123549;0.123549;0.405063;0.00162569;0.510715;0.867901;
112500;0.019;0.0956058;0.696355;0.0204341;0.263417;0.263417;0.017169;0.0879691;0.00559061;0.129542;0.129542;0.347368;0.00203874;0.553374;0.861481;
113000;0.0164;0.0964031;0.699386;0.0206398;0.263119;0.263119;0.0175248;0.0878959;0.00487755;0.124441;0.124441;0.353659;0.00142334;0.518135;0.862249;
113500;0.0156;0.0971014;0.707191;0.0204502;0.25881;0.25881;0.0173227;0.0857646;0.00515703;0.126023;0.126023;0.461538;0.00142219;0.49888;0.865501;
114000;0.0184;0.0973721;0.703934;0.0205457;0.260175;0.260175;0.0168742;0.0868575;0.00476345;0.124954;0.124954;0.326087;0.000814996;0.510281;0.865119;
114500;0.019;0.0976667;0.702707;0.0202477;0.255338;0.255338;0.0163165;0.0880684;0.00541094;0.12672;0.12672;0.263158;0.00183486;0.420459;0.87046;
115000;0.023;0.097314;0.708135;0.0205001;0.25871;0.25871;0.0165056;0.0849959;0.00547727;0.126424;0.126424;0.217391;0.00143296;0.533684;0.867013;
115500;0.0176;0.0977868;0.704466;0.0206257;0.259761;0.259761;0.0162584;0.0826454;0.00459224;0.124681;0.124681;0.386364;0.00162866;0.450556;0.86667;
116000;0.0172;0.0981703;0.710607;0.0206263;0.258365;0.258365;0.0163835;0.0847007;0.00414047;0.122302;0.122302;0.406977;0.0018315;0.521418;0.866711;
116500;0.0206;0.0977136;0.712258;0.0206881;0.260682;0.260682;0.0170792;0.0869962;0.00418913;0.125464;0.125464;0.320388;0.00204207;0.482266;0.866487;
117000;0.017;0.0977466;0.719097;0.0206398;0.257525;0.257525;0.0158893;0.0818106;0.00441856;0.120042;0.120042;0.470588;0.00142421;0.476277;0.86866;
117500;0.0172;0.0975489;0.716813;0.021022;0.262062;0.262062;0.0155065;0.0840092;0.00392633;0.119184;0.119184;0.406977;0.002442;0.46121;0.865725;
118000;0.0182;0.0980254;0.723196;0.0210825;0.261274;0.261274;0.0152349;0.0835596;0.00389499;0.119498;0.119498;0.21978;0.00142595;0.39738;0.866746;
118500;0.0182;0.0969497;0.725852;0.0212838;0.262814;0.262814;0.014877;0.0817884;0.00364311;0.116679;0.116679;0.351648;0.00224078;0.418692;0.866382;
119000;0.02;0.0973959;0.732232;0.0213921;0.264673;0.264673;0.0148186;0.0797795;0.00369569;0.114977;0.114977;0.35;0.00183673;0.484296;0.864818;
119500;0.018;0.0975329;0.735032;0.0214593;0.264031;0.264031;0.0143559;0.0793147;0.00425735;0.120158;0.120158;0.433333;0.00162933;0.334019;0.866558;
120000;0.016;0.0978403;0.738883;0.0214335;0.262801;0.262801;0.0141345;0.0743109;0.0047648;0.115097;0.115097;0.5375;0.00284553;0.471561;0.865458;
120500;0.021;0.097785;0.743638;0.0215063;0.26664;0.26664;0.0143609;0.0704297;0.00552189;0.124333;0.124333;0.295238;0.00143003;0.461002;0.862466;
121000;0.0186;0.0972859;0.744568;0.0213505;0.266071;0.266071;0.0145651;0.0689123;0.00425426;0.120229;0.120229;0.408602;0.0022417;0.440798;0.863274;
121500;0.0216;0.0966702;0.742101;0.02139;0.268543;0.268543;0.0151048;0.0664066;0.00448743;0.125615;0.125615;0.388889;0.00245298;0.403605;0.862973;
122000;0.0152;0.0977118;0.741851;0.021203;0.263354;0.263354;0.0155359;0.0656757;0.00425722;0.120825;0.120825;0.407895;0.00203087;0.39835;0.864049;
122500;0.0166;0.0973816;0.741815;0.0212898;0.262158;0.262158;0.0165872;0.0656466;0.00388095;0.115461;0.115461;0.421687;0.00264389;0.538963;0.864404;
123000;0.015;0.0974778;0.741523;0.0213408;0.265019;0.265019;0.0178019;0.063012;0.00411894;0.118588;0.118588;0.506667;0.00182741;0.465823;0.862157;
123500;0.0202;0.0962651;0.737857;0.0213502;0.269333;0.269333;0.0161008;0.0629063;0.00413266;0.124745;0.124745;0.336634;0.00244948;0.456263;0.859998;
124000;0.0188;0.0960554;0.734086;0.0212946;0.267136;0.267136;0.0159021;0.0618791;0.00377277;0.120096;0.120096;0.361702;0.00203832;0.545426;0.860497;
124500;0.0196;0.0968769;0.738682;0.0212914;0.267104;0.267104;0.0152336;0.0616991;0.00373448;0.126707;0.126707;0.234694;0.000611995;0.376564;0.862481;
125000;0.0192;0.0971551;0.734771;0.0214099;0.264475;0.264475;0.0150225;0.060874;0.00430774;0.120014;0.120014;0.239583;0.00203915;0.435148;0.864522;
125500;0.0184;0.0976867;0.735865;0.0215703;0.267402;0.267402;0.0151319;0.0618635;0.00403142;0.120245;0.120245;0.369565;0.00305623;0.491222;0.861371;
126000;0.0208;0.0973982;0.733016;0.0216276;0.265779;0.265779;0.0148434;0.0611785;0.00401214;0.119237;0.119237;0.307692;0.00102124;0.441727;0.864466;
126500;0.0206;0.0967375;0.736605;0.0217132;0.269121;0.269121;0.0147926;0.0612462;0.0042864;0.120428;0.120428;0.320388;0.00265469;0.512574;0.860173;
127000;0.0168;0.0967873;0.735975;0.0215964;0.269016;0.269016;0.0157766;0.0617533;0.00404096;0.12202;0.12202;0.297619;0.00305126;0.427664;0.859695;
127500;0.0218;0.0956988;0.741598;0.0214547;0.271303;0.271303;0.0150086;0.0639423;0.00416776;0.128914;0.128914;0.220183;0.00163566;0.363753;0.860192;
128000;0.0186;0.0961928;0.742041;0.0215216;0.267621;0.267621;0.0143429;0.0636825;0.00455292;0.11932;0.11932;0.354839;0.00183411;0.498951;0.860596;
128500;0.0188;0.0957163;0.741393;0.021232;0.268978;0.268978;0.015303;0.0623343;0.00464188;0.126444;0.126444;0.382979;0.000815328;0.491123;0.858592;
129000;0.015;0.0958883;0.744342;0.0211477;0.268163;0.268163;0.0160187;0.062766;0.00467776;0.123896;0.123896;0.466667;0.0022335;0.515368;0.858176;
129500;0.0152;0.0968096;0.74832;0.0213222;0.26529;0.26529;0.0162167;0.0644102;0.00477647;0.1248;0.1248;0.381579;0.0016247;0.40197;0.861756;
130000;0.0162;0.0966991;0.751329;0.0214215;0.26988;0.26988;0.0172579;0.067004;0.00488739;0.125086;0.125086;0.493827;0.00162635;0.39681;0.85932;
130500;0.019;0.0976916;0.750267;0.0215573;0.267857;0.267857;0.0171985;0.0653062;0.00492991;0.127099;0.127099;0.252632;0.00122324;0.408677;0.860726;
131000;0.0168;0.0979684;0.750905;0.0216044;0.266089;0.266089;0.0175142;0.0639814;0.00496786;0.124613;0.124613;0.380952;0.00162734;0.394884;0.862079;
131500;0.0206;0.097867;0.753935;0.021487;0.268503;0.268503;0.0170767;0.0646208;0.00510071;0.126639;0.126639;0.320388;0.00224627;0.471199;0.860392;
132000;0.0184;0.0971355;0.759582;0.0215213;0.266364;0.266364;0.0160795;0.0663251;0.00463839;0.121236;0.121236;0.467391;0.00264874;0.454461;0.862734;
132500;0.018;0.0977859;0.763781;0.0216019;0.270064;0.270064;0.0163884;0.064732;0.00481513;0.127843;0.127843;0.355556;0.00264766;0.433788;0.858792;
133000;0.0196;0.0973868;0.764655;0.021831;0.272109;0.272109;0.0169478;0.0643007;0.0046071;0.126529;0.126529;0.336735;0.000815993;0.453741;0.857348;
133500;0.015;0.0977634;0.763036;0.0218305;0.268061;0.268061;0.0182244;0.0645485;0.0041531;0.11708;0.11708;0.4;0.00162437;0.48527;0.859728;
134000;0.018;0.097809;0.762112;0.0216722;0.268664;0.268664;0.0188271;0.0640063;0.00402908;0.121551;0.121551;0.311111;0.00264766;0.424507;0.860781;
134500;0.0174;0.0972368;0.761381;0.0219617;0.273181;0.273181;0.0170747;0.0625691;0.00534913;0.124711;0.124711;0.413793;0.000814166;0.448878;0.85612;
135000;0.0214;0.0977669;0.759435;0.0222014;0.275896;0.275896;0.0178798;0.0642113;0.00378098;0.123651;0.123651;0.261682;0.00224811;0.439674;0.85589;
135500;0.019;0.0967581;0.761105;0.0220777;0.276246;0.276246;0.0169084;0.0635317;0.00402657;0.120522;0.120522;0.305263;0.00265036;0.454392;0.854905;
136000;0.019;0.0964383;0.757641;0.0222226;0.27929;0.27929;0.016383;0.0631804;0.00477693;0.127591;0.127591;0.378947;0.00265036;0.392274;0.853002;
136500;0.0192;0.0958915;0.754131;0.0222175;0.280937;0.280937;0.0169811;0.0627342;0.00403631;0.125738;0.125738;0.322917;0.00142741;0.410066;0.851156;
137000;0.0196;0.0963859;0.756132;0.022146;0.277126;0.277126;0.0165394;0.0618095;0.00407662;0.125664;0.125664;0.397959;0.00163199;0.424291;0.854561;
137500;0.0182;0.0959813;0.754853;0.0223092;0.281188;0.281188;0.0174015;0.0620985;0.0041755;0.12735;0.12735;0.351648;0.00346303;0.452701;0.849757;
138000;0.0202;0.0954406;0.751793;0.0223805;0.284077;0.284077;0.0171941;0.0625733;0.00410072;0.125428;0.125428;0.336634;0.00183711;0.440761;0.848661;
138500;0.0158;0.0941246;0.746274;0.0224471;0.287309;0.287309;0.0170654;0.060614;0.00415986;0.128472;0.128472;0.253165;0.00223532;0.436487;0.843413;
139000;0.0156;0.0942577;0.746621;0.0221938;0.283711;0.283711;0.0181749;0.0604184;0.00424892;0.125482;0.125482;0.320513;0.00142219;0.384339;0.84746;
139500;0.0196;0.0938089;0.75102;0.0223581;0.28391;0.28391;0.0175149;0.0609098;0.00476744;0.125808;0.125808;0.377551;0.00183599;0.516932;0.847032;
140000;0.0202;0.0927007;0.756106;0.0224081;0.290903;0.290903;0.0164993;0.0605188;0.00473247;0.129312;0.129312;0.336634;0.00183711;0.438179;0.842528;
140500;0.0158;0.0929286;0.755948;0.022138;0.28439;0.28439;0.0156036;0.0598727;0.0044003;0.124703;0.124703;0.367089;0.0018289;0.430257;0.846481;
141000;0.0192;0.0931728;0.754676;0.0224901;0.289204;0.289204;0.0167392;0.0585412;0.00484873;0.127215;0.127215;0.302083;0.00163132;0.437498;0.843678;
141500;0.0208;0.0929042;0.755895;0.0224819;0.291641;0.291641;0.0152894;0.0605474;0.00469384;0.128686;0.128686;0.346154;0.00224673;0.383954;0.843703;
142000;0.0198;0.0935676;0.756185;0.0224608;0.288731;0.288731;0.0172117;0.0601016;0.00490803;0.128518;0.128518;0.333333;0.00122424;0.399443;0.8449;
142500;0.018;0.0937877;0.75639;0.0225863;0.288012;0.288012;0.0168445;0.063156;0.00496166;0.124631;0.124631;0.255556;0.00325866;0.397304;0.845272;
143000;0.0184;0.0948133;0.759055;0.0226073;0.285425;0.285425;0.0186959;0.0629557;0.0049729;0.123822;0.123822;0.456522;0.00285249;0.474248;0.847004;
143500;0.0202;0.0938378;0.763087;0.0225448;0.285144;0.285144;0.0163292;0.0643765;0.00561958;0.125434;0.125434;0.217822;0.00142886;0.437824;0.84729;
144000;0.0216;0.0936328;0.764066;0.0224759;0.287324;0.287324;0.0160778;0.0626579;0.00510992;0.130999;0.130999;0.314815;0.00204415;0.433503;0.845948;
144500;0.0166;0.0933896;0.767261;0.0224417;0.286353;0.286353;0.0164302;0.0638751;0.0047339;0.124032;0.124032;0.409639;0.00203376;0.397468;0.846252;
145000;0.0202;0.0924727;0.766121;0.0224411;0.29073;0.29073;0.0147563;0.0654272;0.00441696;0.126958;0.126958;0.277228;0.00326597;0.423524;0.843471;
145500;0.0196;0.0924344;0.768469;0.0223379;0.28807;0.28807;0.0156611;0.0655167;0.00502339;0.124268;0.124268;0.44898;0.00122399;0.501013;0.844478;
146000;0.0192;0.0923736;0.769185;0.0222432;0.288656;0.288656;0.014756;0.0648406;0.00490925;0.12771;0.12771;0.28125;0.00244698;0.431617;0.844099;
146500;0.0228;0.0928585;0.772014;0.0222524;0.287973;0.287973;0.0156195;0.0656658;0.00446986;0.129684;0.129684;0.289474;0.00143266;0.352133;0.848039;
147000;0.0182;0.0929326;0.774615;0.0220292;0.286957;0.286957;0.0172989;0.0658564;0.00458539;0.12773;0.12773;0.208791;0.00142595;0.419286;0.844769;
147500;0.0202;0.093318;0.779346;0.0221268;0.289479;0.289479;0.0189499;0.0664874;0.00452025;0.129201;0.129201;0.356436;0.00326597;0.476727;0.843136;
148000;0.0168;0.0934247;0.778994;0.0222901;0.288671;0.288671;0.0190398;0.0640929;0.0047496;0.127799;0.127799;0.261905;0.00203417;0.42502;0.843078;
148500;0.0194;0.0940093;0.781401;0.0222586;0.287528;0.287528;0.0204676;0.0642294;0.00495428;0.128519;0.128519;0.28866;0.0014277;0.361482;0.846366;
149000;0.0224;0.0939825;0.778636;0.022175;0.289193;0.289193;0.0205784;0.0633737;0.00415428;0.130536;0.130536;0.258929;0.00286416;0.45187;0.844343;
149500;0.0186;0.0938869;0.77694;0.0220103;0.286998;0.286998;0.0211672;0.0643832;0.0042934;0.131275;0.131275;0.354839;0.00203791;0.414166;0.845151;
150000;0.0186;0.0929394;0.779471;0.0217868;0.287726;0.287726;0.0207069;0.0638734;0.00389006;0.130963;0.130963;0.258065;0.00142653;0.391068;0.844556;
150500;0.0168;0.0932162;0.778257;0.0219371;0.286466;0.286466;0.0204637;0.0641958;0.00381468;0.129137;0.129137;0.238095;0.00183076;0.349506;0.84554;
151000;0.0184;0.094243;0.772046;0.022199;0.288104;0.288104;0.0205222;0.0642683;0.00458283;0.132483;0.132483;0.315217;0.00224124;0.368363;0.844698;
151500;0.0204;0.0937316;0.773777;0.0220273;0.287724;0.287724;0.0206858;0.063913;0.00458029;0.133124;0.133124;0.362745;0.00204165;0.419898;0.844915;
152000;0.019;0.0947674;0.772437;0.0219704;0.283061;0.283061;0.020927;0.0646304;0.00471246;0.133398;0.133398;0.263158;0.00265036;0.400307;0.848189;
152500;0.019;0.0928397;0.771409;0.0219874;0.292251;0.292251;0.0202522;0.0648153;0.00401907;0.136298;0.136298;0.463158;0.00285423;0.409371;0.840986;
153000;0.0208;0.093882;0.776306;0.0219635;0.288734;0.288734;0.0213216;0.0640758;0.00418221;0.132231;0.132231;0.326923;0.00224673;0.492922;0.843043;
153500;0.0174;0.0938221;0.773899;0.0218835;0.284818;0.284818;0.0212557;0.0640293;0.00514956;0.134846;0.134846;0.367816;0.00183187;0.409402;0.845692;
154000;0.022;0.093053;0.776072;0.0219005;0.286335;0.286335;0.0198027;0.0638902;0.0057389;0.134689;0.134689;0.3;0.00184049;0.398656;0.847057;
154500;0.0168;0.092582;0.775103;0.022108;0.290574;0.290574;0.0194406;0.0655136;0.00483842;0.132105;0.132105;0.345238;0.00203417;0.299701;0.8432;
155000;0.0214;0.0933735;0.775926;0.021794;0.285822;0.285822;0.019701;0.067001;0.00490577;0.133175;0.133175;0.233645;0.00245248;0.374699;0.847283;
155500;0.0226;0.0927127;0.775366;0.0217505;0.286318;0.286318;0.019209;0.0678908;0.00548118;0.134303;0.134303;0.362832;0.00204625;0.442567;0.846294;
156000;0.0188;0.0921131;0.774358;0.0213061;0.283056;0.283056;0.0192779;0.0670036;0.00459579;0.129903;0.129903;0.351064;0.00122299;0.458876;0.84732;
156500;0.0204;0.0911994;0.776545;0.0211285;0.284857;0.284857;0.0194037;0.0686805;0.00499124;0.131517;0.131517;0.362745;0.00204165;0.452403;0.846524;
157000;0.0222;0.0904876;0.775223;0.0210519;0.283764;0.283764;0.018054;0.0682352;0.00580609;0.135571;0.135571;0.234234;0.00143179;0.45164;0.847411;
157500;0.0216;0.0897912;0.77398;0.0209814;0.286552;0.286552;0.0191938;0.0683459;0.0059725;0.13734;0.13734;0.259259;0.00306623;0.444521;0.844899;
158000;0.0228;0.0899895;0.779701;0.0210552;0.286417;0.286417;0.0188918;0.0670039;0.00561441;0.138815;0.138815;0.263158;0.00225133;0.37784;0.846654;
158500;0.0182;0.091398;0.774759;0.0208155;0.280298;0.280298;0.0195426;0.0678005;0.00546002;0.132401;0.132401;0.340659;0.00162966;0.393093;0.849995;
159000;0.0134;0.0912146;0.770699;0.0206399;0.275499;0.275499;0.0185135;0.0684911;0.00533085;0.127773;0.127773;0.552239;0.00202716;0.437337;0.852162;
159500;0.0184;0.0896056;0.769019;0.020611;0.280165;0.280165;0.0173086;0.067923;0.00515387;0.130024;0.130024;0.347826;0.00183374;0.447852;0.849683;
160000;0.018;0.0896519;0.766789;0.0207276;0.277673;0.277673;0.0173545;0.0678573;0.00515941;0.121744;0.121744;0.422222;0.00142566;0.461198;0.852682;
160500;0.0184;0.0890145;0.768744;0.0206753;0.281646;0.281646;0.0173436;0.0670717;0.00508965;0.127036;0.127036;0.402174;0.00264874;0.472015;0.848775;
161000;0.0198;0.0878767;0.764223;0.0207235;0.28736;0.28736;0.0162028;0.0662851;0.00553268;0.135921;0.135921;0.292929;0.00346868;0.384726;0.845223;
161500;0.018;0.0876543;0.765414;0.0207434;0.286888;0.286888;0.0155974;0.0659042;0.00551527;0.132388;0.132388;0.344444;0.00183299;0.400057;0.844726;
162000;0.0188;0.0895231;0.769042;0.0205011;0.278754;0.278754;0.0160069;0.0642863;0.00568093;0.130602;0.130602;0.37234;0.00203832;0.42502;0.851421;
162500;0.0226;0.0896847;0.769941;0.0203801;0.277968;0.277968;0.016119;0.0631433;0.00575341;0.134171;0.134171;0.318584;0.00225087;0.418359;0.853771;
163000;0.0206;0.0889212;0.769904;0.0204809;0.277426;0.277426;0.0140691;0.0627501;0.00647271;0.1312;0.1312;0.398058;0.00061262;0.419399;0.853293;
163500;0.02;0.0895525;0.77015;0.020742;0.282572;0.282572;0.0137618;0.0628379;0.00564958;0.132909;0.132909;0.38;0.00244898;0.410734;0.849442;
164000;0.0222;0.0889979;0.775168;0.0202563;0.278713;0.278713;0.0146259;0.0629518;0.00570009;0.134557;0.134557;0.279279;0.00245449;0.449166;0.851563;
164500;0.0202;0.0892885;0.780822;0.0204107;0.277984;0.277984;0.0149861;0.0627877;0.00557739;0.130248;0.130248;0.376238;0.00183711;0.461245;0.851979;
165000;0.0194;0.0890553;0.776432;0.020848;0.285366;0.285366;0.0144296;0.0626137;0.00531313;0.135213;0.135213;0.340206;0.00163165;0.282521;0.848283;
165500;0.0178;0.0889367;0.772852;0.0207693;0.283418;0.283418;0.014793;0.0604935;0.00534838;0.131695;0.131695;0.337079;0.00346162;0.417396;0.847349;
166000;0.0184;0.0899736;0.772442;0.0209025;0.282375;0.282375;0.0167532;0.0598124;0.00601301;0.130345;0.130345;0.369565;0.00244499;0.474571;0.847818;
166500;0.0208;0.0902013;0.772119;0.0212833;0.284972;0.284972;0.0153687;0.0598646;0.00595876;0.132639;0.132639;0.432692;0.00204248;0.435713;0.847314;
167000;0.0216;0.0907921;0.771042;0.0214883;0.290624;0.290624;0.0167171;0.0600369;0.00549174;0.137189;0.137189;0.342593;0.00286182;0.402949;0.843056;
167500;0.0206;0.0901706;0.775493;0.0214858;0.288284;0.288284;0.015099;0.0582884;0.00550641;0.131567;0.131567;0.339806;0.00122524;0.461225;0.843433;
168000;0.0198;0.0895629;0.780277;0.0216257;0.292246;0.292246;0.0152411;0.0569089;0.00578158;0.133988;0.133988;0.292929;0.00122424;0.440149;0.840102;
168500;0.0176;0.0901119;0.783186;0.0217341;0.289853;0.289853;0.0150963;0.0572243;0.00599669;0.132532;0.132532;0.420455;0.00223941;0.422872;0.842241;
169000;0.021;0.0905725;0.784501;0.0215425;0.288405;0.288405;0.0154825;0.056821;0.00605216;0.135771;0.135771;0.304762;0.00183861;0.423862;0.84405;
169500;0.0156;0.0908141;0.784647;0.021526;0.286075;0.286075;0.0158958;0.0590577;0.00560349;0.131405;0.131405;0.397436;0.00243803;0.410309;0.844497;
170000;0.0204;0.0919106;0.784326;0.0212998;0.280321;0.280321;0.0167392;0.05777;0.00564137;0.130416;0.130416;0.333333;0.000612495;0.395871;0.851305;
170500;0.0214;0.0907263;0.785075;0.0215219;0.286957;0.286957;0.0165284;0.0591125;0.00547634;0.132248;0.132248;0.280374;0.00265686;0.383517;0.846758;
171000;0.0162;0.0899729;0.784825;0.0214476;0.287575;0.287575;0.016477;0.0584833;0.00559121;0.132978;0.132978;0.444444;0.00060988;0.403843;0.84335;
171500;0.0176;0.0894548;0.785179;0.0216362;0.292778;0.292778;0.016674;0.0575943;0.00513525;0.127814;0.127814;0.352273;0.00305375;0.40311;0.840532;
172000;0.0176;0.0898427;0.787296;0.021639;0.294019;0.294019;0.0168357;0.057147;0.00442203;0.131034;0.131034;0.431818;0.00223941;0.359643;0.840234;
172500;0.0204;0.0896068;0.786467;0.0217743;0.291674;0.291674;0.015825;0.0566986;0.00454985;0.127278;0.127278;0.431373;0.00204165;0.415423;0.843187;
173000;0.0176;0.0892744;0.783598;0.0220953;0.29616;0.29616;0.0150392;0.0580311;0.00458638;0.127593;0.127593;0.340909;0.00325733;0.300116;0.840141;
173500;0.0172;0.0890311;0.785427;0.0221233;0.297219;0.297219;0.0146525;0.0582945;0.00464118;0.126171;0.126171;0.453488;0.0018315;0.341805;0.838511;
174000;0.0216;0.0883421;0.787438;0.0221121;0.300721;0.300721;0.0153175;0.0571262;0.0051636;0.131346;0.131346;0.287037;0.0026574;0.344769;0.836765;
174500;0.0242;0.0876494;0.788368;0.0220299;0.302385;0.302385;0.0143335;0.0556384;0.00406073;0.131985;0.131985;0.38843;0.00225456;0.361996;0.83665;
175000;0.0154;0.0869871;0.790744;0.0222578;0.30184;0.30184;0.0142337;0.0586408;0.00442526;0.121632;0.121632;0.415584;0.00223441;0.436893;0.832355;
175500;0.0252;0.0864494;0.792835;0.0223341;0.310532;0.310532;0.0136466;0.0572315;0.00456857;0.134842;0.134842;0.253968;0.00123102;0.36608;0.828875;
176000;0.0226;0.0877994;0.794444;0.0223437;0.303275;0.303275;0.0143656;0.0579791;0.00462698;0.127386;0.127386;0.345133;0.00204625;0.392621;0.834652;
176500;0.019;0.0876934;0.792652;0.0222483;0.301158;0.301158;0.0139549;0.056866;0.0040056;0.120559;0.120559;0.273684;0.00122324;0.406751;0.835057;
177000;0.0208;0.0872828;0.794358;0.0222898;0.302502;0.302502;0.0131781;0.0566133;0.00400076;0.12326;0.12326;0.307692;0.00122549;0.403788;0.834383;
177500;0.0216;0.0873587;0.794359;0.0222661;0.305576;0.305576;0.0138565;0.0564215;0.0051818;0.129078;0.129078;0.37963;0.00183974;0.363031;0.832955;
178000;0.0224;0.0878277;0.793175;0.0222895;0.301623;0.301623;0.0149729;0.0572746;0.00433758;0.122878;0.122878;0.294643;0.00245499;0.483451;0.834623;
178500;0.0162;0.0872185;0.791045;0.0222274;0.302881;0.302881;0.0150352;0.0572454;0.00416389;0.121984;0.121984;0.296296;0.00162635;0.398662;0.832052;
179000;0.02;0.0875496;0.794618;0.0222189;0.303676;0.303676;0.0154053;0.0575296;0.00387417;0.125606;0.125606;0.3;0.00285714;0.42914;0.832926;
179500;0.0218;0.0870294;0.799771;0.022234;0.303193;0.303193;0.0150444;0.0571645;0.0047818;0.127004;0.127004;0.33945;0.00163566;0.412135;0.833855;
180000;0.0182;0.085683;0.801272;0.0219864;0.306095;0.306095;0.0142463;0.055801;0.00420169;0.126854;0.126854;0.307692;0.00224078;0.340617;0.831119;
180500;0.0222;0.0861153;0.800005;0.0218747;0.30478;0.30478;0.0137982;0.0552484;0.00413162;0.131912;0.131912;0.315315;0.00286357;0.337329;0.834159;
181000;0.02;0.0865802;0.800092;0.0218749;0.303407;0.303407;0.0144508;0.054168;0.00388123;0.127332;0.127332;0.39;0.00163265;0.416086;0.83283;
181500;0.0188;0.0869448;0.80034;0.022118;0.303279;0.303279;0.0144887;0.0558257;0.00366357;0.121651;0.121651;0.361702;0.00244598;0.414555;0.833391;
182000;0.022;0.0867447;0.800046;0.0221235;0.306393;0.306393;0.0142132;0.0558231;0.00371835;0.130476;0.130476;0.263636;0.00102249;0.333251;0.832114;
182500;0.018;0.0858217;0.798423;0.0219554;0.305242;0.305242;0.0140601;0.0559878;0.00446727;0.127205;0.127205;0.255556;0.00244399;0.320556;0.832221;
183000;0.0172;0.0848269;0.798894;0.021811;0.303965;0.303965;0.0134199;0.0553638;0.00482052;0.12084;0.12084;0.383721;0.001221;0.413312;0.832246;
183500;0.019;0.0843533;0.801409;0.0218254;0.306421;0.306421;0.0125857;0.0542188;0.00446967;0.124961;0.124961;0.410526;0.00183486;0.345968;0.832112;
184000;0.0172;0.0840601;0.800932;0.0215127;0.30661;0.30661;0.0129726;0.0537442;0.00411686;0.12366;0.12366;0.465116;0.00407;0.380707;0.830774;
184500;0.0184;0.0838253;0.799793;0.0215139;0.303366;0.303366;0.0131987;0.0540319;0.00438399;0.118309;0.118309;0.423913;0.00224124;0.396402;0.834072;
185000;0.0202;0.0844017;0.801389;0.0215652;0.305991;0.305991;0.0142799;0.0554834;0.00335117;0.124313;0.124313;0.316832;0.00183711;0.388723;0.83178;
185500;0.0192;0.0842409;0.798578;0.0214812;0.307319;0.307319;0.0142112;0.0552335;0.00324351;0.125934;0.125934;0.3125;0.00244698;0.335537;0.831081;
186000;0.023;0.0833114;0.799555;0.0213813;0.311174;0.311174;0.0136899;0.0556752;0.00313538;0.128386;0.128386;0.4;0.00204708;0.39555;0.828506;
186500;0.0198;0.0834362;0.798758;0.0216263;0.308746;0.308746;0.0129412;0.0548881;0.00313789;0.121191;0.121191;0.333333;0.0020404;0.473047;0.828289;
187000;0.0194;0.0833787;0.800767;0.0217709;0.310338;0.310338;0.0133823;0.054136;0.00342258;0.121622;0.121622;0.463918;0.00203957;0.429647;0.827917;
187500;0.0206;0.0836096;0.80234;0.0219026;0.314173;0.314173;0.0146459;0.0543705;0.00318353;0.126218;0.126218;0.320388;0.00183786;0.436085;0.823895;
188000;0.0202;0.0841108;0.800792;0.022013;0.311037;0.311037;0.0145321;0.055416;0.00325573;0.121609;0.121609;0.316832;0.00122474;0.368243;0.828206;
188500;0.0232;0.083771;0.801829;0.0220338;0.31156;0.31156;0.0137115;0.0551315;0.00297312;0.120559;0.120559;0.25;0.00266175;0.430432;0.828188;
189000;0.0212;0.0830918;0.802409;0.0221298;0.317018;0.317018;0.0135443;0.0543145;0.00291201;0.124027;0.124027;0.349057;0.00143032;0.347073;0.824308;
189500;0.0184;0.0838123;0.802698;0.0221261;0.314879;0.314879;0.0134978;0.0553025;0.00293115;0.124253;0.124253;0.380435;0.00142624;0.355888;0.824341;
190000;0.017;0.0842644;0.804995;0.0221819;0.313719;0.313719;0.014393;0.0560983;0.00287648;0.123038;0.123038;0.4;0.00101729;0.30388;0.825433;
190500;0.0208;0.0835322;0.805991;0.022368;0.317757;0.317757;0.0144795;0.0564068;0.00323218;0.123864;0.123864;0.298077;0.00204248;0.408553;0.821839;
191000;0.0218;0.084154;0.798372;0.0223072;0.315067;0.315067;0.0141503;0.0566837;0.00316041;0.125496;0.125496;0.211009;0.00184011;0.341759;0.825381;
191500;0.0212;0.0844083;0.799263;0.0224756;0.316858;0.316858;0.0140875;0.0581749;0.00298627;0.124529;0.124529;0.198113;0.00163465;0.39809;0.822506;
192000;0.0228;0.0849967;0.801805;0.0224222;0.313381;0.313381;0.0143397;0.0557466;0.00310756;0.120733;0.120733;0.27193;0.001842;0.426616;0.8263;
192500;0.0216;0.0847283;0.802305;0.022425;0.315718;0.315718;0.0147198;0.0567757;0.00277778;0.123988;0.123988;0.277778;0.00163532;0.455182;0.822762;
193000;0.02;0.0855065;0.803766;0.0225086;0.313791;0.313791;0.0147587;0.0560556;0.00354269;0.125096;0.125096;0.37;0.00244898;0.380016;0.825558;
193500;0.0238;0.0849646;0.803823;0.0224497;0.313967;0.313967;0.0137118;0.0552197;0.00325203;0.124052;0.124052;0.252101;0.00204876;0.399827;0.826436;
194000;0.0202;0.0851234;0.810167;0.0224201;0.313561;0.313561;0.0139448;0.0536667;0.00399453;0.123926;0.123926;0.346535;0.00204123;0.400529;0.825442;
194500;0.0204;0.0843396;0.807227;0.0224564;0.314923;0.314923;0.0134188;0.0556859;0.0042071;0.124482;0.124482;0.284314;0.00204165;0.380082;0.824626;
195000;0.0174;0.0842758;0.80937;0.0222764;0.311448;0.311448;0.0135716;0.0553733;0.00361448;0.117616;0.117616;0.37931;0.00203542;0.416409;0.826588;
195500;0.0172;0.0839374;0.807871;0.0222987;0.311088;0.311088;0.0126738;0.0562348;0.00296573;0.114541;0.114541;0.325581;0.0022385;0.374176;0.827694;
196000;0.0188;0.0839693;0.807992;0.0223157;0.311313;0.311313;0.0123586;0.0577572;0.00305926;0.116947;0.116947;0.319149;0.000815328;0.403231;0.827421;
196500;0.0182;0.0840762;0.806438;0.0222492;0.309255;0.309255;0.013145;0.0594729;0.00280484;0.111393;0.111393;0.417582;0.0028519;0.468905;0.828917;
197000;0.0194;0.0837787;0.806897;0.0222081;0.311418;0.311418;0.0129512;0.0597427;0.00315617;0.115878;0.115878;0.42268;0.00122374;0.407783;0.828136;
197500;0.0196;0.0841186;0.803205;0.0223451;0.315039;0.315039;0.0139414;0.0606662;0.00380114;0.120448;0.120448;0.336735;0.00183599;0.447622;0.823165;
198000;0.0184;0.0839785;0.802548;0.0223472;0.312535;0.312535;0.0134058;0.0603534;0.00402006;0.120813;0.120813;0.228261;0.00162999;0.390028;0.825802;
198500;0.0198;0.0837773;0.801134;0.0223522;0.314702;0.314702;0.0130097;0.0619674;0.0039453;0.12141;0.12141;0.323232;0.0020404;0.397824;0.824667;
199000;0.0168;0.0850475;0.799593;0.0223142;0.307302;0.307302;0.0146028;0.0618889;0.00410834;0.115726;0.115726;0.261905;0.00183076;0.408049;0.829823;
199500;0.024;0.0847461;0.796518;0.0221932;0.312227;0.312227;0.0143138;0.0609138;0.00324103;0.125566;0.125566;0.258333;0.00245902;0.350332;0.82932;
200000;0.021;0.0842286;0.799789;0.0222148;0.312483;0.312483;0.0133839;0.0616411;0.00313196;0.120082;0.120082;0.304762;0.00265577;0.390384;0.827465;
