

seed;370703496;
Npop;5000;
mu_feedback;0.0005;
mu_stress_influx;0.0005;
mu_influx;0.0005;
mu_hstart;0.0005;
sP2NP_1;0.19;
sNP2P_1;0.01;
init_feedback;0.1;
init_stress_influx;0.4;
init_influx;0.05;
init_hstart;0.5;
cue_P;0;
cue_NP;0;
s0;0;
ad;0.5;
aP;1;
mort_background;0.002;
dmax;1;
zmax;1;
r;1;
u;1;
p_att;0.5;
NumGen;200000;
base_name;sim_stress_17_02_2020_152622_4;
generation;freq_P;mean_feedback;mean_stress_influx;mean_influx;mean_hormone;mean_damage;sd_feedback;sd_stress_influx;sd_influx;sd_hormone;sd_damage;prop_dead_P;prop_dead_NP;mean_fecundity_P;mean_fecundity_NP;
0;0.0426;0.1;0.4;0.05;0.50568;0.50568;-nan;-nan;-nan;0.0473259;0.0473259;0.347418;0.00167119;0.210034;0.292893;
500;0.0278;0.0999558;0.400029;0.0500153;0.522152;0.522152;0.00123912;0.00218282;0.00254558;0.083624;0.083624;0.201439;0.00185147;0.0986005;0.284266;
1000;0.0308;0.100025;0.399921;0.0499009;0.521962;0.521962;0.0022794;0.00192424;0.00261116;0.086734;0.086734;0.142857;0.0018572;0.101476;0.28513;
1500;0.024;0.100152;0.399939;0.0493331;0.513504;0.513504;0.00344973;0.00289965;0.00416671;0.0865082;0.0865082;0.183333;0.00122951;0.102917;0.290074;
2000;0.0296;0.100582;0.399849;0.0466614;0.488254;0.488254;0.00670745;0.00368765;0.00883189;0.114365;0.114365;0.182432;0.00247321;0.127829;0.312222;
2500;0.0254;0.101556;0.399863;0.0401664;0.426109;0.426109;0.0119672;0.00453031;0.014378;0.158374;0.158374;0.149606;0.0016417;0.200808;0.369773;
3000;0.0156;0.103813;0.400386;0.0226458;0.258181;0.258181;0.0189093;0.00941934;0.0182141;0.19041;0.19041;0.320513;0.00243803;0.286134;0.563439;
3500;0.0132;0.106537;0.400407;0.00709257;0.112957;0.112957;0.0251025;0.0121309;0.0126583;0.15422;0.15422;0.651515;0.0024321;0.593716;0.776242;
4000;0.0118;0.106732;0.400304;0.00135623;0.0609623;0.0609623;0.0257146;0.0119923;0.00584619;0.122149;0.122149;0.915254;0.00202388;0.760629;0.865814;
4500;0.0114;0.107897;0.400415;0.000340033;0.0521248;0.0521248;0.027147;0.0101909;0.00316949;0.112709;0.112709;0.754386;0.00101153;0.646664;0.881564;
5000;0.0106;0.113244;0.400109;0.000223577;0.0482752;0.0482752;0.0342424;0.0138945;0.00358607;0.108143;0.108143;0.641509;0.001415;0.834198;0.885966;
5500;0.0074;0.115686;0.400306;0.000135757;0.0460345;0.0460345;0.036573;0.0158515;0.0034655;0.106419;0.106419;0.783784;0.00322386;0.713392;0.891166;
6000;0.0114;0.119583;0.399989;9.94681e-05;0.0437731;0.0437731;0.0404394;0.0174784;0.00306444;0.103646;0.103646;0.508772;0.00161845;0.778753;0.89521;
6500;0.0132;0.12275;0.401237;9.60885e-05;0.0464783;0.0464783;0.0441079;0.0155019;0.00282898;0.109895;0.109895;0.80303;0.0016214;0.774353;0.896304;
7000;0.01;0.124597;0.401465;7.40233e-05;0.0458197;0.0458197;0.0450888;0.0156015;0.00216645;0.107762;0.107762;0.9;0.0030303;0.771983;0.896662;
7500;0.0082;0.131002;0.40028;4.63121e-05;0.0421529;0.0421529;0.0488895;0.0156047;0.00177824;0.103881;0.103881;0.902439;0.00221819;0.813818;0.902737;
8000;0.0092;0.13323;0.400578;3.56126e-05;0.0424359;0.0424359;0.0513768;0.017876;0.00165071;0.102397;0.102397;0.956522;0.002826;0.842865;0.902192;
8500;0.008;0.140909;0.400114;2.98102e-05;0.0387828;0.0387828;0.0559895;0.0197329;0.00177188;0.098897;0.098897;1.15;0.00181452;0.788482;0.909487;
9000;0.0116;0.147248;0.399774;6.07247e-05;0.0409225;0.0409225;0.0602115;0.0173914;0.00187071;0.104131;0.104131;0.862069;0.00202347;0.804653;0.908718;
9500;0.009;0.151944;0.399682;7.18117e-05;0.0379742;0.0379742;0.0617959;0.0147878;0.00220237;0.0983201;0.0983201;0.822222;0.0024218;0.840479;0.911868;
10000;0.0112;0.154391;0.399312;1.45229e-05;0.0357816;0.0357816;0.0621659;0.015017;0.000753472;0.0968685;0.0968685;0.875;0.00262945;0.888167;0.917952;
10500;0.0102;0.158075;0.399578;5.86656e-05;0.0353407;0.0353407;0.0646809;0.0120755;0.00234797;0.0940184;0.0940184;0.862745;0.00141443;0.92852;0.916946;
11000;0.012;0.165001;0.40041;5.83079e-06;0.0363799;0.0363799;0.0664932;0.0125309;0.000412258;0.0983117;0.0983117;0.733333;0.00161943;0.838428;0.917851;
11500;0.0114;0.177008;0.40086;2.5179e-05;0.0333221;0.0333221;0.0691774;0.0120867;0.00178025;0.0953428;0.0953428;0.824561;0.00222537;0.819445;0.926396;
12000;0.0088;0.183347;0.401225;1.98711e-05;0.0326879;0.0326879;0.071143;0.012268;0.00099776;0.0924341;0.0924341;0.863636;0.00302663;0.861732;0.925651;
12500;0.0088;0.188826;0.400455;0.000107608;0.0282255;0.0282255;0.0711016;0.0142119;0.00210343;0.0852528;0.0852528;0.977273;0.00121065;0.908257;0.934168;
13000;0.011;0.196171;0.400443;9.57918e-05;0.0292529;0.0292529;0.0709617;0.0150373;0.00187321;0.0878503;0.0878503;0.745455;0.00101112;0.823381;0.933013;
13500;0.0092;0.208833;0.400961;5.95505e-05;0.0295476;0.0295476;0.071088;0.0139489;0.00114522;0.0891837;0.0891837;1;0.00242229;0.92345;0.935467;
14000;0.0106;0.217185;0.402081;6.06524e-05;0.0265973;0.0265973;0.0717313;0.0147697;0.0013599;0.0846469;0.0846469;0.603774;0.00283;0.782822;0.940474;
14500;0.01;0.227576;0.402677;9.46106e-06;0.0251143;0.0251143;0.0705951;0.0153793;0.000225599;0.0822479;0.0822479;0.8;0.00141414;0.843832;0.943587;
15000;0.0092;0.234842;0.40391;3.57261e-05;0.0227029;0.0227029;0.0706141;0.01759;0.00124044;0.0788403;0.0788403;1.02174;0.00181671;0.913125;0.95024;
15500;0.0118;0.236858;0.404614;1.99528e-05;0.0236505;0.0236505;0.0667946;0.0182517;0.000452838;0.080692;0.080692;0.661017;0.00242866;0.856116;0.947376;
16000;0.0076;0.242544;0.404446;6.02948e-05;0.0222111;0.0222111;0.0658283;0.019124;0.001585;0.0751085;0.0751085;0.763158;0.00181378;0.880124;0.947227;
16500;0.0092;0.24974;0.404563;8.71219e-05;0.0227265;0.0227265;0.064862;0.018731;0.00241873;0.0771521;0.0771521;0.804348;0.000605571;0.898095;0.946941;
17000;0.0086;0.254195;0.403177;3.78833e-05;0.0210013;0.0210013;0.0634575;0.0165994;0.00151377;0.0767631;0.0767631;0.883721;0.00121041;0.845514;0.952971;
17500;0.01;0.259841;0.403595;2.39512e-05;0.0211239;0.0211239;0.0620674;0.0171163;0.000943647;0.0762303;0.0762303;0.84;0.00141414;0.905652;0.95336;
18000;0.0106;0.261757;0.404082;4.83728e-05;0.0228186;0.0228186;0.0617613;0.0196597;0.00145047;0.0817242;0.0817242;1.01887;0.00222357;0.845444;0.953312;
18500;0.01;0.264677;0.40531;8.3075e-05;0.0209092;0.0209092;0.0622942;0.0214728;0.00200338;0.0759834;0.0759834;1.04;0.00161616;0.910569;0.955923;
19000;0.0084;0.266393;0.403435;7.30967e-05;0.0198569;0.0198569;0.062782;0.0188879;0.0016173;0.0754153;0.0754153;1;0.00100847;0.833047;0.956609;
19500;0.0094;0.273127;0.403155;7.42626e-05;0.0192575;0.0192575;0.0610256;0.0162451;0.00199687;0.0742224;0.0742224;0.808511;0.00262467;0.86219;0.95902;
20000;0.0096;0.274955;0.403878;7.6319e-05;0.0207018;0.0207018;0.0613147;0.0198961;0.00136753;0.0755959;0.0755959;0.8125;0.00222132;0.886538;0.955688;
20500;0.0076;0.275644;0.403099;9.31864e-05;0.0210185;0.0210185;0.061401;0.0161251;0.0022491;0.0767178;0.0767178;1.47368;0.00241838;0.904517;0.957561;
21000;0.0102;0.281783;0.40277;3.40951e-05;0.0209431;0.0209431;0.0592556;0.0181224;0.00153376;0.0787183;0.0787183;1.15686;0.00202061;0.914157;0.959125;
21500;0.0128;0.28693;0.403266;5.06015e-05;0.0177414;0.0177414;0.0577017;0.0200676;0.00176804;0.0704302;0.0704302;0.59375;0.00202593;0.940581;0.961591;
22000;0.0098;0.287681;0.40351;3.50459e-05;0.0183747;0.0183747;0.0569837;0.0199608;0.00105986;0.0724723;0.0724723;0.918367;0.0010099;0.902689;0.961159;
22500;0.0084;0.288571;0.403794;1.74784e-05;0.0190433;0.0190433;0.0603121;0.0198974;0.000618955;0.0727747;0.0727747;0.97619;0.00201694;0.837515;0.960358;
23000;0.0104;0.292656;0.403982;3.13691e-05;0.0171959;0.0171959;0.0573377;0.0191225;0.000864749;0.0678336;0.0678336;0.634615;0.00343573;0.933311;0.962037;
23500;0.009;0.29381;0.403285;6.32791e-06;0.0179119;0.0179119;0.0592374;0.0185479;0.000236188;0.0716215;0.0716215;0.755556;0.0012109;0.870876;0.960956;
24000;0.0062;0.298386;0.402373;1.57713e-05;0.0162414;0.0162414;0.0592241;0.0166492;0.000445726;0.0667085;0.0667085;1;0.00201248;0.919795;0.963743;
24500;0.01;0.296011;0.401778;4.78891e-05;0.0189276;0.0189276;0.0571763;0.0174912;0.00113136;0.0724415;0.0724415;1.04;0.0020202;0.912487;0.961105;
25000;0.0084;0.300906;0.402584;4.11101e-05;0.0183585;0.0183585;0.0557493;0.0188958;0.00197628;0.0709468;0.0709468;1;0.00161355;0.898617;0.960733;
25500;0.0112;0.307179;0.402452;0.00021252;0.0172558;0.0172558;0.0559227;0.021226;0.003366;0.0674024;0.0674024;0.660714;0.000606796;0.922238;0.960292;
26000;0.0102;0.310592;0.403559;3.03048e-05;0.0163076;0.0163076;0.0529177;0.0230986;0.000830513;0.06807;0.06807;0.901961;0.00161649;0.904306;0.965935;
26500;0.0084;0.312193;0.402412;3.72184e-05;0.0165234;0.0165234;0.050689;0.0220252;0.00101456;0.0674967;0.0674967;0.880952;0.00161355;0.892258;0.964932;
27000;0.0094;0.313574;0.402296;4.29741e-05;0.0164247;0.0164247;0.0507852;0.0204498;0.0016033;0.0670115;0.0670115;0.808511;0.00141328;0.936493;0.963995;
27500;0.0122;0.31433;0.403906;2.67708e-06;0.0157077;0.0157077;0.0511386;0.0230792;8.46143e-05;0.0649014;0.0649014;0.57377;0.00161976;0.921142;0.965462;
28000;0.0094;0.314761;0.404979;1.92926e-05;0.018526;0.018526;0.0467945;0.0250074;0.00100929;0.0754825;0.0754825;1.23404;0.00222088;0.898626;0.965363;
28500;0.0134;0.317442;0.403419;3.27978e-05;0.0173922;0.0173922;0.0452169;0.0241974;0.00087644;0.0715325;0.0715325;0.850746;0.0036489;0.959596;0.966672;
29000;0.0112;0.318367;0.402868;0.000123497;0.0165225;0.0165225;0.0452159;0.0230228;0.00206629;0.0675732;0.0675732;0.642857;0.00222492;0.891592;0.965433;
29500;0.009;0.319519;0.404098;4.39031e-05;0.0165825;0.0165825;0.0431864;0.0242624;0.00096044;0.0685586;0.0685586;1.15556;0.00161453;0.935994;0.966455;
30000;0.009;0.319319;0.403156;0.000165841;0.016041;0.016041;0.0412243;0.0245044;0.00394083;0.0673535;0.0673535;0.844444;0.0024218;0.909364;0.966148;
30500;0.0118;0.320885;0.404552;6.62364e-05;0.0170935;0.0170935;0.0431396;0.025904;0.00183647;0.0702272;0.0702272;0.847458;0.00222627;0.934592;0.965785;
31000;0.0078;0.32641;0.404832;0.000129025;0.0166061;0.0166061;0.0417386;0.0278579;0.00248708;0.0681893;0.0681893;0.923077;0.00342673;0.949467;0.965138;
31500;0.0086;0.326145;0.404729;4.52093e-05;0.0161574;0.0161574;0.0420825;0.028591;0.000826755;0.0693825;0.0693825;1.2093;0.00121041;0.872821;0.967619;
32000;0.01;0.326376;0.402935;1.68941e-05;0.0158186;0.0158186;0.043237;0.0320593;0.00052944;0.0673776;0.0673776;0.98;0.00222222;0.898824;0.968092;
32500;0.0092;0.3273;0.401996;0.000108312;0.016752;0.016752;0.0436237;0.0320837;0.00240133;0.072039;0.072039;1.1087;0.00262414;0.910962;0.96798;
33000;0.0116;0.329063;0.404963;8.34187e-06;0.0155385;0.0155385;0.0452342;0.0291622;0.000263661;0.0670237;0.0670237;0.724138;0.00283286;0.911174;0.968835;
33500;0.0108;0.328193;0.404506;6.95657e-05;0.0155395;0.0155395;0.0449632;0.0296785;0.00150399;0.0656975;0.0656975;0.62963;0.00202184;0.917665;0.96616;
34000;0.008;0.32723;0.402243;5.3479e-05;0.018111;0.018111;0.044354;0.0261538;0.00139136;0.0716819;0.0716819;1.25;0.00262097;0.892905;0.963804;
34500;0.0092;0.325775;0.401874;8.59747e-05;0.0171304;0.0171304;0.0449347;0.0262965;0.00214805;0.06967;0.06967;0.826087;0.00161486;0.871942;0.964054;
35000;0.0076;0.325177;0.402611;5.75622e-05;0.0170565;0.0170565;0.0422876;0.0269486;0.00151444;0.0684338;0.0684338;1.21053;0.00181378;0.964152;0.963953;
35500;0.0104;0.326105;0.403663;0.000104842;0.0172291;0.0172291;0.041743;0.0276495;0.0027027;0.0693206;0.0693206;0.903846;0.00181892;0.920046;0.965028;
36000;0.0104;0.326635;0.402156;5.69538e-06;0.0154855;0.0154855;0.0390874;0.0281237;0.000402684;0.0662349;0.0662349;0.769231;0.00242522;0.91244;0.968608;
36500;0.009;0.32971;0.400679;9.87381e-05;0.0146883;0.0146883;0.0401039;0.0287557;0.00262704;0.0641755;0.0641755;0.844444;0.00141271;0.927326;0.968079;
37000;0.0072;0.33151;0.400669;0.000234194;0.0163907;0.0163907;0.0393989;0.0276413;0.00368531;0.0675804;0.0675804;1.27778;0.00141015;0.958614;0.96578;
37500;0.0094;0.333183;0.40152;1.05788e-05;0.0161238;0.0161238;0.0398104;0.0262372;0.000373866;0.0694913;0.0694913;0.978723;0.00201898;0.863719;0.969044;
38000;0.01;0.335409;0.402022;4.86602e-05;0.0153339;0.0153339;0.0408633;0.0262658;0.00151558;0.064476;0.064476;0.8;0.0020202;0.917438;0.967424;
38500;0.01;0.338618;0.402044;0.000113708;0.0128268;0.0128268;0.0405216;0.0279726;0.00272044;0.0591643;0.0591643;0.62;0.00121212;0.927238;0.970971;
39000;0.0084;0.338613;0.402751;4.71499e-05;0.0136518;0.0136518;0.0415969;0.0306835;0.00192431;0.0604129;0.0604129;0.928571;0.00161355;0.905359;0.970408;
39500;0.0114;0.338721;0.401593;5.21906e-05;0.0144706;0.0144706;0.0423638;0.0314529;0.00177238;0.0610868;0.0610868;0.596491;0.00161845;0.903424;0.968236;
40000;0.0094;0.340978;0.400098;8.55178e-05;0.015298;0.015298;0.0444251;0.030718;0.0020448;0.0655398;0.0655398;0.787234;0.00222088;0.955783;0.967692;
40500;0.0112;0.341188;0.400963;5.11308e-05;0.0151821;0.0151821;0.0460349;0.0297221;0.00106296;0.0657328;0.0657328;0.696429;0.00161812;0.922172;0.968298;
41000;0.0078;0.34363;0.4021;8.52119e-05;0.0160847;0.0160847;0.0447981;0.0305259;0.00185553;0.0680953;0.0680953;1.30769;0.00241887;0.942343;0.968647;
41500;0.0086;0.343254;0.402321;9.49401e-05;0.0152065;0.0152065;0.0426971;0.0299163;0.00255037;0.0660586;0.0660586;0.930233;0.00221908;0.897359;0.969806;
42000;0.0092;0.342139;0.401793;2.90968e-05;0.0140488;0.0140488;0.0451075;0.0315757;0.00102919;0.0635719;0.0635719;0.869565;0.001413;0.916771;0.971091;
42500;0.0102;0.341731;0.401667;3.77445e-05;0.0157256;0.0157256;0.0461793;0.0300612;0.00167473;0.0694115;0.0694115;0.941176;0.00181855;0.901101;0.969673;
43000;0.01;0.341204;0.399086;1.15565e-05;0.0158178;0.0158178;0.0446565;0.03088;0.000330044;0.0683475;0.0683475;0.9;0.00141414;0.900659;0.968373;
43500;0.0064;0.336255;0.39959;0.000177341;0.0155502;0.0155502;0.0419698;0.030446;0.0041659;0.0650818;0.0650818;1.25;0.00181159;0.917461;0.96699;
44000;0.012;0.333979;0.399624;6.77513e-05;0.0159831;0.0159831;0.0420993;0.0290438;0.00290097;0.0673994;0.0673994;0.666667;0.00242915;0.938518;0.967076;
44500;0.009;0.337698;0.399191;1.12062e-05;0.0142646;0.0142646;0.0419703;0.0312349;0.000356806;0.0649947;0.0649947;1;0.00141271;0.93705;0.970989;
45000;0.0064;0.339697;0.398922;3.06563e-05;0.0125244;0.0125244;0.0413344;0.0290188;0.00121381;0.0591521;0.0591521;0.96875;0.00161031;0.965297;0.972064;
45500;0.009;0.33839;0.401535;7.26587e-05;0.0164878;0.0164878;0.041136;0.0255562;0.00194176;0.068034;0.068034;1.13333;0.00161453;0.966379;0.966577;
46000;0.0086;0.338365;0.40403;3.54209e-05;0.0159612;0.0159612;0.0399109;0.0247585;0.00155102;0.0663775;0.0663775;0.837209;0.00181561;0.936059;0.966208;
46500;0.0102;0.341929;0.402966;0.000116342;0.0157536;0.0157536;0.0380817;0.0261786;0.00245618;0.0673145;0.0673145;0.980392;0.00181855;0.9196;0.968863;
47000;0.0086;0.344522;0.402637;0.000132136;0.015744;0.015744;0.038699;0.0274161;0.00277126;0.0694532;0.0694532;1.13953;0.00342949;0.92196;0.970998;
47500;0.0102;0.343486;0.40331;4.83448e-05;0.0167273;0.0167273;0.040247;0.0295051;0.00156955;0.0716785;0.0716785;1.09804;0.00222267;0.96653;0.968907;
48000;0.0106;0.344888;0.404141;0.000116652;0.0162322;0.0162322;0.0394499;0.0291123;0.00273821;0.0692035;0.0692035;0.943396;0.00283;0.9601;0.968444;
48500;0.0082;0.347765;0.404683;5.4841e-05;0.0153444;0.0153444;0.0399016;0.0304261;0.00137815;0.0670892;0.0670892;1.17073;0.00181488;0.960518;0.969834;
49000;0.0092;0.347938;0.40343;0.000109068;0.0155247;0.0155247;0.0411113;0.027833;0.00353092;0.0687178;0.0687178;1.15217;0.001413;0.893682;0.969954;
49500;0.0076;0.350265;0.400897;2.34831e-05;0.0144716;0.0144716;0.0405882;0.0282503;0.00103389;0.0649406;0.0649406;1.31579;0.00181378;0.970134;0.971544;
50000;0.0126;0.354051;0.400125;3.21187e-05;0.0147577;0.0147577;0.0370589;0.0296232;0.0021851;0.0650722;0.0650722;0.619048;0.00202552;0.911897;0.969995;
50500;0.009;0.354853;0.403991;9.96995e-05;0.0159648;0.0159648;0.0372877;0.0340432;0.00216294;0.0674023;0.0674023;0.911111;0.00161453;0.921212;0.967711;
51000;0.0096;0.357132;0.401736;1.29613e-05;0.0146662;0.0146662;0.040156;0.0320563;0.000648183;0.066185;0.066185;0.9375;0.00222132;0.920315;0.972047;
51500;0.009;0.35756;0.401615;9.54919e-05;0.0171401;0.0171401;0.040292;0.0318117;0.00222584;0.0710752;0.0710752;1.11111;0.00282543;0.928515;0.968084;
52000;0.0094;0.35953;0.398536;7.24866e-05;0.0155831;0.0155831;0.0417107;0.0321356;0.00201733;0.0705286;0.0705286;1.10638;0.00262467;0.855481;0.972457;
52500;0.0082;0.359279;0.399158;0.00012907;0.0153722;0.0153722;0.0409584;0.0322771;0.00265305;0.0672793;0.0672793;0.95122;0.0026215;0.859227;0.969929;
53000;0.0078;0.361789;0.397909;1.21182e-05;0.0140865;0.0140865;0.0398595;0.0328728;0.000427887;0.0642142;0.0642142;0.948718;0.00342673;0.934104;0.972208;
53500;0.01;0.36157;0.397929;6.58871e-05;0.0151942;0.0151942;0.0395725;0.0349101;0.00162029;0.0686294;0.0686294;0.88;0.00222222;0.926279;0.971131;
54000;0.0086;0.364337;0.399517;0.000120414;0.0135652;0.0135652;0.0403694;0.0349012;0.00301341;0.0613262;0.0613262;0.697674;0.00282429;0.90773;0.97085;
54500;0.0088;0.365714;0.398853;8.53416e-05;0.0136521;0.0136521;0.0414718;0.0340014;0.00225063;0.0639264;0.0639264;1.06818;0.00201776;0.953276;0.973821;
55000;0.0114;0.362043;0.400843;1.89084e-05;0.0134546;0.0134546;0.0404757;0.0338286;0.000771702;0.0622981;0.0622981;0.736842;0.00121384;0.952444;0.972296;
55500;0.0096;0.364653;0.399977;4.27414e-05;0.0153415;0.0153415;0.0409963;0.0342072;0.0018265;0.0676429;0.0676429;1.14583;0.00141357;0.934587;0.971352;
56000;0.008;0.366028;0.400926;8.42599e-06;0.0135229;0.0135229;0.0395721;0.0369679;0.000444187;0.0616815;0.0616815;1.05;0.000806452;0.930407;0.972215;
56500;0.0092;0.366801;0.402183;5.16556e-05;0.0143864;0.0143864;0.03918;0.0355603;0.00218759;0.0649251;0.0649251;0.891304;0.00262414;0.983558;0.971164;
57000;0.011;0.371409;0.403763;0.000104576;0.0135044;0.0135044;0.038571;0.0394488;0.00257861;0.0632464;0.0632464;0.727273;0.00242669;0.95571;0.973628;
57500;0.0084;0.375148;0.404963;7.39921e-05;0.0134157;0.0134157;0.040429;0.0382496;0.00228739;0.0614951;0.0614951;0.666667;0.00201694;0.913591;0.970863;
58000;0.0102;0.373262;0.406177;6.79414e-05;0.0135257;0.0135257;0.0406691;0.0393209;0.0021665;0.0633336;0.0633336;0.823529;0.00222267;0.933762;0.973291;
58500;0.0098;0.373543;0.407428;4.0916e-05;0.0141086;0.0141086;0.0418631;0.0381614;0.00144394;0.0661388;0.0661388;0.897959;0.00201979;0.925941;0.973639;
59000;0.0122;0.372766;0.410152;2.52375e-05;0.0130984;0.0130984;0.041478;0.0385411;0.000891525;0.0607868;0.0607868;0.57377;0.00161976;0.936685;0.972291;
59500;0.0112;0.37439;0.41146;1.09477e-05;0.0138194;0.0138194;0.0412998;0.0393642;0.000774043;0.0642061;0.0642061;0.75;0.00242718;0.951605;0.97288;
60000;0.0104;0.377244;0.413688;1.044e-05;0.013377;0.013377;0.0408856;0.0427793;0.000530246;0.063791;0.063791;0.980769;0.00202102;0.967926;0.975214;
60500;0.0098;0.378065;0.412566;0.000106831;0.0142635;0.0142635;0.0408802;0.0428037;0.00281587;0.0642121;0.0642121;0.857143;0.00242375;0.927962;0.972156;
61000;0.0086;0.378425;0.414564;8.56048e-05;0.013657;0.013657;0.0424736;0.0417432;0.00224741;0.0627245;0.0627245;1.13953;0.00181561;0.984234;0.973543;
61500;0.0082;0.382717;0.415504;2.70591e-05;0.0143863;0.0143863;0.0448952;0.0402987;0.00140884;0.0659645;0.0659645;1.2439;0.00241984;0.875971;0.973965;
62000;0.01;0.385143;0.41316;9.5072e-05;0.012295;0.012295;0.0438835;0.0407582;0.00216884;0.0600871;0.0600871;0.74;0.00121212;0.905131;0.975124;
62500;0.0088;0.390032;0.414123;5.74986e-05;0.0127452;0.0127452;0.0441809;0.0422805;0.00158823;0.0604951;0.0604951;0.954545;0.00221953;0.949754;0.975066;
63000;0.0076;0.388834;0.411705;1.28537e-05;0.0124419;0.0124419;0.0463347;0.0440028;0.000517765;0.0599392;0.0599392;1.21053;0.00181378;0.92645;0.976048;
63500;0.0106;0.388324;0.412648;7.65665e-05;0.0118213;0.0118213;0.0459168;0.0471737;0.00200754;0.0568847;0.0568847;0.641509;0.001415;0.948278;0.974275;
64000;0.0074;0.390921;0.416386;7.51958e-05;0.0124788;0.0124788;0.0437356;0.0485435;0.00273693;0.0609535;0.0609535;1.16216;0.00201491;0.964278;0.976203;
64500;0.0108;0.391173;0.41783;3.6839e-05;0.0118178;0.0118178;0.042887;0.0502572;0.00119231;0.0578243;0.0578243;0.685185;0.00141529;0.953165;0.975751;
65000;0.0074;0.393514;0.420248;0.000156369;0.0126561;0.0126561;0.0443202;0.0514128;0.00242724;0.0604023;0.0604023;0.972973;0.00261938;0.936679;0.974526;
65500;0.0088;0.394264;0.422522;5.70324e-05;0.0141653;0.0141653;0.0455571;0.0516568;0.00120996;0.0651683;0.0651683;1.13636;0.00262308;0.957746;0.97411;
66000;0.009;0.393666;0.421189;4.06113e-05;0.0139355;0.0139355;0.0455964;0.0506531;0.00127104;0.0641516;0.0641516;1.13333;0.00201816;0.894737;0.974397;
66500;0.0084;0.397836;0.415797;3.56087e-05;0.0119002;0.0119002;0.048503;0.0476738;0.00122195;0.0568269;0.0568269;0.809524;0.00221864;0.917266;0.974698;
67000;0.008;0.398909;0.412761;8.92795e-05;0.0138024;0.0138024;0.0495644;0.0481317;0.00249985;0.0649814;0.0649814;1.1;0.00181452;0.871881;0.974827;
67500;0.0078;0.398212;0.415411;6.61167e-05;0.0125803;0.0125803;0.0476562;0.0450488;0.0013318;0.059849;0.059849;0.923077;0.00201572;0.898372;0.974828;
68000;0.0088;0.40016;0.417558;0.000133171;0.0142789;0.0142789;0.0482969;0.0460943;0.00209204;0.0645245;0.0645245;1.18182;0.00221953;0.985488;0.973278;
68500;0.0108;0.403068;0.417777;9.34492e-05;0.0117817;0.0117817;0.0520652;0.0449263;0.00188461;0.0560049;0.0560049;0.796296;0.00101092;0.944134;0.975396;
69000;0.01;0.401864;0.417019;0.00011146;0.0129182;0.0129182;0.0493781;0.0442105;0.0022107;0.0612502;0.0612502;0.78;0.00343434;0.938328;0.975028;
69500;0.01;0.401648;0.417733;0.000203977;0.0125708;0.0125708;0.050681;0.0431863;0.00331448;0.0600577;0.0600577;0.9;0.00141414;0.928459;0.97559;
70000;0.0084;0.403109;0.41904;0.000267533;0.0135605;0.0135605;0.0516745;0.0425567;0.00437041;0.0650002;0.0650002;1.21429;0.00201694;0.8925;0.975777;
70500;0.0098;0.406727;0.419525;0.000116639;0.0135293;0.0135293;0.0516369;0.0442124;0.00238619;0.0632594;0.0632594;0.77551;0.00302969;0.903806;0.974593;
71000;0.0102;0.407832;0.420027;2.00512e-05;0.0118673;0.0118673;0.0503281;0.0438583;0.000672716;0.0583324;0.0583324;0.705882;0.00141443;0.968291;0.975838;
71500;0.0092;0.406321;0.421088;6.88142e-05;0.0130128;0.0130128;0.0484029;0.0461009;0.00229953;0.0595219;0.0595219;0.956522;0.00121114;0.948861;0.973291;
72000;0.009;0.406007;0.41893;2.27384e-05;0.0129488;0.0129488;0.0474574;0.0427659;0.00063691;0.0605473;0.0605473;0.977778;0.00201816;0.920798;0.975202;
72500;0.009;0.405413;0.419793;2.79675e-05;0.0118414;0.0118414;0.0475358;0.0423006;0.00180393;0.0582313;0.0582313;0.955556;0.00221998;0.947;0.976415;
73000;0.01;0.403116;0.420715;7.05118e-05;0.0132043;0.0132043;0.0466774;0.0487273;0.00218316;0.0638392;0.0638392;1;0.00282828;0.931523;0.976821;
73500;0.0116;0.404404;0.420278;7.94664e-05;0.0123488;0.0123488;0.0450987;0.0442848;0.00227301;0.0605623;0.0605623;0.706897;0.00263051;0.954015;0.976742;
74000;0.0088;0.40341;0.419501;5.35158e-07;0.0112173;0.0112173;0.0461895;0.0452713;3.78376e-05;0.0564249;0.0564249;0.795455;0.00201776;0.94936;0.977234;
74500;0.0082;0.403194;0.416963;0;0.0126892;0.0126892;0.0456582;0.0462875;0;0.0608984;0.0608984;1.02439;0.0030248;0.939693;0.976;
75000;0.01;0.40339;0.419482;2.21667e-05;0.0115241;0.0115241;0.0450584;0.0454;0.00090468;0.0570137;0.0570137;0.78;0.00181818;0.950465;0.976655;
75500;0.0108;0.401214;0.418202;5.17836e-05;0.0118456;0.0118456;0.0456738;0.0487675;0.00160556;0.0584476;0.0584476;0.722222;0.00181965;0.930997;0.976341;
76000;0.0086;0.401292;0.41655;0.000158241;0.0121167;0.0121167;0.0464344;0.0443303;0.00274625;0.0570215;0.0570215;0.883721;0.000605205;0.945663;0.973868;
76500;0.0072;0.403659;0.413594;5.95013e-05;0.0109469;0.0109469;0.0451367;0.0430687;0.00207925;0.0542488;0.0542488;1.05556;0.00100725;0.984248;0.976642;
77000;0.0096;0.405857;0.415658;5.15107e-05;0.0114815;0.0114815;0.044456;0.0451478;0.00128172;0.0567727;0.0567727;0.791667;0.00181745;0.914986;0.97693;
77500;0.0092;0.406867;0.415861;2.9332e-05;0.011254;0.011254;0.0446666;0.0447921;0.00148725;0.0551791;0.0551791;0.782609;0.001413;0.959772;0.975556;
78000;0.0076;0.405538;0.413995;7.08926e-05;0.0116846;0.0116846;0.0452802;0.0431201;0.00125842;0.0583873;0.0583873;1.13158;0.00181378;0.966241;0.97752;
78500;0.0102;0.406315;0.415097;7.28462e-05;0.0117527;0.0117527;0.0438333;0.0390014;0.00173046;0.0566211;0.0566211;0.72549;0.00202061;0.953351;0.975927;
79000;0.0086;0.407257;0.416592;4.83538e-05;0.0116703;0.0116703;0.0442894;0.0390155;0.00134544;0.0580449;0.0580449;1.04651;0.00242082;0.93942;0.977596;
79500;0.0086;0.413296;0.41491;9.69702e-05;0.0130883;0.0130883;0.0449734;0.0420222;0.00253671;0.062082;0.062082;1.04651;0.00282429;0.97108;0.975624;
80000;0.0104;0.415176;0.416013;2.49796e-05;0.0103123;0.0103123;0.0473709;0.0387256;0.00106586;0.0533219;0.0533219;0.75;0.000808407;0.94177;0.978623;
80500;0.0084;0.414247;0.417136;2.59501e-05;0.0118072;0.0118072;0.0472588;0.0397794;0.0009686;0.0583535;0.0583535;1.14286;0.00181525;0.959324;0.977639;
81000;0.0098;0.413273;0.418377;0.000102386;0.0134962;0.0134962;0.0467624;0.0403055;0.00222697;0.0645083;0.0645083;1.28571;0.00181781;0.947948;0.97731;
81500;0.0088;0.414948;0.419996;2.14552e-05;0.0108973;0.0108973;0.0454919;0.0392226;0.000803888;0.0548971;0.0548971;0.818182;0.00141243;0.958995;0.977463;
82000;0.0104;0.419976;0.417428;8.53913e-06;0.0118691;0.0118691;0.0449553;0.0424981;0.000603747;0.0587612;0.0587612;0.788462;0.00323363;0.957424;0.977804;
82500;0.0088;0.4231;0.417497;1.26404e-05;0.0105023;0.0105023;0.0450841;0.0433741;0.00063191;0.0543789;0.0543789;0.909091;0.00201776;0.951757;0.979293;
83000;0.0104;0.42415;0.417436;1.13984e-05;0.0116459;0.0116459;0.0450456;0.044009;0.000805907;0.0578779;0.0578779;0.788462;0.00202102;0.952339;0.977613;
83500;0.0084;0.423416;0.417653;5.31198e-05;0.01143;0.01143;0.0453031;0.0433212;0.00168518;0.0570053;0.0570053;0.833333;0.00262203;0.981523;0.977544;
84000;0.0094;0.425921;0.41579;6.18134e-05;0.0107506;0.0107506;0.0450013;0.0430267;0.00181698;0.0544366;0.0544366;0.680851;0.00201898;0.952351;0.977286;
84500;0.0104;0.427781;0.415784;6.06252e-05;0.0109765;0.0109765;0.0455369;0.0413302;0.00232416;0.0554291;0.0554291;0.769231;0.00161681;0.954981;0.97807;
85000;0.0096;0.428428;0.414414;6.69946e-05;0.012473;0.012473;0.0454155;0.0392207;0.0027489;0.0617623;0.0617623;1.04167;0.00222132;0.915853;0.97834;
85500;0.008;0.426882;0.415201;4.17528e-05;0.0103401;0.0103401;0.0457712;0.0404256;0.00131343;0.0535608;0.0535608;1;0.00120968;0.929651;0.979217;
86000;0.012;0.427215;0.415153;9.33562e-08;0.013171;0.013171;0.0461855;0.0427975;4.66688e-06;0.062026;0.062026;0.933333;0.00182186;0.971227;0.976281;
86500;0.01;0.428231;0.416428;5.51453e-05;0.0123107;0.0123107;0.0451444;0.0416285;0.00193846;0.0602554;0.0602554;0.96;0.00181818;0.934127;0.977824;
87000;0.0102;0.426815;0.417071;5.08646e-05;0.0110702;0.0110702;0.0449609;0.0445359;0.00134312;0.0558572;0.0558572;0.960784;0.00202061;0.972062;0.979263;
87500;0.0082;0.430366;0.415166;7.37676e-05;0.0107137;0.0107137;0.0436045;0.0429157;0.00168005;0.0540359;0.0540359;1.02439;0.00120992;0.983197;0.978274;
88000;0.011;0.429912;0.416058;9.15918e-05;0.0128087;0.0128087;0.0433109;0.0429572;0.00254804;0.0622802;0.0622802;0.945455;0.00262892;0.898062;0.978004;
88500;0.0106;0.431785;0.415274;0.000132906;0.0108071;0.0108071;0.0420902;0.0398236;0.00330412;0.0542284;0.0542284;0.603774;0.00242571;0.911653;0.977826;
89000;0.0098;0.430615;0.416094;0.000131688;0.0105487;0.0105487;0.0434571;0.038568;0.00210159;0.0549218;0.0549218;0.959184;0.00201979;0.950567;0.979926;
89500;0.0072;0.432885;0.417121;7.42231e-05;0.010324;0.010324;0.0448406;0.0392814;0.00191722;0.0535127;0.0535127;1.02778;0.0020145;0.914517;0.979054;
90000;0.0106;0.430554;0.415047;0.000102891;0.0115129;0.0115129;0.0456144;0.0381217;0.0033339;0.0564826;0.0564826;0.943396;0.00161714;0.948727;0.977475;
90500;0.0068;0.430979;0.416887;0.000166948;0.00908893;0.00908893;0.0450117;0.0426274;0.00344619;0.0464662;0.0464662;0.941176;0.00100685;0.982538;0.978204;
91000;0.009;0.430463;0.415593;0.000128142;0.0119024;0.0119024;0.0437846;0.0394714;0.00309928;0.0579417;0.0579417;1.13333;0.00343088;0.944749;0.977983;
91500;0.0112;0.429054;0.414244;9.05936e-05;0.010609;0.010609;0.0443564;0.039112;0.00335605;0.054816;0.054816;0.803571;0.00202265;0.917864;0.979584;
92000;0.0104;0.430823;0.415277;2.73148e-05;0.010896;0.010896;0.0440014;0.0404139;0.00103303;0.0530728;0.0530728;0.826923;0.00121261;0.954506;0.976994;
92500;0.0082;0.430467;0.418343;6.34153e-05;0.0100943;0.0100943;0.0428351;0.0432491;0.00199699;0.0520605;0.0520605;1.17073;0.00161323;0.967286;0.979955;
93000;0.0058;0.429519;0.419047;5.25991e-05;0.0107958;0.0107958;0.0444417;0.0410593;0.00155836;0.054414;0.054414;1.48276;0.002414;0.95151;0.978427;
93500;0.0086;0.431604;0.416711;0.000177485;0.0106356;0.0106356;0.0457974;0.0409833;0.00326118;0.0536713;0.0536713;0.883721;0.00363123;0.981388;0.978761;
94000;0.0092;0.430792;0.417746;5.84569e-05;0.00969427;0.00969427;0.0442697;0.0403761;0.0021656;0.0511076;0.0511076;0.978261;0.00121114;0.983263;0.980085;
94500;0.0082;0.431059;0.416992;8.20221e-05;0.00897156;0.00897156;0.0461085;0.0440459;0.00245273;0.0480195;0.0480195;1;0.00100827;0.963585;0.980558;
95000;0.0082;0.434433;0.415664;5.83069e-05;0.0097377;0.0097377;0.0455284;0.0425763;0.00186884;0.0499401;0.0499401;0.853659;0.00342811;0.915321;0.980103;
95500;0.0078;0.432891;0.415271;5.19627e-05;0.00967096;0.00967096;0.0459613;0.0411405;0.00137966;0.0506372;0.0506372;1.25641;0.00201572;0.967501;0.981169;
96000;0.0108;0.436067;0.418007;9.53778e-05;0.00984848;0.00984848;0.0458914;0.0379814;0.00256487;0.0498514;0.0498514;0.833333;0.00161747;0.910479;0.979963;
96500;0.0086;0.435672;0.418617;1.00693e-05;0.00964355;0.00964355;0.0478647;0.0350016;0.000369184;0.0501386;0.0501386;0.930233;0.00242082;0.973601;0.980098;
97000;0.0112;0.434041;0.417843;4.03484e-05;0.00916509;0.00916509;0.0476049;0.0370372;0.000773396;0.0489936;0.0489936;0.857143;0.00242718;0.965844;0.981459;
97500;0.0074;0.435038;0.419138;5.65345e-05;0.00957202;0.00957202;0.0475693;0.040456;0.00194087;0.0517284;0.0517284;1.40541;0.00181342;0.938033;0.982405;
98000;0.0078;0.436242;0.419978;2.46022e-05;0.0089992;0.0089992;0.0475254;0.038453;0.000963736;0.0474308;0.0474308;1.25641;0.000604717;0.943334;0.981483;
98500;0.0094;0.435588;0.422666;0.000143767;0.00888819;0.00888819;0.0468084;0.0416865;0.00262559;0.0466913;0.0466913;0.808511;0.00302847;0.965211;0.980889;
99000;0.0086;0.432676;0.422298;6.79189e-05;0.00886374;0.00886374;0.0480029;0.042417;0.00176248;0.0468335;0.0468335;0.930233;0.00181561;0.978319;0.980853;
99500;0.0084;0.432638;0.419499;1.35144e-05;0.00960049;0.00960049;0.0463332;0.0416749;0.000700137;0.0501153;0.0501153;1.04762;0.00221864;0.960811;0.980984;
100000;0.007;0.433609;0.421814;8.30734e-05;0.00899631;0.00899631;0.045012;0.0419323;0.00258127;0.0459635;0.0459635;0.971429;0.00181269;0.933229;0.979839;
100500;0.0086;0.432126;0.421631;0.000104925;0.00921347;0.00921347;0.0467022;0.0440634;0.00318748;0.0476901;0.0476901;1.06977;0.00161388;0.984437;0.980215;
101000;0.0084;0.434022;0.42185;3.9139e-05;0.00911653;0.00911653;0.049134;0.0409626;0.0012462;0.0471801;0.0471801;1.09524;0.00221864;0.953166;0.981131;
101500;0.0096;0.437115;0.426014;2.83159e-05;0.0094331;0.0094331;0.0518224;0.0468422;0.000886842;0.0497594;0.0497594;0.791667;0.00282714;0.958907;0.980395;
102000;0.011;0.437366;0.426004;3.49529e-06;0.00941509;0.00941509;0.0514061;0.0463163;0.00024713;0.0493957;0.0493957;0.818182;0.00121335;0.94901;0.980555;
102500;0.0084;0.43923;0.424629;4.47122e-05;0.00949513;0.00949513;0.0523677;0.0460555;0.00118225;0.0509039;0.0509039;1;0.0036305;0.93182;0.982288;
103000;0.0058;0.436922;0.424203;4.14421e-05;0.00981575;0.00981575;0.0517163;0.0454111;0.000853253;0.0502993;0.0502993;1.37931;0.002414;0.969019;0.979773;
103500;0.0108;0.436285;0.424463;7.40455e-05;0.00920413;0.00920413;0.0525398;0.0434427;0.00159383;0.0474529;0.0474529;0.685185;0.00262839;0.962976;0.979461;
104000;0.0084;0.439305;0.426133;4.27025e-05;0.00906226;0.00906226;0.051999;0.0441899;0.00130712;0.0485121;0.0485121;0.952381;0.00242033;0.943121;0.981426;
104500;0.009;0.440892;0.425243;7.98331e-06;0.00775538;0.00775538;0.0527498;0.0440234;0.000190853;0.0430231;0.0430231;0.888889;0.000807265;0.925221;0.983043;
105000;0.0104;0.438643;0.424201;2.59108e-05;0.00815305;0.00815305;0.0517022;0.0440965;0.000835409;0.0453468;0.0453468;0.692308;0.00202102;0.962725;0.981846;
105500;0.0116;0.441804;0.424603;5.05086e-05;0.00902329;0.00902329;0.0514589;0.0443858;0.00157241;0.0474775;0.0474775;0.655172;0.00242817;0.973888;0.980791;
106000;0.0098;0.440884;0.422924;3.64869e-05;0.00843329;0.00843329;0.0502061;0.0400058;0.00161295;0.0460812;0.0460812;0.918367;0.000605938;0.964972;0.981674;
106500;0.0088;0.441615;0.423646;6.06744e-05;0.00751219;0.00751219;0.0498313;0.0399849;0.00139996;0.0428454;0.0428454;0.840909;0.00161421;0.959117;0.983422;
107000;0.0088;0.443699;0.421286;0.000121303;0.00879208;0.00879208;0.0505384;0.0368154;0.00232325;0.0471098;0.0471098;0.909091;0.00181598;0.966351;0.981338;
107500;0.0068;0.444728;0.419725;3.9901e-05;0.00917167;0.00917167;0.0503628;0.0365755;0.00104949;0.0475424;0.0475424;1.29412;0.00221506;0.935988;0.981194;
108000;0.0094;0.443378;0.419701;3.78658e-05;0.00956053;0.00956053;0.0500795;0.035752;0.00105327;0.0482463;0.0482463;0.851064;0.00242277;0.937361;0.97977;
108500;0.0094;0.442362;0.416718;0.000256751;0.00941667;0.00941667;0.0487271;0.0317482;0.00351612;0.0479248;0.0479248;1;0.00141328;0.964532;0.979471;
109000;0.0086;0.443105;0.416891;0.000297541;0.00852226;0.00852226;0.0501568;0.0315528;0.00415009;0.0452256;0.0452256;1;0.00221908;0.972937;0.981418;
109500;0.0096;0.444957;0.416814;8.82142e-05;0.00962274;0.00962274;0.0496076;0.0313839;0.00193547;0.0497332;0.0497332;1.20833;0.00121163;0.935906;0.981654;
110000;0.0104;0.444053;0.415929;3.03753e-05;0.00823883;0.00823883;0.0481906;0.0326823;0.00129241;0.0435132;0.0435132;0.846154;0.00121261;0.965523;0.982027;
110500;0.0094;0.445308;0.414683;6.64351e-05;0.00775162;0.00775162;0.0477266;0.0292317;0.00186862;0.0431287;0.0431287;1;0.00201898;0.962628;0.983881;
111000;0.0094;0.445646;0.414583;0.000138417;0.0089086;0.0089086;0.0483545;0.0269953;0.00297398;0.0462753;0.0462753;0.893617;0.00141328;0.951597;0.980367;
111500;0.0106;0.447693;0.415026;0.000116348;0.00919002;0.00919002;0.0480176;0.025851;0.00226533;0.0485297;0.0485297;0.867925;0.00242571;0.998315;0.981519;
112000;0.0076;0.448858;0.414627;2.06091e-05;0.00762276;0.00762276;0.0475694;0.0259233;0.000465192;0.0432261;0.0432261;0.921053;0.00282144;0.945569;0.983117;
112500;0.0074;0.45191;0.415434;3.28103e-05;0.00792299;0.00792299;0.0481503;0.0271988;0.000923175;0.0441261;0.0441261;1.35135;0.00120895;0.998028;0.983824;
113000;0.0084;0.453984;0.415113;1.14813e-05;0.00929388;0.00929388;0.0469274;0.0274745;0.000448572;0.0485716;0.0485716;1.11905;0.00181525;0.960299;0.981295;
113500;0.01;0.456726;0.415769;2.23523e-05;0.00911459;0.00911459;0.0478197;0.0273634;0.000748727;0.0492958;0.0492958;0.96;0.00161616;0.958407;0.981714;
114000;0.0078;0.457137;0.416364;2.5802e-05;0.00853656;0.00853656;0.0496867;0.0275013;0.000924364;0.0461915;0.0461915;1.10256;0.00201572;0.940021;0.982779;
114500;0.01;0.457689;0.41617;6.0971e-05;0.00941333;0.00941333;0.0499968;0.0284607;0.00155578;0.0488733;0.0488733;1;0.00141414;0.934084;0.982032;
115000;0.0096;0.455071;0.41386;6.39614e-06;0.00810885;0.00810885;0.0489117;0.0296152;0.00045223;0.0452994;0.0452994;0.791667;0.00161551;0.947928;0.982854;
115500;0.0074;0.457168;0.413639;3.04478e-05;0.00894632;0.00894632;0.0495384;0.0302208;0.00138321;0.0483581;0.0483581;1.08108;0.00382833;0.981167;0.982708;
116000;0.0086;0.455371;0.415242;5.25658e-05;0.009624;0.009624;0.0509553;0.0308388;0.00154772;0.0509894;0.0509894;1.2093;0.00121041;0.956726;0.981399;
116500;0.0098;0.45685;0.415143;1.13034e-05;0.00820267;0.00820267;0.0504231;0.0320308;0.000799191;0.0446665;0.0446665;0.816327;0.00242375;0.978638;0.982446;
117000;0.0098;0.460195;0.416099;8.2027e-05;0.0107319;0.0107319;0.0523484;0.0328726;0.00234868;0.0553765;0.0553765;1.18367;0.00323167;0.927918;0.982534;
117500;0.009;0.459489;0.418219;4.62602e-05;0.00780509;0.00780509;0.0540555;0.0332792;0.0022404;0.0431886;0.0431886;0.822222;0.00181635;0.964485;0.983155;
118000;0.008;0.457178;0.418878;3.63223e-05;0.00829613;0.00829613;0.0510801;0.0353699;0.00137582;0.0451711;0.0451711;0.975;0.0016129;0.95727;0.982187;
118500;0.0114;0.459167;0.418919;5.15214e-05;0.00848286;0.00848286;0.0532689;0.0364562;0.00130926;0.0478672;0.0478672;0.789474;0.00202306;0.932368;0.98344;
119000;0.0116;0.463556;0.420101;5.63305e-05;0.00878403;0.00878403;0.0526537;0.0382677;0.00135115;0.0489032;0.0489032;0.827586;0.00283286;0.952401;0.984168;
119500;0.0106;0.463261;0.415709;6.22359e-05;0.00799068;0.00799068;0.0519872;0.036835;0.00171508;0.0442948;0.0442948;0.679245;0.00202143;0.953264;0.982562;
120000;0.0098;0.459356;0.414633;0.000101739;0.00851966;0.00851966;0.0503761;0.036739;0.0030176;0.0442112;0.0442112;0.918367;0.00121188;0.953448;0.981655;
120500;0.009;0.461127;0.412218;0.00012951;0.00811312;0.00811312;0.0478328;0.0367127;0.00257492;0.0436173;0.0436173;0.911111;0.0012109;0.947001;0.982582;
121000;0.0102;0.461927;0.411817;4.30659e-05;0.00735686;0.00735686;0.0489332;0.036555;0.00157215;0.0429251;0.0429251;0.764706;0.00161649;0.977367;0.983889;
121500;0.0082;0.460739;0.411076;0.000124155;0.00898541;0.00898541;0.0483769;0.0374435;0.00306933;0.0487488;0.0487488;1.46341;0.00161323;0.94268;0.98363;
122000;0.009;0.458541;0.415158;4.9511e-05;0.00823284;0.00823284;0.0462963;0.0356811;0.00137112;0.0444422;0.0444422;1.06667;0.00221998;0.962716;0.983179;
122500;0.0074;0.46056;0.416316;9.23304e-05;0.00783674;0.00783674;0.0464382;0.0349004;0.00276967;0.0429741;0.0429741;1;0.00241789;0.964946;0.982656;
123000;0.0094;0.460996;0.419041;5.31038e-05;0.00680975;0.00680975;0.0466924;0.0369655;0.00109962;0.0393373;0.0393373;0.808511;0.00161518;0.956604;0.984071;
123500;0.0114;0.457366;0.419913;1.59305e-05;0.00787988;0.00787988;0.0453972;0.0374006;0.000419491;0.0440125;0.0440125;0.807018;0.00202306;0.950892;0.983741;
124000;0.0094;0.457545;0.420362;5.89497e-05;0.0076697;0.0076697;0.0423764;0.0391599;0.00189415;0.0437807;0.0437807;0.914894;0.00181708;0.957665;0.983681;
124500;0.011;0.45799;0.421838;6.61157e-05;0.00721191;0.00721191;0.0408165;0.0399514;0.00136469;0.0402833;0.0402833;0.836364;0.0016178;0.982546;0.984233;
125000;0.0094;0.458332;0.422586;7.22456e-05;0.00783124;0.00783124;0.0414979;0.0379735;0.00217643;0.0415849;0.0415849;0.851064;0.00201898;0.975824;0.982133;
125500;0.0128;0.45789;0.421456;5.34498e-05;0.00707019;0.00707019;0.0415452;0.0360908;0.00171295;0.0418388;0.0418388;0.578125;0.00121556;0.963828;0.984592;
126000;0.0094;0.458708;0.424125;0.00014479;0.00791646;0.00791646;0.0423299;0.0404465;0.00243358;0.0441941;0.0441941;1;0.00282657;0.981565;0.984487;
126500;0.0084;0.461423;0.422973;0.000115279;0.007534;0.007534;0.0422833;0.0407985;0.0023383;0.0421526;0.0421526;0.952381;0.00161355;0.935209;0.983427;
127000;0.008;0.461343;0.42199;0.000114837;0.0080009;0.0080009;0.0430329;0.0411969;0.002089;0.0429031;0.0429031;1.2;0.00181452;0.957639;0.983277;
127500;0.0066;0.45902;0.422762;6.08349e-05;0.00802223;0.00802223;0.0431087;0.0393561;0.00129454;0.0425872;0.0425872;1.51515;0.00342259;0.954863;0.984258;
128000;0.0086;0.460043;0.422289;7.27424e-05;0.00792063;0.00792063;0.0457112;0.0377655;0.00219101;0.0436693;0.0436693;1.18605;0.00181561;0.958332;0.984161;
128500;0.006;0.464804;0.423132;0.000100187;0.00723039;0.00723039;0.0477253;0.0394578;0.00274077;0.0403722;0.0403722;1.46667;0.00261569;0.967558;0.984401;
129000;0.0102;0.467151;0.423067;9.39222e-05;0.00784076;0.00784076;0.0474419;0.0392657;0.00223775;0.0418701;0.0418701;0.901961;0.00262679;0.994868;0.98346;
129500;0.0106;0.464931;0.420375;0.000168902;0.00698641;0.00698641;0.0491349;0.037987;0.00310363;0.0398881;0.0398881;0.811321;0.00181928;0.971708;0.984438;
130000;0.0092;0.462443;0.421376;0.000106073;0.00718944;0.00718944;0.0481873;0.039884;0.00206775;0.0403978;0.0403978;0.891304;0.00181671;0.972956;0.983735;
130500;0.0082;0.45939;0.418881;5.92566e-05;0.00650556;0.00650556;0.0464009;0.0395322;0.0017378;0.0385628;0.0385628;0.95122;0.00120992;0.973183;0.984815;
131000;0.0084;0.457544;0.416049;6.58767e-05;0.00782728;0.00782728;0.0471338;0.0378436;0.00188421;0.0426863;0.0426863;1.30952;0.00201694;0.962263;0.983713;
131500;0.0078;0.456279;0.414716;6.33202e-05;0.00664466;0.00664466;0.0452426;0.035928;0.00196885;0.0391451;0.0391451;0.974359;0.00201572;0.975889;0.984457;
132000;0.0112;0.458028;0.416636;1.46608e-05;0.00682523;0.00682523;0.0435234;0.0363426;0.000501237;0.038549;0.038549;0.732143;0.00242718;0.978562;0.984657;
132500;0.0094;0.462697;0.418135;0.000105663;0.00722266;0.00722266;0.0440637;0.0366008;0.00292731;0.0415168;0.0415168;0.851064;0.00222088;0.966675;0.984442;
133000;0.0086;0.463698;0.419819;0.000189104;0.00612672;0.00612672;0.0470635;0.0377843;0.00222139;0.0342963;0.0342963;0.72093;0.00161388;0.991198;0.983309;
133500;0.0086;0.46514;0.42002;0.00026985;0.00656284;0.00656284;0.0459507;0.0381464;0.00276347;0.0361923;0.0361923;0.976744;0.00121041;0.978021;0.983732;
134000;0.0096;0.466353;0.421423;0.000170614;0.00702843;0.00702843;0.0470611;0.0398602;0.00313226;0.0392099;0.0392099;0.854167;0.000605816;0.962178;0.983201;
134500;0.0106;0.466717;0.423689;6.43182e-05;0.00811903;0.00811903;0.0458293;0.0420598;0.00114099;0.0447557;0.0447557;1.0566;0.00303214;0.970938;0.98469;
135000;0.0094;0.467816;0.424641;2.46175e-05;0.00640987;0.00640987;0.046286;0.0415365;0.00112829;0.0380691;0.0380691;1;0.00181708;0.977536;0.985874;
135500;0.0114;0.46853;0.426601;8.51133e-05;0.00656899;0.00656899;0.0466236;0.0426406;0.00168468;0.0380467;0.0380467;0.701754;0.00262998;0.966186;0.985332;
136000;0.0096;0.469137;0.425162;0.000122621;0.00837601;0.00837601;0.0446978;0.0405914;0.00215597;0.045039;0.045039;1.1875;0.00242326;0.941947;0.983592;
136500;0.011;0.46942;0.427127;1.72426e-05;0.00608275;0.00608275;0.0443374;0.043971;0.00064413;0.036862;0.036862;0.581818;0.00262892;0.989858;0.985613;
137000;0.0072;0.46972;0.423317;4.31323e-05;0.00653089;0.00653089;0.0406876;0.042744;0.00154798;0.0376309;0.0376309;0.916667;0.00141015;0.991499;0.983716;
137500;0.007;0.470781;0.420187;7.49882e-05;0.0074381;0.0074381;0.0428884;0.0392651;0.00187708;0.0444407;0.0444407;1.2;0.00221551;0.956166;0.985183;
138000;0.0096;0.472134;0.417401;2.20758e-05;0.00728181;0.00728181;0.0430717;0.0387446;0.000719413;0.0402523;0.0402523;1.04167;0.00302908;0.985645;0.984686;
138500;0.0072;0.477356;0.41617;3.19724e-06;0.00723257;0.00723257;0.0428085;0.0364324;0.000226057;0.0432358;0.0432358;1.27778;0.0020145;0.893167;0.985729;
139000;0.0054;0.474902;0.416563;3.17831e-05;0.00713748;0.00713748;0.0414985;0.0349007;0.00137861;0.0420619;0.0420619;2;0.00201086;0.982126;0.985495;
139500;0.0086;0.477934;0.415549;1.66905e-05;0.00580658;0.00580658;0.0414418;0.0314491;0.000944383;0.0383753;0.0383753;0.860465;0.00141214;0.975501;0.986831;
140000;0.0114;0.479737;0.414663;0.000129177;0.00701784;0.00701784;0.0411587;0.0307322;0.00296472;0.0395934;0.0395934;0.824561;0.00161845;0.978146;0.984489;
140500;0.0068;0.478655;0.414952;3.64532e-05;0.00530276;0.00530276;0.0407682;0.0324126;0.0012883;0.0333591;0.0333591;1.02941;0.0026178;0.982425;0.987501;
141000;0.0098;0.475956;0.414656;4.62495e-05;0.00520635;0.00520635;0.0426773;0.0304315;0.00167068;0.0307552;0.0307552;0.734694;0.00121188;0.971777;0.986055;
141500;0.0094;0.475555;0.415311;0.000108895;0.00701678;0.00701678;0.0469848;0.0321936;0.00288977;0.0400559;0.0400559;1.04255;0.00262467;0.944665;0.985913;
142000;0.0096;0.473142;0.414457;3.52176e-05;0.00640051;0.00640051;0.0497033;0.0316883;0.00177155;0.0382061;0.0382061;0.958333;0.00282714;0.988622;0.985899;
142500;0.009;0.476021;0.415427;5.80799e-05;0.00641739;0.00641739;0.0484619;0.0326164;0.00157254;0.0381247;0.0381247;1.02222;0.000605449;0.964757;0.98513;
143000;0.0094;0.470949;0.417398;7.44746e-05;0.00505028;0.00505028;0.0516366;0.033255;0.00186006;0.0315765;0.0315765;0.638298;0.00181708;0.965322;0.986686;
143500;0.0074;0.473778;0.4175;5.22916e-05;0.00673017;0.00673017;0.0483856;0.0340001;0.00117263;0.0387897;0.0387897;1.40541;0.00282087;0.941671;0.986172;
144000;0.011;0.473214;0.418779;4.55154e-05;0.00521239;0.00521239;0.0486964;0.0334586;0.0015258;0.0325739;0.0325739;0.745455;0.00202224;0.978948;0.987615;
144500;0.009;0.474462;0.418825;8.07705e-05;0.00592634;0.00592634;0.0462642;0.0322982;0.00196078;0.0353105;0.0353105;1.11111;0.000403633;0.978614;0.985713;
145000;0.0092;0.475228;0.417991;0.000145021;0.00725674;0.00725674;0.0475081;0.0318882;0.00278154;0.041191;0.041191;1.34783;0.002826;0.986523;0.985908;
145500;0.0058;0.476015;0.416647;8.4954e-05;0.00594169;0.00594169;0.0441108;0.0306704;0.00253314;0.0370856;0.0370856;1.72414;0.0018105;0.978889;0.987305;
146000;0.0104;0.478881;0.419203;4.48916e-05;0.00620944;0.00620944;0.041276;0.033714;0.00126702;0.0360045;0.0360045;0.807692;0.00222312;0.986916;0.985719;
146500;0.0094;0.480482;0.417526;7.58845e-05;0.00601339;0.00601339;0.0438511;0.0292718;0.00130566;0.0346855;0.0346855;0.93617;0.00262467;0.966846;0.986246;
147000;0.0084;0.485241;0.418576;8.28892e-05;0.00593289;0.00593289;0.0429675;0.0302505;0.00318867;0.0369461;0.0369461;1.07143;0.00181525;0.964995;0.987192;
147500;0.0096;0.482222;0.418036;3.11327e-05;0.00566757;0.00566757;0.0456277;0.0292955;0.000735295;0.0354609;0.0354609;0.875;0.00282714;0.957962;0.987328;
148000;0.0098;0.484163;0.417238;7.54689e-05;0.00611748;0.00611748;0.0478864;0.0300282;0.00213588;0.036031;0.036031;0.897959;0.00201979;0.953754;0.986372;
148500;0.0108;0.486478;0.417778;2.67062e-05;0.00468663;0.00468663;0.0467791;0.0303433;0.000907036;0.0313522;0.0313522;0.666667;0.00222402;0.966891;0.988454;
149000;0.0086;0.491218;0.417853;6.31031e-05;0.00624244;0.00624244;0.047755;0.0318156;0.00179491;0.0379024;0.0379024;1.04651;0.00342949;0.949916;0.987014;
149500;0.01;0.489327;0.416055;4.60807e-05;0.00498505;0.00498505;0.0460175;0.0293079;0.00170904;0.03286;0.03286;1.08;0.00161616;0.986957;0.989136;
150000;0.008;0.490402;0.416726;0.000187663;0.0049535;0.0049535;0.0459305;0.0285939;0.00348315;0.0300912;0.0300912;0.95;0.00120968;0.961379;0.987157;
150500;0.008;0.492278;0.416305;9.80078e-05;0.00483472;0.00483472;0.0480946;0.0303949;0.00237423;0.0307213;0.0307213;1.05;0.00120968;0.965768;0.988325;
151000;0.0068;0.491486;0.417239;1.9691e-05;0.00490779;0.00490779;0.0489901;0.0331296;0.000621624;0.031115;0.031115;1.29412;0.00140959;0.981345;0.988047;
151500;0.0102;0.492427;0.417212;4.22139e-05;0.00500226;0.00500226;0.0483507;0.0345826;0.0010859;0.0309069;0.0309069;0.921569;0.00242473;0.947162;0.988382;
152000;0.0096;0.491951;0.414611;9.97373e-06;0.00548462;0.00548462;0.0471205;0.0322089;0.000362557;0.0337086;0.0337086;1.10417;0.00161551;0.987143;0.987528;
152500;0.0084;0.490818;0.413009;0.000155246;0.00501536;0.00501536;0.0460491;0.0297942;0.00356838;0.0308215;0.0308215;0.928571;0.00221864;0.938548;0.987503;
153000;0.0104;0.49004;0.412663;5.98052e-05;0.00495864;0.00495864;0.0451819;0.0293141;0.00172477;0.0290964;0.0290964;0.903846;0.00161681;0.986392;0.987265;
153500;0.0082;0.490318;0.411848;9.10186e-05;0.00470226;0.00470226;0.0448261;0.0298384;0.00194859;0.0316869;0.0316869;0.97561;0.00161323;0.992079;0.988607;
154000;0.011;0.493163;0.411687;2.8722e-05;0.00492592;0.00492592;0.0459861;0.0304839;0.00164102;0.031818;0.031818;0.672727;0.00202224;0.983475;0.987925;
154500;0.0104;0.493991;0.410898;5.56009e-05;0.00594284;0.00594284;0.0444549;0.0326467;0.00205499;0.0342189;0.0342189;1.01923;0.00262732;0.995196;0.986351;
155000;0.007;0.495607;0.409005;0.000169187;0.00476998;0.00476998;0.046103;0.0326825;0.00381376;0.0303493;0.0303493;1.08571;0.00261833;0.989653;0.98848;
155500;0.0094;0.498731;0.4116;0.000143482;0.00621481;0.00621481;0.0471376;0.0333408;0.00343774;0.0371255;0.0371255;1.17021;0.00222088;0.961657;0.986553;
156000;0.0118;0.502451;0.411034;4.97222e-06;0.00530215;0.00530215;0.0478683;0.0324584;0.000177854;0.0349071;0.0349071;0.847458;0.00242866;0.982438;0.988665;
156500;0.0078;0.502883;0.410173;6.29673e-05;0.00476903;0.00476903;0.0502985;0.0317624;0.00181905;0.0318076;0.0318076;0.948718;0.00221729;0.948301;0.988741;
157000;0.0074;0.502228;0.409938;0.00010887;0.00471023;0.00471023;0.0492561;0.0286001;0.00226085;0.0302042;0.0302042;1.02703;0.00141044;0.982188;0.988274;
157500;0.0124;0.503549;0.408727;7.37906e-05;0.00485269;0.00485269;0.0467898;0.027807;0.00245166;0.0313213;0.0313213;0.645161;0.00263264;0.966869;0.988622;
158000;0.0132;0.508586;0.409494;4.14762e-05;0.00422072;0.00422072;0.0475106;0.032176;0.00169398;0.0283474;0.0283474;0.5;0.00304013;0.991743;0.989154;
158500;0.0088;0.512059;0.409974;1.9705e-05;0.00377559;0.00377559;0.0468051;0.0324193;0.000839298;0.0266422;0.0266422;0.818182;0.00221953;0.979037;0.990547;
159000;0.01;0.511598;0.408789;0.000106429;0.00412068;0.00412068;0.0476698;0.0324974;0.00300453;0.0287583;0.0287583;1;0.00222222;0.97516;0.990677;
159500;0.0096;0.507709;0.409019;8.63047e-05;0.00416237;0.00416237;0.0454967;0.0320597;0.00195736;0.0266645;0.0266645;0.979167;0.00141357;0.997263;0.988722;
160000;0.011;0.508067;0.406884;3.74751e-05;0.00381147;0.00381147;0.0457727;0.0325853;0.00133603;0.0256379;0.0256379;0.854545;0.00242669;0.990282;0.989813;
160500;0.0102;0.512209;0.406422;5.63787e-05;0.00395037;0.00395037;0.0453627;0.030396;0.00131796;0.0271094;0.0271094;0.882353;0.00181855;0.977732;0.990037;
161000;0.01;0.514421;0.406107;1.26606e-05;0.00393502;0.00393502;0.0447017;0.0300217;0.000610355;0.0264929;0.0264929;0.84;0.00222222;0.95454;0.989831;
161500;0.0106;0.51367;0.407073;6.00655e-05;0.00380414;0.00380414;0.0444894;0.0280224;0.0014164;0.0262612;0.0262612;0.981132;0.00222357;0.990231;0.990381;
162000;0.0076;0.513841;0.406388;3.24658e-05;0.00323858;0.00323858;0.0449129;0.0285562;0.00127773;0.022247;0.022247;1.15789;0.00221685;0.990193;0.991105;
162500;0.0112;0.51491;0.40599;0.000133391;0.00335185;0.00335185;0.0452546;0.0268424;0.00318299;0.0237967;0.0237967;0.660714;0.00161812;0.957168;0.99082;
163000;0.0086;0.516665;0.406738;6.75877e-05;0.00341542;0.00341542;0.0465787;0.0273144;0.00153891;0.02431;0.02431;0.976744;0.00282429;0.999013;0.991273;
163500;0.009;0.518997;0.40505;1.71285e-05;0.00286293;0.00286293;0.0478426;0.0290155;0.000494747;0.0209735;0.0209735;0.977778;0.00141271;0.984653;0.992046;
164000;0.0108;0.518752;0.407349;4.78021e-05;0.00369034;0.00369034;0.0469445;0.0289682;0.00174336;0.0251915;0.0251915;0.833333;0.00202184;0.984021;0.990792;
164500;0.01;0.52219;0.406708;1.61303e-05;0.00300897;0.00300897;0.0485554;0.0305333;0.000435264;0.0215622;0.0215622;0.76;0.00323232;0.994151;0.991636;
165000;0.009;0.519901;0.404593;9.23945e-05;0.00322257;0.00322257;0.04901;0.0335979;0.00222199;0.0212431;0.0212431;0.977778;0.00201816;0.991672;0.990365;
165500;0.0088;0.517729;0.406592;0.000108355;0.00317032;0.00317032;0.0487663;0.0298075;0.00206299;0.0213647;0.0213647;1.04545;0.00121065;0.984483;0.990534;
166000;0.0092;0.519589;0.406938;0.000101955;0.00347667;0.00347667;0.0481063;0.0248286;0.00168716;0.0232704;0.0232704;1.02174;0.00201857;0.981587;0.990545;
166500;0.0096;0.516924;0.40879;0.000105388;0.00338707;0.00338707;0.0486732;0.0242638;0.00141382;0.022947;0.022947;0.875;0.00222132;0.978328;0.990319;
167000;0.0112;0.516042;0.410661;0.000115761;0.00325584;0.00325584;0.0475099;0.0240026;0.00267678;0.0224843;0.0224843;0.642857;0.00242718;0.963052;0.990325;
167500;0.008;0.517125;0.409469;0.000143659;0.00339709;0.00339709;0.0479291;0.0259328;0.00207653;0.0235695;0.0235695;0.95;0.00282258;0.990438;0.990532;
168000;0.0074;0.519135;0.408229;4.83672e-05;0.00388438;0.00388438;0.0496681;0.0266049;0.0010173;0.0269583;0.0269583;1.27027;0.00201491;0.975521;0.989945;
168500;0.0084;0.519651;0.408479;2.63436e-05;0.00291067;0.00291067;0.0525256;0.025771;0.00113548;0.021229;0.021229;0.952381;0.00100847;0.976446;0.991702;
169000;0.009;0.524208;0.409735;7.39316e-05;0.00291358;0.00291358;0.0543054;0.0234389;0.00223852;0.0198417;0.0198417;0.955556;0.00322906;0.989945;0.991854;
169500;0.0086;0.523341;0.410644;7.6525e-05;0.00340405;0.00340405;0.0544162;0.0236816;0.00197751;0.0225622;0.0225622;1.09302;0.00161388;0.988711;0.990494;
170000;0.0092;0.524879;0.410421;4.47365e-05;0.00306747;0.00306747;0.0542431;0.0250162;0.00158849;0.021981;0.021981;0.913043;0.00201857;0.976348;0.991326;
170500;0.008;0.523918;0.408656;1.06541e-05;0.00290181;0.00290181;0.0545591;0.0243982;0.000465088;0.0220181;0.0220181;1;0.00181452;0.985449;0.991684;
171000;0.0094;0.523963;0.407292;2.96677e-05;0.00337456;0.00337456;0.055511;0.0244864;0.000992555;0.0241655;0.0241655;0.93617;0.00181708;0.995189;0.990927;
171500;0.0088;0.526856;0.408712;7.82535e-05;0.00324115;0.00324115;0.0563089;0.0243995;0.00257391;0.0222199;0.0222199;0.954545;0.00161421;0.97268;0.99106;
172000;0.008;0.530438;0.409371;9.48389e-05;0.00389924;0.00389924;0.0585091;0.0240736;0.00310129;0.0255051;0.0255051;1.275;0.00201613;0.985309;0.99021;
172500;0.0092;0.531682;0.408258;5.04918e-05;0.00312852;0.00312852;0.057563;0.0275179;0.00178163;0.0229613;0.0229613;0.847826;0.00161486;0.979066;0.99126;
173000;0.0084;0.537126;0.407347;7.55022e-05;0.00306089;0.00306089;0.0588066;0.0276924;0.0014819;0.0220536;0.0220536;0.833333;0.00221864;0.986965;0.990823;
173500;0.0078;0.537354;0.405386;4.79034e-05;0.00323002;0.00323002;0.057468;0.0323695;0.00086493;0.0218086;0.0218086;1;0.00282201;0.985343;0.99098;
174000;0.007;0.535493;0.406117;0.000109055;0.00374581;0.00374581;0.0581747;0.0355228;0.00248325;0.0251915;0.0251915;1.6;0.00261833;0.988346;0.990681;
174500;0.011;0.534522;0.406674;0.000141846;0.00329598;0.00329598;0.0570929;0.0381362;0.00241533;0.0217621;0.0217621;0.709091;0.00343782;0.974509;0.990744;
175000;0.01;0.537627;0.408236;0.000124495;0.00333103;0.00333103;0.0592995;0.040907;0.00197128;0.0236026;0.0236026;0.74;0.00222222;0.995169;0.990533;
175500;0.0098;0.539856;0.406521;0.000192675;0.00347385;0.00347385;0.0590144;0.0444825;0.00344463;0.0240986;0.0240986;0.897959;0.00302969;0.982963;0.990826;
176000;0.011;0.541263;0.40367;0.000154009;0.00270094;0.00270094;0.0572197;0.0466678;0.00279103;0.0195729;0.0195729;0.654545;0.00182002;0.990907;0.991269;
176500;0.0076;0.539533;0.404252;4.44768e-05;0.00302712;0.00302712;0.0549435;0.0460944;0.000634564;0.0212406;0.0212406;1.23684;0.00261991;0.995239;0.991952;
177000;0.0072;0.536246;0.405247;8.56939e-05;0.00301238;0.00301238;0.0533875;0.0422831;0.00231478;0.0216589;0.0216589;1.08333;0.00241741;0.984979;0.991514;
177500;0.0078;0.535267;0.403089;4.0856e-05;0.00268318;0.00268318;0.0544834;0.040911;0.00109506;0.0194623;0.0194623;1.10256;0.00201572;0.984723;0.992623;
178000;0.0096;0.531566;0.40064;9.03777e-05;0.00282886;0.00282886;0.0535733;0.0370827;0.00208688;0.0188952;0.0188952;1.27083;0.00161551;0.986351;0.992254;
178500;0.0102;0.53372;0.398998;0.000152556;0.00246722;0.00246722;0.0539423;0.0409243;0.00289505;0.0173413;0.0173413;0.72549;0.00101031;0.991844;0.991561;
179000;0.008;0.538544;0.402676;9.04985e-05;0.00301667;0.00301667;0.053578;0.0373605;0.00157908;0.020606;0.020606;1.2;0.0016129;0.976007;0.991478;
179500;0.0108;0.53722;0.400712;0.000144676;0.00248948;0.00248948;0.0527089;0.0391773;0.00255415;0.017916;0.017916;0.685185;0.0024262;0.97695;0.992061;
180000;0.0094;0.538422;0.401505;3.36885e-05;0.00274557;0.00274557;0.0529801;0.0369026;0.00086488;0.02142;0.02142;0.957447;0.00141328;0.991461;0.992562;
180500;0.009;0.540183;0.398624;9.87625e-05;0.00302844;0.00302844;0.0542695;0.0398912;0.00277245;0.0202801;0.0202801;1.22222;0.00262361;0.963985;0.99198;
181000;0.0088;0.544725;0.398979;0.000175653;0.00321333;0.00321333;0.0572975;0.0410512;0.00370393;0.0225707;0.0225707;1.04545;0.00161421;0.973086;0.991185;
181500;0.0078;0.542691;0.398764;7.69426e-05;0.00249416;0.00249416;0.0583094;0.0439464;0.00136928;0.0213353;0.0213353;0.794872;0.00221729;0.983575;0.992849;
182000;0.0098;0.546405;0.397107;2.43605e-05;0.00273041;0.00273041;0.058849;0.0442769;0.00108827;0.0200919;0.0200919;0.918367;0.00161584;0.970222;0.992685;
182500;0.0078;0.545353;0.397114;3.43574e-05;0.00278281;0.00278281;0.0581773;0.0449804;0.00145848;0.0232106;0.0232106;1.07692;0.00302358;0.975517;0.993005;
183000;0.0104;0.546513;0.397554;0.000105889;0.00265736;0.00265736;0.0589915;0.0434475;0.00285023;0.0206193;0.0206193;0.826923;0.000808407;0.973775;0.992674;
183500;0.01;0.54678;0.396101;8.83536e-06;0.00292201;0.00292201;0.0599369;0.0431024;0.000444273;0.0201583;0.0201583;1.12;0.0030303;0.994485;0.992258;
184000;0.0092;0.549469;0.396203;3.29201e-05;0.00272581;0.00272581;0.0597441;0.0421757;0.00132899;0.0206082;0.0206082;0.956522;0.00322971;0.974535;0.992586;
184500;0.0086;0.547019;0.394947;0.000126152;0.00239658;0.00239658;0.0612467;0.0455482;0.00282348;0.0152209;0.0152209;0.976744;0.00201735;0.998124;0.991958;
185000;0.011;0.552063;0.395159;9.19352e-05;0.00244494;0.00244494;0.0625947;0.046872;0.00166443;0.0174958;0.0174958;0.836364;0.00222447;0.987492;0.992322;
185500;0.0106;0.553588;0.394205;0.00012203;0.00218503;0.00218503;0.0631725;0.0493488;0.00202169;0.0148387;0.0148387;0.660377;0.00242571;0.986682;0.992061;
186000;0.0108;0.552184;0.394856;2.23038e-05;0.00215454;0.00215454;0.0601918;0.0499608;0.00112078;0.0165845;0.0165845;0.87037;0.00202184;0.988949;0.993658;
186500;0.0088;0.554407;0.395592;4.83609e-05;0.00197448;0.00197448;0.0589789;0.052145;0.00110301;0.0162143;0.0162143;0.977273;0.00201776;0.96023;0.993428;
187000;0.0108;0.557759;0.3952;7.41586e-05;0.00210516;0.00210516;0.0596466;0.0526642;0.00218398;0.0143979;0.0143979;0.888889;0.00181965;0.981122;0.993039;
187500;0.0102;0.557557;0.398039;0.000172835;0.00217375;0.00217375;0.0594131;0.0465388;0.0031332;0.0159286;0.0159286;0.745098;0.00323298;0.982023;0.993435;
188000;0.008;0.559902;0.398915;0.000116952;0.00229723;0.00229723;0.0590893;0.04463;0.00261429;0.0165729;0.0165729;1.075;0.000806452;0.991038;0.992258;
188500;0.0088;0.556028;0.39738;5.48005e-05;0.00255958;0.00255958;0.0585829;0.0487977;0.00131836;0.0187319;0.0187319;1.11364;0.00262308;0.9804;0.993148;
189000;0.007;0.55869;0.398826;0.000208697;0.00239187;0.00239187;0.0597526;0.0463639;0.00360526;0.0172334;0.0172334;1.02857;0.00261833;0.991603;0.992119;
189500;0.0086;0.558829;0.399099;0.000161995;0.00186357;0.00186357;0.0599928;0.0432647;0.00332039;0.0142127;0.0142127;0.674419;0.00161388;0.9803;0.993302;
190000;0.0084;0.558728;0.398167;0.000271468;0.00240253;0.00240253;0.0624616;0.0452573;0.00425968;0.0158719;0.0158719;0.97619;0.00141186;0.977261;0.991879;
190500;0.0104;0.556782;0.396948;0.000109723;0.00189055;0.00189055;0.0622114;0.0462173;0.00229911;0.0130455;0.0130455;0.769231;0.00121261;0.992696;0.993067;
191000;0.0106;0.556998;0.398552;3.41674e-05;0.00198356;0.00198356;0.0619971;0.0461727;0.00139883;0.0146314;0.0146314;0.830189;0.001415;0.994617;0.9933;
191500;0.0078;0.554713;0.3975;4.25055e-05;0.00153265;0.00153265;0.061301;0.050889;0.00158084;0.0125038;0.0125038;0.794872;0.00161258;0.991943;0.99417;
192000;0.0096;0.554368;0.40031;9.71593e-05;0.00227726;0.00227726;0.0642769;0.0509249;0.00234967;0.0163184;0.0163184;1.0625;0.00222132;0.963757;0.993391;
192500;0.0092;0.558562;0.398444;8.43909e-05;0.00185804;0.00185804;0.0629659;0.0518025;0.00210412;0.0131406;0.0131406;1.04348;0.00201857;0.98963;0.993747;
193000;0.0088;0.559992;0.40204;0.000122775;0.00167427;0.00167427;0.065613;0.0505254;0.0024442;0.0124813;0.0124813;1.04545;0.00141243;0.975913;0.993812;
193500;0.008;0.561472;0.402711;0.000113574;0.00206875;0.00206875;0.0667822;0.0498434;0.00193749;0.0149603;0.0149603;1.175;0.00201613;0.987209;0.992887;
194000;0.0112;0.561227;0.399394;0.000320399;0.00203692;0.00203692;0.0654357;0.048387;0.00416226;0.0137254;0.0137254;0.696429;0.00141586;0.978257;0.992407;
194500;0.01;0.562597;0.399495;0.000128971;0.00177403;0.00177403;0.0667699;0.0486942;0.00250519;0.0124521;0.0124521;1;0.00181818;0.995506;0.993807;
195000;0.0092;0.560915;0.402834;0.000162999;0.00176809;0.00176809;0.0667769;0.0479333;0.00313368;0.0129854;0.0129854;0.956522;0.00201857;0.980239;0.993709;
195500;0.0072;0.564267;0.402236;3.06951e-05;0.0015663;0.0015663;0.0661579;0.0490944;0.00114848;0.0114814;0.0114814;1.27778;0.00141015;0.971855;0.994439;
196000;0.0112;0.557209;0.397533;4.27976e-05;0.00137813;0.00137813;0.0660093;0.0543172;0.00136751;0.0113354;0.0113354;0.678571;0.00101133;0.984698;0.994667;
196500;0.0082;0.562259;0.395828;7.44891e-05;0.0016027;0.0016027;0.0665578;0.0553198;0.00196244;0.0113422;0.0113422;1.09756;0.00221819;0.990328;0.994133;
197000;0.0076;0.558282;0.394691;5.26731e-05;0.001679;0.001679;0.0676053;0.0579509;0.00149812;0.0120034;0.0120034;1.07895;0.00161225;0.987879;0.993642;
197500;0.0096;0.557086;0.393477;2.50182e-05;0.00158432;0.00158432;0.0658245;0.0582158;0.00129351;0.0120413;0.0120413;0.854167;0.00161551;0.98859;0.994407;
198000;0.0108;0.558806;0.392352;0.000147915;0.00172396;0.00172396;0.0656609;0.0583711;0.00300232;0.0123761;0.0123761;0.796296;0.0024262;0.993418;0.994006;
198500;0.0098;0.560962;0.390375;0.000105521;0.00201764;0.00201764;0.0662535;0.0587261;0.00237076;0.0162567;0.0162567;1.14286;0.00302969;0.979723;0.993995;
199000;0.0084;0.55727;0.389146;1.44727e-05;0.00124473;0.00124473;0.0685029;0.0589264;0.000453107;0.00834634;0.00834634;0.97619;0.00181525;0.99114;0.994789;
199500;0.0114;0.551827;0.390428;0.000127276;0.00167861;0.00167861;0.0666367;0.0557158;0.00243965;0.0126271;0.0126271;0.701754;0.00141614;0.987377;0.993755;
200000;0.0072;0.557114;0.390623;6.10788e-05;0.00160959;0.00160959;0.0679506;0.0547418;0.00186132;0.0112131;0.0112131;1.27778;0.0020145;0.982668;0.993888;
