

seed;1098479655;
Npop;5000;
mu_feedback;0.0005;
mu_stress_influx;0.0005;
mu_influx;0.0005;
mu_hstart;0.0005;
sP2NP_1;0.19;
sNP2P_1;0.01;
init_feedback;0.1;
init_stress_influx;0.4;
init_influx;0.05;
init_hstart;0.5;
cue_P;0;
cue_NP;0;
s0;0;
ad;1.5;
aP;1;
mort_background;0.002;
dmax;1;
zmax;1;
r;1;
u;1;
p_att;0.5;
NumGen;200000;
base_name;sim_stress_17_02_2020_152706_1;
generation;freq_P;mean_feedback;mean_stress_influx;mean_influx;mean_hormone;mean_damage;sd_feedback;sd_stress_influx;sd_influx;sd_hormone;sd_damage;prop_dead_P;prop_dead_NP;mean_fecundity_P;mean_fecundity_NP;
0;0.0458;0.1;0.4;0.05;0.50552;0.50552;-nan;-nan;-nan;0.046664;0.046664;0.270742;0.0018864;0.490256;0.646447;
500;0.0258;0.0999791;0.400209;0.0500564;0.519809;0.519809;0.00147162;0.00443016;0.00260555;0.0749633;0.0749633;0.271318;0.00205297;0.299536;0.630904;
1000;0.028;0.099949;0.400336;0.0500763;0.522051;0.522051;0.00204365;0.00767965;0.00218856;0.0795026;0.0795026;0.142857;0.00144033;0.280449;0.629337;
1500;0.026;0.0999861;0.401037;0.0500299;0.520709;0.520709;0.00211625;0.0122467;0.00350939;0.0821924;0.0821924;0.238462;0.00164271;0.246929;0.630801;
2000;0.0252;0.100086;0.400587;0.0499109;0.519653;0.519653;0.00460374;0.0108408;0.00278311;0.0808969;0.0808969;0.285714;0.00225687;0.296976;0.630414;
2500;0.0256;0.100959;0.40117;0.049843;0.515702;0.515702;0.0109051;0.0124615;0.00273387;0.0831021;0.0831021;0.234375;0.00246305;0.28343;0.635029;
3000;0.0264;0.101274;0.401198;0.0497356;0.514565;0.514565;0.0117432;0.0128995;0.00354256;0.087545;0.087545;0.189394;0.00102712;0.271136;0.636588;
3500;0.0278;0.100549;0.401393;0.0498527;0.517289;0.517289;0.00787721;0.0154804;0.00292407;0.082438;0.082438;0.201439;0.00288007;0.282757;0.634091;
4000;0.0232;0.100687;0.401929;0.0496018;0.512507;0.512507;0.00902079;0.0176822;0.00446719;0.0837054;0.0837054;0.232759;0.00225225;0.287281;0.637458;
4500;0.0268;0.100891;0.401285;0.0495823;0.513867;0.513867;0.0105013;0.0176261;0.00422869;0.0884921;0.0884921;0.179104;0.00164406;0.285391;0.636945;
5000;0.0284;0.100585;0.403384;0.0491459;0.512973;0.512973;0.00885624;0.023042;0.00516219;0.0967112;0.0967112;0.211268;0.00164677;0.259446;0.638507;
5500;0.0244;0.101343;0.403561;0.0490731;0.50798;0.50798;0.0124911;0.0215015;0.00508527;0.0937816;0.0937816;0.196721;0.00205002;0.271341;0.642313;
6000;0.0292;0.102005;0.404938;0.0485568;0.502874;0.502874;0.0152559;0.026203;0.00633187;0.108045;0.108045;0.123288;0.00164813;0.254513;0.648753;
6500;0.0258;0.102571;0.406384;0.0485408;0.501988;0.501988;0.017191;0.0274452;0.00691737;0.108246;0.108246;0.155039;0.00184767;0.254551;0.648193;
7000;0.0278;0.102986;0.407251;0.0485912;0.499929;0.499929;0.0186858;0.0298954;0.0067255;0.106397;0.106397;0.172662;0.00144003;0.311229;0.649828;
7500;0.027;0.103414;0.40783;0.0478143;0.492547;0.492547;0.0197202;0.0297412;0.00822331;0.117508;0.117508;0.177778;0.00143885;0.318256;0.655962;
8000;0.0284;0.10617;0.410265;0.0475319;0.483947;0.483947;0.0266132;0.0336235;0.00818621;0.123028;0.123028;0.169014;0.00144092;0.320734;0.664794;
8500;0.0248;0.106887;0.409956;0.0471141;0.477094;0.477094;0.0277296;0.0339477;0.00905422;0.126541;0.126541;0.241935;0.00205086;0.294333;0.670863;
9000;0.0304;0.107517;0.411856;0.0468665;0.477638;0.477638;0.0297264;0.0372659;0.00928141;0.135707;0.135707;0.138158;0.00123762;0.261539;0.672279;
9500;0.0262;0.108023;0.411529;0.0468167;0.472243;0.472243;0.030288;0.0371478;0.00899805;0.13156;0.13156;0.160305;0.00246457;0.308513;0.675393;
10000;0.0218;0.11066;0.413331;0.0458424;0.459469;0.459469;0.0345365;0.0391553;0.00997359;0.140593;0.140593;0.311927;0.00122674;0.284031;0.686252;
10500;0.0262;0.112142;0.416331;0.0451441;0.450798;0.450798;0.0368502;0.0436363;0.0105794;0.147279;0.147279;0.328244;0.00123229;0.281232;0.696086;
11000;0.025;0.112668;0.417661;0.0449329;0.446952;0.446952;0.037271;0.0445574;0.0111385;0.150119;0.150119;0.192;0.00205128;0.307288;0.697925;
11500;0.0232;0.113281;0.419967;0.0443095;0.440074;0.440074;0.038296;0.0469895;0.0118299;0.1543;0.1543;0.163793;0.002457;0.289855;0.703782;
12000;0.0234;0.113374;0.424351;0.0433929;0.431361;0.431361;0.0385256;0.0505708;0.0125316;0.158259;0.158259;0.25641;0.00184313;0.315981;0.710933;
12500;0.0242;0.116848;0.429136;0.0418959;0.411208;0.411208;0.0433163;0.0535733;0.0138295;0.165871;0.165871;0.198347;0.00184464;0.388757;0.728153;
13000;0.022;0.120091;0.434176;0.0409682;0.39704;0.39704;0.0467881;0.0566104;0.0141692;0.171026;0.171026;0.245455;0.00306748;0.363614;0.740487;
13500;0.0248;0.123966;0.436059;0.0396626;0.381552;0.381552;0.0492065;0.0589722;0.0149512;0.180734;0.180734;0.225806;0.00287121;0.342352;0.754814;
14000;0.022;0.122553;0.435732;0.0392668;0.378633;0.378633;0.0482051;0.0576243;0.0149177;0.180173;0.180173;0.227273;0.00184049;0.360945;0.75561;
14500;0.0234;0.119189;0.436452;0.0384242;0.377591;0.377591;0.0451397;0.0587714;0.0153864;0.1788;0.1788;0.230769;0.00143354;0.362879;0.75722;
15000;0.0204;0.120937;0.437875;0.0375675;0.368366;0.368366;0.0473937;0.0603583;0.0156373;0.180101;0.180101;0.362745;0.00265414;0.334778;0.7651;
15500;0.0206;0.12179;0.43933;0.0375535;0.365955;0.365955;0.048093;0.0610701;0.0157628;0.183811;0.183811;0.349515;0.00163365;0.350077;0.765816;
16000;0.024;0.12093;0.438981;0.0364457;0.359095;0.359095;0.0469543;0.0603634;0.0160947;0.184082;0.184082;0.225;0.00143443;0.329646;0.773704;
16500;0.024;0.124794;0.439244;0.0347878;0.337447;0.337447;0.0508746;0.0605537;0.0167281;0.185585;0.185585;0.25;0.00307377;0.416167;0.790898;
17000;0.0218;0.126439;0.44086;0.0342095;0.332294;0.332294;0.0530132;0.0613974;0.0170625;0.189436;0.189436;0.247706;0.00245349;0.42289;0.793138;
17500;0.022;0.123362;0.440979;0.0330838;0.326322;0.326322;0.0496667;0.0623586;0.0171939;0.19086;0.19086;0.318182;0.00102249;0.412674;0.797884;
18000;0.0162;0.126347;0.441387;0.0311379;0.304011;0.304011;0.051991;0.0613625;0.0175231;0.188542;0.188542;0.444444;0.00142305;0.450076;0.814224;
18500;0.0168;0.128611;0.441652;0.0300453;0.290773;0.290773;0.0531855;0.0616271;0.0177869;0.188818;0.188818;0.369048;0.00244101;0.509199;0.823936;
19000;0.0162;0.132176;0.444943;0.029006;0.279831;0.279831;0.0568163;0.0640113;0.0177668;0.187905;0.187905;0.444444;0.000813173;0.482842;0.832958;
19500;0.0206;0.135633;0.441381;0.0282478;0.272253;0.272253;0.0597974;0.0626146;0.0181645;0.196781;0.196781;0.427184;0.00204207;0.45211;0.839424;
20000;0.0174;0.133246;0.442645;0.0264696;0.25772;0.25772;0.0586295;0.062787;0.0182532;0.191162;0.191162;0.356322;0.0024425;0.548707;0.848244;
20500;0.015;0.134687;0.442546;0.024725;0.243706;0.243706;0.0600205;0.0633172;0.0183446;0.192308;0.192308;0.426667;0.00263959;0.558103;0.857064;
21000;0.017;0.136449;0.442421;0.0235816;0.232104;0.232104;0.060341;0.0634251;0.0180389;0.190407;0.190407;0.329412;0.00244151;0.659118;0.864626;
21500;0.0178;0.135328;0.444213;0.0221505;0.221431;0.221431;0.0604193;0.064362;0.0179572;0.190071;0.190071;0.370787;0.00223987;0.599816;0.873546;
22000;0.0148;0.135105;0.446556;0.0223863;0.224791;0.224791;0.059208;0.0669336;0.0180897;0.192581;0.192581;0.540541;0.00203004;0.52546;0.871149;
22500;0.0186;0.13903;0.445356;0.0212926;0.212735;0.212735;0.0623323;0.0654844;0.0179675;0.190514;0.190514;0.462366;0.00203791;0.583497;0.880403;
23000;0.0154;0.142926;0.44564;0.0206196;0.205838;0.205838;0.0641427;0.0660605;0.0177622;0.188113;0.188113;0.571429;0.00243754;0.536115;0.885453;
23500;0.0126;0.141274;0.44289;0.0201575;0.201384;0.201384;0.0640856;0.0650934;0.0179244;0.186836;0.186836;0.571429;0.00162042;0.641599;0.885786;
24000;0.0146;0.145028;0.443477;0.0197519;0.193292;0.193292;0.0656266;0.0657497;0.0176309;0.184773;0.184773;0.520548;0.00101482;0.603309;0.892566;
24500;0.0158;0.145443;0.449933;0.0200387;0.196918;0.196918;0.0657261;0.0693797;0.0176475;0.185676;0.185676;0.455696;0.00203211;0.562351;0.891327;
25000;0.0132;0.140509;0.452679;0.0207837;0.207011;0.207011;0.0636352;0.0701609;0.0179724;0.191453;0.191453;0.575758;0.00141873;0.612679;0.881695;
25500;0.0166;0.140156;0.456835;0.0206982;0.207825;0.207825;0.0632124;0.0725112;0.0179233;0.193208;0.193208;0.385542;0.00203376;0.543288;0.882489;
26000;0.0162;0.135796;0.458515;0.0206719;0.211198;0.211198;0.0601912;0.0732604;0.0177399;0.191451;0.191451;0.395062;0.00243952;0.564322;0.880262;
26500;0.0112;0.135391;0.459265;0.0193481;0.20086;0.20086;0.0596109;0.0735922;0.0176325;0.190456;0.190456;0.553571;0.00182039;0.479555;0.886443;
27000;0.0172;0.130135;0.463572;0.0189522;0.200914;0.200914;0.0555968;0.0754674;0.017694;0.191243;0.191243;0.430233;0.0018315;0.502114;0.888463;
27500;0.015;0.131161;0.466051;0.0178965;0.19022;0.19022;0.0555545;0.0772908;0.017548;0.185185;0.185185;0.413333;0.0022335;0.591609;0.894325;
28000;0.0156;0.124753;0.472211;0.017658;0.195414;0.195414;0.0503573;0.0792345;0.0172965;0.186211;0.186211;0.423077;0.00304754;0.599825;0.890993;
28500;0.0158;0.126547;0.474147;0.0167288;0.184175;0.184175;0.0519294;0.0793304;0.0172832;0.186757;0.186757;0.443038;0.00162569;0.646546;0.897085;
29000;0.0138;0.126781;0.474995;0.0165855;0.183345;0.183345;0.0519528;0.0803883;0.0172964;0.18666;0.18666;0.536232;0.00162239;0.533592;0.898814;
29500;0.0132;0.128695;0.472662;0.0158694;0.174578;0.174578;0.053187;0.0774239;0.0169812;0.178302;0.178302;0.469697;0.00263478;0.668029;0.904107;
30000;0.0124;0.124388;0.465583;0.0149223;0.170846;0.170846;0.0494325;0.0763735;0.0166934;0.179802;0.179802;0.629032;0.00121507;0.583957;0.906848;
30500;0.0166;0.123251;0.468779;0.0151406;0.171728;0.171728;0.0479351;0.0773017;0.0170278;0.180703;0.180703;0.445783;0.00122026;0.657801;0.906145;
31000;0.0154;0.125427;0.476098;0.0152044;0.173799;0.173799;0.049904;0.0798684;0.0171033;0.184397;0.184397;0.545455;0.00325005;0.647112;0.904336;
31500;0.0148;0.123929;0.484189;0.0151012;0.171756;0.171756;0.0484118;0.0828846;0.0169648;0.182238;0.182238;0.486486;0.00162404;0.595043;0.906408;
32000;0.0138;0.125673;0.488115;0.0148233;0.168332;0.168332;0.0501549;0.0823578;0.0169107;0.17815;0.17815;0.565217;0.00141959;0.685243;0.908093;
32500;0.0132;0.125628;0.492818;0.0147147;0.168042;0.168042;0.0501047;0.0831118;0.0166438;0.17677;0.17677;0.712121;0.00121605;0.595376;0.909873;
33000;0.013;0.129664;0.496878;0.014671;0.163301;0.163301;0.0535998;0.0828193;0.0163904;0.174557;0.174557;0.630769;0.00182371;0.572189;0.913527;
33500;0.014;0.126147;0.499547;0.0154715;0.174692;0.174692;0.0512169;0.0825633;0.0166897;0.181172;0.181172;0.585714;0.00121704;0.499087;0.906288;
34000;0.0166;0.127166;0.498662;0.0156338;0.177494;0.177494;0.0527684;0.0834645;0.0164068;0.182052;0.182052;0.542169;0.00162701;0.536675;0.905093;
34500;0.0152;0.129043;0.505503;0.0149524;0.171047;0.171047;0.0550755;0.0833636;0.0167998;0.183609;0.183609;0.592105;0.0030463;0.608987;0.907193;
35000;0.012;0.127508;0.504993;0.0154041;0.17171;0.17171;0.0530675;0.0853623;0.016896;0.18028;0.18028;0.583333;0.00121457;0.583311;0.906148;
35500;0.0154;0.126349;0.503064;0.0149505;0.170638;0.170638;0.0531829;0.0848775;0.0165394;0.183453;0.183453;0.415584;0.00223441;0.652257;0.906245;
36000;0.0124;0.125989;0.502103;0.0153394;0.176648;0.176648;0.0539179;0.0854751;0.0166726;0.188153;0.188153;0.677419;0.00222762;0.533057;0.902281;
36500;0.0146;0.123069;0.500134;0.0154887;0.179573;0.179573;0.0496804;0.0850609;0.0167056;0.185964;0.185964;0.616438;0.00182667;0.610984;0.900771;
37000;0.0126;0.124705;0.4953;0.0155158;0.179236;0.179236;0.0519122;0.0844604;0.0169275;0.185683;0.185683;0.634921;0.00121531;0.58356;0.900483;
37500;0.0156;0.123461;0.492698;0.0157589;0.179062;0.179062;0.0503917;0.0849496;0.0164942;0.181823;0.181823;0.423077;0.00223486;0.615159;0.901951;
38000;0.0138;0.122461;0.490078;0.0153427;0.177063;0.177063;0.0486683;0.0846343;0.016496;0.180975;0.180975;0.608696;0.00121679;0.683696;0.902098;
38500;0.0146;0.123295;0.499415;0.0152216;0.17646;0.17646;0.049438;0.0847944;0.0166642;0.181858;0.181858;0.630137;0.00263852;0.650801;0.903289;
39000;0.0132;0.122461;0.507362;0.0134111;0.161163;0.161163;0.049163;0.0852564;0.015822;0.178312;0.178312;0.530303;0.00121605;0.620347;0.912594;
39500;0.0156;0.122532;0.515536;0.0131524;0.159319;0.159319;0.049023;0.0845823;0.0158776;0.177797;0.177797;0.589744;0.00182852;0.676726;0.914543;
40000;0.0136;0.124675;0.513465;0.0120521;0.14956;0.14956;0.0512658;0.0854191;0.0152841;0.175915;0.175915;0.602941;0.00162206;0.622676;0.920412;
40500;0.014;0.122567;0.519313;0.0111565;0.142748;0.142748;0.0479976;0.0850708;0.0147477;0.170726;0.170726;0.628571;0.00182556;0.69732;0.924867;
41000;0.0118;0.121799;0.522191;0.0117228;0.14545;0.14545;0.0469089;0.0857741;0.0151949;0.169628;0.169628;0.576271;0.00283343;0.644135;0.923432;
41500;0.0122;0.11754;0.525061;0.0118246;0.1487;0.1487;0.0430295;0.084545;0.0150347;0.167438;0.167438;0.606557;0.00222717;0.69004;0.921739;
42000;0.0122;0.113681;0.526753;0.0109108;0.143907;0.143907;0.0395836;0.0859061;0.0147908;0.168621;0.168621;0.639344;0.00222717;0.678672;0.924233;
42500;0.013;0.110936;0.528588;0.010835;0.145107;0.145107;0.0350991;0.085067;0.0149318;0.171277;0.171277;0.492308;0.00121581;0.74657;0.92157;
43000;0.012;0.109815;0.528015;0.0105238;0.14258;0.14258;0.033098;0.0862946;0.0145392;0.170981;0.170981;0.583333;0.00303644;0.608901;0.925226;
43500;0.017;0.108451;0.52889;0.0108342;0.146751;0.146751;0.0306563;0.0859569;0.0147475;0.174883;0.174883;0.423529;0.000813835;0.581143;0.923419;
44000;0.0134;0.105803;0.528177;0.010486;0.146608;0.146608;0.0270038;0.0853574;0.0144487;0.170105;0.170105;0.58209;0.00263531;0.631229;0.923331;
44500;0.0116;0.105686;0.533742;0.0102784;0.145801;0.145801;0.0263325;0.0866668;0.0141142;0.172019;0.172019;0.637931;0.00222582;0.57603;0.923293;
45000;0.013;0.105124;0.54366;0.00992606;0.143197;0.143197;0.0258644;0.0858113;0.0140043;0.170068;0.170068;0.492308;0.00222898;0.689892;0.923893;
45500;0.0124;0.105188;0.543171;0.0104602;0.146659;0.146659;0.0277224;0.0842545;0.0142633;0.173958;0.173958;0.5;0.00121507;0.605248;0.921618;
46000;0.0128;0.105275;0.5457;0.0109414;0.152822;0.152822;0.0256591;0.0837273;0.014554;0.175919;0.175919;0.671875;0.00263371;0.57726;0.919072;
46500;0.0142;0.104939;0.543714;0.0105533;0.151381;0.151381;0.0254309;0.0829336;0.0143254;0.175907;0.175907;0.577465;0.00142017;0.66139;0.919027;
47000;0.0126;0.106483;0.546906;0.0102032;0.145624;0.145624;0.0288485;0.0814452;0.0141325;0.172319;0.172319;0.761905;0.00344339;0.620861;0.924137;
47500;0.0148;0.105324;0.545009;0.0100462;0.14477;0.14477;0.0281218;0.081392;0.014028;0.175261;0.175261;0.459459;0.00324807;0.626952;0.923771;
48000;0.0134;0.104701;0.54723;0.0092564;0.138613;0.138613;0.0267624;0.0825686;0.0139849;0.172831;0.172831;0.597015;0.00141901;0.632947;0.926867;
48500;0.0148;0.107272;0.550879;0.00976493;0.139329;0.139329;0.0305563;0.0832471;0.013607;0.167079;0.167079;0.540541;0.00142103;0.690656;0.927788;
49000;0.013;0.107067;0.551912;0.0102857;0.144927;0.144927;0.0296485;0.081302;0.0136662;0.169222;0.169222;0.507692;0.00324215;0.633422;0.924616;
49500;0.0152;0.107707;0.551781;0.0100328;0.142366;0.142366;0.0298612;0.082014;0.013819;0.171086;0.171086;0.592105;0.00223396;0.635793;0.926477;
50000;0.0138;0.108742;0.55608;0.0101506;0.140972;0.140972;0.0307845;0.0802761;0.0138385;0.16702;0.16702;0.463768;0.00202799;0.665253;0.926698;
50500;0.013;0.106289;0.556507;0.0117832;0.158841;0.158841;0.0272297;0.0794576;0.0147352;0.177203;0.177203;0.584615;0.000810537;0.520012;0.915717;
51000;0.0116;0.104668;0.553406;0.0116075;0.155328;0.155328;0.0222526;0.081349;0.0148026;0.175892;0.175892;0.5;0.00202347;0.571395;0.916644;
51500;0.015;0.106619;0.559582;0.013383;0.174052;0.174052;0.0283822;0.0788318;0.0154193;0.18219;0.18219;0.48;0.00142132;0.609286;0.90474;
52000;0.0148;0.106259;0.556035;0.0141621;0.180357;0.180357;0.0269116;0.0795133;0.0158671;0.180912;0.180912;0.432432;0.00182704;0.539875;0.902319;
52500;0.0156;0.10654;0.556873;0.0153652;0.193021;0.193021;0.0266895;0.0799854;0.0163706;0.190327;0.190327;0.461538;0.00101585;0.510472;0.892563;
53000;0.0156;0.108512;0.560446;0.016769;0.202665;0.202665;0.0303865;0.0787946;0.0169392;0.188902;0.188902;0.487179;0.00162536;0.523384;0.886715;
53500;0.0164;0.111105;0.560889;0.0162366;0.191809;0.191809;0.0340774;0.081211;0.0169588;0.186338;0.186338;0.182927;0.00223668;0.557324;0.893392;
54000;0.0182;0.110806;0.560782;0.0153643;0.187481;0.187481;0.0342227;0.0816528;0.0164992;0.187396;0.187396;0.395604;0.00122224;0.55474;0.897324;
54500;0.0148;0.111907;0.565326;0.0150056;0.18118;0.18118;0.035645;0.080761;0.0161326;0.178459;0.178459;0.445946;0.00182704;0.667392;0.900698;
55000;0.0162;0.114848;0.567362;0.014857;0.179183;0.179183;0.0415912;0.079499;0.0158608;0.179633;0.179633;0.407407;0.00142305;0.608314;0.903093;
55500;0.0144;0.115695;0.565721;0.0156984;0.187287;0.187287;0.0419354;0.0809159;0.0160486;0.181561;0.181561;0.527778;0.00202922;0.573222;0.897914;
56000;0.0134;0.115041;0.56834;0.0162463;0.192966;0.192966;0.0417404;0.0792114;0.0157502;0.180778;0.180778;0.597015;0.00141901;0.558337;0.894251;
56500;0.0148;0.114136;0.567219;0.0170319;0.201925;0.201925;0.0417673;0.0799355;0.016152;0.183381;0.183381;0.472973;0.00324807;0.537542;0.88895;
57000;0.0178;0.116546;0.567958;0.0166648;0.197032;0.197032;0.0433029;0.0810141;0.0165311;0.18607;0.18607;0.47191;0.00183262;0.573915;0.891847;
57500;0.014;0.116015;0.575419;0.0162301;0.193346;0.193346;0.0429631;0.078471;0.0163764;0.186761;0.186761;0.457143;0.00243408;0.457924;0.893968;
58000;0.017;0.11788;0.56654;0.0155213;0.185147;0.185147;0.0454263;0.0811387;0.015975;0.181489;0.181489;0.447059;0.00162767;0.585617;0.899936;
58500;0.0156;0.117451;0.566796;0.0156995;0.185299;0.185299;0.0437925;0.0813567;0.01588;0.180114;0.180114;0.641026;0.00182852;0.619285;0.899765;
59000;0.0152;0.115966;0.569165;0.0155536;0.184911;0.184911;0.0425902;0.0806793;0.0160518;0.179161;0.179161;0.592105;0.00101543;0.582422;0.900097;
59500;0.0162;0.116069;0.567017;0.0148311;0.178817;0.178817;0.0429038;0.0835806;0.0155254;0.180522;0.180522;0.493827;0.00182964;0.529328;0.904948;
60000;0.0156;0.115053;0.570508;0.0135446;0.167352;0.167352;0.0418213;0.0829573;0.0151353;0.173564;0.173564;0.551282;0.00304754;0.649352;0.91184;
60500;0.012;0.11364;0.579231;0.0133011;0.167733;0.167733;0.0384293;0.078513;0.0146864;0.170053;0.170053;0.633333;0.00303644;0.491694;0.913226;
61000;0.0146;0.113399;0.583871;0.0141456;0.173883;0.173883;0.0373225;0.0776209;0.0155818;0.178634;0.178634;0.589041;0.00182667;0.570952;0.907425;
61500;0.0124;0.114442;0.587089;0.0148235;0.181106;0.181106;0.0391841;0.0788341;0.0157251;0.179816;0.179816;0.548387;0.00202511;0.53313;0.901956;
62000;0.018;0.113258;0.59639;0.0144463;0.177262;0.177262;0.03712;0.0748204;0.0156973;0.180281;0.180281;0.366667;0.00203666;0.555176;0.905785;
62500;0.0162;0.114015;0.597203;0.014504;0.17958;0.17958;0.0390888;0.0740209;0.0153937;0.179334;0.179334;0.469136;0.00101647;0.550399;0.904269;
63000;0.016;0.117844;0.599615;0.0156194;0.184528;0.184528;0.042229;0.0729399;0.0155868;0.177662;0.177662;0.4375;0.00142276;0.5216;0.90192;
63500;0.0122;0.121308;0.599925;0.0155529;0.177933;0.177933;0.0467311;0.0748293;0.0151949;0.168668;0.168668;0.409836;0.00101235;0.624781;0.904959;
64000;0.016;0.127204;0.601414;0.0163389;0.180582;0.180582;0.0523615;0.0736849;0.0153209;0.171316;0.171316;0.45;0.00162602;0.576815;0.905671;
64500;0.0134;0.128167;0.604267;0.0165774;0.178498;0.178498;0.0521464;0.0724546;0.0155045;0.169474;0.169474;0.477612;0.00202716;0.636247;0.905658;
65000;0.0168;0.127439;0.606043;0.0162852;0.178969;0.178969;0.0512032;0.0727496;0.015478;0.170336;0.170336;0.464286;0.00142392;0.634541;0.906277;
65500;0.0152;0.123188;0.604734;0.0161603;0.184739;0.184739;0.0465745;0.0697583;0.0147735;0.170214;0.170214;0.552632;0.00203087;0.543535;0.904116;
66000;0.014;0.118794;0.60407;0.0159526;0.182933;0.182933;0.040256;0.0698275;0.0145283;0.164899;0.164899;0.642857;0.00182556;0.611812;0.905236;
66500;0.014;0.118525;0.604726;0.0165013;0.186707;0.186707;0.0375028;0.0709263;0.0150647;0.169377;0.169377;0.514286;0.00162272;0.576023;0.90199;
67000;0.0146;0.116227;0.608775;0.0170834;0.196916;0.196916;0.0340997;0.0675521;0.014948;0.172734;0.172734;0.589041;0.00142074;0.577026;0.895449;
67500;0.0174;0.11478;0.610999;0.0168795;0.193589;0.193589;0.0310118;0.0658554;0.0147853;0.169731;0.169731;0.344828;0.00142479;0.576859;0.898589;
68000;0.013;0.112693;0.611019;0.016315;0.190025;0.190025;0.0276358;0.0641655;0.0140874;0.16391;0.16391;0.6;0.00263425;0.546797;0.902074;
68500;0.0116;0.111416;0.618589;0.0154373;0.184659;0.184659;0.0261719;0.0611124;0.0138634;0.163707;0.163707;0.603448;0.00323756;0.526927;0.905362;
69000;0.0146;0.109835;0.624201;0.015772;0.191741;0.191741;0.0252091;0.057278;0.0135293;0.168021;0.168021;0.506849;0.00243556;0.585853;0.900053;
69500;0.0176;0.110052;0.623547;0.0161186;0.193198;0.193198;0.0238832;0.0575941;0.0135362;0.166793;0.166793;0.318182;0.00203583;0.606398;0.899481;
70000;0.0138;0.109584;0.625417;0.0173208;0.205971;0.205971;0.0252953;0.0550628;0.0135847;0.168678;0.168678;0.42029;0.00263638;0.536082;0.890853;
70500;0.0136;0.110073;0.624145;0.0166869;0.20011;0.20011;0.0254797;0.0582845;0.0139465;0.173198;0.173198;0.544118;0.00162206;0.505553;0.893879;
71000;0.0168;0.109447;0.624984;0.0163408;0.199086;0.199086;0.023619;0.0586232;0.0142964;0.174957;0.174957;0.464286;0.00203417;0.511491;0.895665;
71500;0.012;0.109198;0.626969;0.0164563;0.198151;0.198151;0.0239249;0.0546552;0.0141503;0.172364;0.172364;0.6;0.001417;0.573287;0.893889;
72000;0.0154;0.109289;0.626818;0.016539;0.200881;0.200881;0.0245035;0.0571712;0.0141665;0.17606;0.17606;0.649351;0.00203128;0.54591;0.893776;
72500;0.0136;0.109424;0.629792;0.0159381;0.192831;0.192831;0.0249365;0.0510597;0.0137245;0.168597;0.168597;0.617647;0.00243309;0.477724;0.900896;
73000;0.0132;0.109882;0.631216;0.0159564;0.190858;0.190858;0.0261344;0.0475558;0.0138972;0.166917;0.166917;0.393939;0.00121605;0.535562;0.900411;
73500;0.0144;0.109765;0.63151;0.0160246;0.194286;0.194286;0.0264651;0.0466604;0.0137702;0.168006;0.168006;0.555556;0.0018263;0.592125;0.898506;
74000;0.015;0.108854;0.630372;0.0163883;0.197856;0.197856;0.0269954;0.0499733;0.0137567;0.168864;0.168864;0.56;0.00263959;0.620644;0.895697;
74500;0.0152;0.108563;0.631908;0.0171632;0.206376;0.206376;0.0255818;0.048903;0.0133889;0.168565;0.168565;0.513158;0.00142161;0.485154;0.892078;
75000;0.0162;0.108851;0.632694;0.017564;0.210918;0.210918;0.0268112;0.0517267;0.0138253;0.171572;0.171572;0.54321;0.00142305;0.512554;0.888493;
75500;0.0168;0.107789;0.630259;0.0183173;0.219127;0.219127;0.0259376;0.0539611;0.0138144;0.169789;0.169789;0.416667;0.00264443;0.600003;0.88204;
76000;0.0132;0.108506;0.637456;0.0176872;0.208812;0.208812;0.0242453;0.0492821;0.01337;0.164848;0.164848;0.393939;0.00202675;0.519187;0.889737;
76500;0.0148;0.113677;0.637312;0.0185104;0.21217;0.21217;0.0307388;0.0475409;0.0133346;0.16435;0.16435;0.540541;0.00101502;0.512453;0.888827;
77000;0.0138;0.115174;0.634905;0.0188986;0.213051;0.213051;0.0338407;0.050031;0.0133443;0.161286;0.161286;0.666667;0.00182519;0.551507;0.88867;
77500;0.0146;0.114061;0.637639;0.0190814;0.216524;0.216524;0.0326331;0.0482247;0.0132273;0.158785;0.158785;0.60274;0.00182667;0.562454;0.886839;
78000;0.0162;0.115777;0.638577;0.018938;0.209596;0.209596;0.0336786;0.0452443;0.0132133;0.157258;0.157258;0.296296;0.00203293;0.561596;0.891595;
78500;0.016;0.116043;0.643255;0.0178752;0.20421;0.20421;0.0339277;0.0426892;0.0127162;0.157649;0.157649;0.4375;0.00264228;0.576987;0.895503;
79000;0.0164;0.114269;0.645792;0.0176577;0.206082;0.206082;0.0322215;0.0407606;0.0124203;0.160537;0.160537;0.487805;0.00101667;0.504384;0.894603;
79500;0.023;0.112565;0.647736;0.018004;0.211422;0.211422;0.0280494;0.0433072;0.0125432;0.162984;0.162984;0.356522;0.00204708;0.524698;0.893421;
80000;0.0188;0.111458;0.645993;0.0178867;0.210022;0.210022;0.0260476;0.0418912;0.0122057;0.160047;0.160047;0.468085;0.00305748;0.53864;0.893419;
80500;0.0188;0.110461;0.645974;0.019208;0.222327;0.222327;0.0258932;0.0427141;0.0123086;0.158111;0.158111;0.393617;0.00203832;0.505876;0.885429;
81000;0.0164;0.110025;0.645186;0.019141;0.222387;0.222387;0.0268433;0.0429595;0.0122734;0.157451;0.157451;0.365854;0.00264335;0.492934;0.884888;
81500;0.0162;0.109586;0.644533;0.0185125;0.217761;0.217761;0.0265906;0.0434063;0.0122341;0.156435;0.156435;0.432099;0.00162635;0.572138;0.886644;
82000;0.0146;0.108962;0.646889;0.0185718;0.216489;0.216489;0.0249933;0.0450742;0.0119761;0.155209;0.155209;0.616438;0.00243556;0.522526;0.889261;
82500;0.0168;0.106641;0.649947;0.0182426;0.21681;0.21681;0.0211689;0.0455666;0.0121367;0.156217;0.156217;0.345238;0.00142392;0.574157;0.887229;
83000;0.015;0.105283;0.650732;0.0187455;0.225371;0.225371;0.0177367;0.0497309;0.0122985;0.157997;0.157997;0.466667;0.00182741;0.482386;0.882441;
83500;0.0168;0.106572;0.654993;0.0188771;0.222247;0.222247;0.016503;0.0477815;0.0116055;0.155177;0.155177;0.452381;0.000610252;0.521284;0.884869;
84000;0.0164;0.106918;0.65631;0.0197687;0.231729;0.231729;0.0184694;0.0504485;0.0112467;0.153408;0.153408;0.47561;0.00223668;0.501697;0.879861;
84500;0.0192;0.106706;0.652924;0.0204499;0.237283;0.237283;0.0196686;0.052522;0.0113142;0.156017;0.156017;0.3125;0.000611746;0.439938;0.876639;
85000;0.0176;0.105971;0.654514;0.02064;0.243635;0.243635;0.0194207;0.0482509;0.0109613;0.154257;0.154257;0.272727;0.002443;0.474163;0.871338;
85500;0.0176;0.105629;0.653666;0.0206017;0.241941;0.241941;0.017771;0.050812;0.0109055;0.147756;0.147756;0.318182;0.00142508;0.567486;0.872328;
86000;0.0174;0.105647;0.65551;0.0204;0.238579;0.238579;0.0180175;0.0520491;0.0106017;0.145593;0.145593;0.344828;0.00162833;0.563124;0.87511;
86500;0.0178;0.10616;0.652767;0.0204919;0.239685;0.239685;0.0194913;0.052232;0.0106038;0.147585;0.147585;0.359551;0.00101812;0.53521;0.874686;
87000;0.0178;0.106201;0.656338;0.020239;0.239596;0.239596;0.0199852;0.0505224;0.0109884;0.151348;0.151348;0.382022;0.00183262;0.58733;0.873412;
87500;0.0144;0.105563;0.660671;0.0197518;0.233259;0.233259;0.018509;0.0460586;0.0107083;0.153011;0.153011;0.513889;0.000811688;0.474685;0.878017;
88000;0.0172;0.10627;0.663772;0.0194594;0.231611;0.231611;0.0179217;0.0461234;0.0113258;0.156327;0.156327;0.360465;0.0018315;0.467996;0.87953;
88500;0.0228;0.105547;0.666068;0.0198332;0.23834;0.23834;0.016481;0.0478594;0.0109505;0.156117;0.156117;0.324561;0.00143266;0.484106;0.877255;
89000;0.016;0.106628;0.663509;0.0199651;0.233652;0.233652;0.0162795;0.0467801;0.0106311;0.14729;0.14729;0.4875;0.00264228;0.587693;0.878548;
89500;0.0146;0.106936;0.662757;0.0208542;0.24076;0.24076;0.0161401;0.0454929;0.0107755;0.145534;0.145534;0.534247;0.00263852;0.477699;0.875034;
90000;0.0208;0.107621;0.666263;0.0208794;0.241123;0.241123;0.0167117;0.0436206;0.0104199;0.149474;0.149474;0.317308;0.00245098;0.515609;0.87579;
90500;0.0182;0.108623;0.667966;0.0213159;0.243105;0.243105;0.0180293;0.0443082;0.0103742;0.146933;0.146933;0.351648;0.00122224;0.52;0.873123;
91000;0.0174;0.107016;0.669479;0.0218945;0.247111;0.247111;0.0155259;0.0438143;0.0100044;0.138332;0.138332;0.45977;0.00142479;0.544045;0.87175;
91500;0.0198;0.107122;0.669043;0.0222468;0.253308;0.253308;0.0156066;0.043793;0.0100766;0.145817;0.145817;0.373737;0.00224444;0.444544;0.868766;
92000;0.019;0.106341;0.667495;0.0225141;0.25582;0.25582;0.014916;0.0452124;0.010015;0.14256;0.14256;0.315789;0.00183486;0.522917;0.86494;
92500;0.0156;0.105803;0.669357;0.0225836;0.256553;0.256553;0.0145794;0.0454961;0.0101566;0.143134;0.143134;0.525641;0.000609508;0.496392;0.863885;
93000;0.0188;0.104545;0.665942;0.0231494;0.266703;0.266703;0.0150226;0.047109;0.00998058;0.14475;0.14475;0.393617;0.00183449;0.47739;0.857197;
93500;0.0164;0.104106;0.667216;0.0236738;0.272885;0.272885;0.0140523;0.0469026;0.00984501;0.144203;0.144203;0.414634;0.00244002;0.436593;0.852583;
94000;0.0184;0.103341;0.669151;0.0236391;0.272637;0.272637;0.0132718;0.0455407;0.0101321;0.142473;0.142473;0.228261;0.00264874;0.493453;0.852296;
94500;0.0216;0.102841;0.667257;0.0235433;0.275414;0.275414;0.0122136;0.0435656;0.00992186;0.147857;0.147857;0.351852;0.00245298;0.46502;0.851567;
95000;0.021;0.102275;0.669704;0.0234879;0.277558;0.277558;0.0113312;0.0450827;0.0100321;0.148831;0.148831;0.27619;0.00265577;0.450009;0.849458;
95500;0.0218;0.102612;0.675554;0.023991;0.2813;0.2813;0.0124381;0.0432791;0.00981629;0.146087;0.146087;0.348624;0.00204457;0.504373;0.846504;
96000;0.014;0.102274;0.674987;0.02309;0.270231;0.270231;0.0111298;0.0429413;0.0100529;0.139491;0.139491;0.457143;0.00162272;0.490074;0.85298;
96500;0.016;0.102355;0.677015;0.0234894;0.272953;0.272953;0.0105583;0.0416183;0.0103352;0.144679;0.144679;0.3875;0.00101626;0.426992;0.851694;
97000;0.0196;0.10223;0.678631;0.0238784;0.274764;0.274764;0.00965248;0.0407699;0.0107063;0.146271;0.146271;0.255102;0.00183599;0.431559;0.851269;
97500;0.0178;0.102294;0.679766;0.0238708;0.278941;0.278941;0.011476;0.0410262;0.0103276;0.144743;0.144743;0.382022;0.00101812;0.458194;0.847457;
98000;0.02;0.101871;0.678778;0.0242623;0.283313;0.283313;0.0110314;0.0395305;0.0102999;0.146634;0.146634;0.39;0.00204082;0.427933;0.845557;
98500;0.0156;0.102072;0.679286;0.0240775;0.279618;0.279618;0.0103087;0.040721;0.0101816;0.143279;0.143279;0.474359;0.00203169;0.458782;0.846685;
99000;0.0172;0.101752;0.682457;0.0242585;0.280695;0.280695;0.00990429;0.0402878;0.0101306;0.143456;0.143456;0.383721;0.002849;0.461356;0.846478;
99500;0.0222;0.101735;0.682786;0.0242771;0.283351;0.283351;0.00981138;0.0408075;0.00961062;0.143205;0.143205;0.27027;0.00184087;0.488501;0.845434;
100000;0.0186;0.102582;0.682417;0.0237953;0.274957;0.274957;0.0106001;0.0402308;0.00962122;0.14086;0.14086;0.354839;0.00203791;0.438712;0.852015;
100500;0.0182;0.102616;0.68524;0.0241319;0.278378;0.278378;0.0108255;0.0394876;0.00951271;0.140936;0.140936;0.296703;0.00244449;0.426211;0.849171;
101000;0.0186;0.102105;0.685069;0.0241547;0.277329;0.277329;0.0111274;0.0390824;0.00938886;0.13588;0.13588;0.430108;0.00163032;0.463086;0.851321;
101500;0.0186;0.102488;0.6863;0.0236765;0.275144;0.275144;0.0111804;0.0407788;0.00950351;0.141075;0.141075;0.376344;0.00122274;0.407926;0.852781;
102000;0.0174;0.102597;0.688247;0.0239601;0.276881;0.276881;0.0119372;0.0410951;0.0095736;0.139826;0.139826;0.425287;0.0024425;0.428845;0.851015;
102500;0.0152;0.10273;0.689087;0.0241997;0.280102;0.280102;0.0126143;0.0411616;0.00930862;0.137626;0.137626;0.644737;0.00121852;0.400491;0.848574;
103000;0.0186;0.102436;0.688488;0.0234749;0.276723;0.276723;0.0126658;0.0399114;0.00923765;0.144767;0.144767;0.354839;0.00346444;0.425694;0.850955;
103500;0.0164;0.102638;0.691364;0.0234108;0.273104;0.273104;0.0115887;0.0402935;0.00946641;0.140807;0.140807;0.414634;0.00142334;0.442539;0.852747;
104000;0.0182;0.102464;0.689575;0.0228153;0.266793;0.266793;0.0104352;0.0423837;0.00935216;0.141922;0.141922;0.307692;0.00142595;0.39285;0.858885;
104500;0.0204;0.102642;0.691945;0.0227031;0.267815;0.267815;0.0109862;0.04157;0.00922322;0.14006;0.14006;0.352941;0.00204165;0.484964;0.858214;
105000;0.019;0.101871;0.693527;0.0231881;0.270928;0.270928;0.0100661;0.0407092;0.00910243;0.136156;0.136156;0.378947;0.00163099;0.531792;0.854664;
105500;0.018;0.102216;0.693375;0.0230725;0.272421;0.272421;0.0104877;0.0410688;0.00948885;0.142472;0.142472;0.344444;0.00224033;0.46284;0.853381;
106000;0.02;0.101876;0.694737;0.0230715;0.271975;0.271975;0.0111152;0.0421662;0.00954417;0.140692;0.140692;0.28;0.0022449;0.477222;0.854578;
106500;0.0166;0.102414;0.695028;0.0229459;0.267957;0.267957;0.0122805;0.0418535;0.00984088;0.14118;0.14118;0.433735;0.00122026;0.461954;0.856557;
107000;0.017;0.102082;0.693491;0.0226164;0.267241;0.267241;0.0119374;0.0428495;0.00952588;0.142844;0.142844;0.505882;0.00162767;0.426397;0.857922;
107500;0.0182;0.101714;0.689992;0.0235543;0.276722;0.276722;0.0113245;0.0450282;0.00886498;0.140199;0.140199;0.318681;0.00162966;0.455966;0.850494;
108000;0.0162;0.101755;0.689275;0.0239105;0.279868;0.279868;0.0111952;0.0432679;0.00872671;0.136301;0.136301;0.481481;0.00162635;0.374648;0.849501;
108500;0.0204;0.101079;0.689072;0.0242426;0.28574;0.28574;0.0120398;0.043292;0.0086243;0.140138;0.140138;0.313725;0.00163332;0.416416;0.84521;
109000;0.0202;0.101881;0.688609;0.0237979;0.277943;0.277943;0.0174178;0.0440291;0.00858766;0.136934;0.136934;0.277228;0.00102062;0.426655;0.851417;
109500;0.0154;0.102179;0.688454;0.0238045;0.280356;0.280356;0.0214459;0.0450792;0.00876727;0.137843;0.137843;0.454545;0.00121877;0.4587;0.847061;
110000;0.0194;0.102247;0.685954;0.0237815;0.281007;0.281007;0.0207105;0.0450577;0.00860705;0.142483;0.142483;0.309278;0.0014277;0.410805;0.848296;
110500;0.0188;0.101723;0.687178;0.023281;0.274536;0.274536;0.0177694;0.0436656;0.00843025;0.136937;0.136937;0.287234;0.00101916;0.43952;0.852596;
111000;0.0174;0.100486;0.689;0.022348;0.270243;0.270243;0.0157092;0.0426028;0.0088735;0.143876;0.143876;0.402299;0.00162833;0.360039;0.8564;
111500;0.016;0.0995871;0.688857;0.0219328;0.265847;0.265847;0.0125451;0.0441901;0.00872669;0.139047;0.139047;0.3125;0.00121951;0.452778;0.85797;
112000;0.0164;0.0992144;0.691609;0.0223855;0.273053;0.273053;0.0131261;0.0448825;0.00894701;0.143436;0.143436;0.304878;0.00244002;0.373875;0.853109;
112500;0.017;0.0986989;0.692539;0.0220184;0.270386;0.270386;0.0134206;0.0454106;0.00890138;0.144669;0.144669;0.435294;0.00142421;0.456959;0.854284;
113000;0.0198;0.0984826;0.692526;0.0224808;0.276349;0.276349;0.0123475;0.0452649;0.00919816;0.145489;0.145489;0.323232;0.00183636;0.463637;0.849991;
113500;0.0182;0.0986635;0.69063;0.0223984;0.274234;0.274234;0.0121363;0.0457894;0.00877273;0.144906;0.144906;0.483516;0.00244449;0.444746;0.852731;
114000;0.0182;0.0989321;0.689078;0.0222434;0.270354;0.270354;0.0124803;0.0452254;0.00879832;0.139817;0.139817;0.351648;0.00162966;0.490868;0.854663;
114500;0.018;0.0988085;0.687558;0.0224483;0.277204;0.277204;0.0120444;0.0467626;0.00873854;0.147895;0.147895;0.477778;0.00285132;0.371778;0.850732;
115000;0.0182;0.0982798;0.685546;0.022191;0.27538;0.27538;0.0127129;0.0454378;0.00866;0.144513;0.144513;0.296703;0.0028519;0.464102;0.850589;
115500;0.0198;0.0980321;0.685382;0.0226335;0.281904;0.281904;0.0132231;0.0433383;0.00839924;0.146344;0.146344;0.292929;0.00163232;0.440569;0.846293;
116000;0.0202;0.0979289;0.688792;0.0227071;0.282728;0.282728;0.0145662;0.0433771;0.00847009;0.149385;0.149385;0.346535;0.0026536;0.456286;0.845282;
116500;0.0178;0.0976663;0.690069;0.023204;0.287459;0.287459;0.0141588;0.0463906;0.00868146;0.148286;0.148286;0.303371;0.001629;0.372355;0.841704;
117000;0.0192;0.0974826;0.690117;0.0241041;0.295397;0.295397;0.0138629;0.0452654;0.00864022;0.144805;0.144805;0.447917;0.00203915;0.442712;0.835867;
117500;0.018;0.0974197;0.692479;0.0235299;0.290675;0.290675;0.0140705;0.0433057;0.00880401;0.146771;0.146771;0.466667;0.001222;0.376668;0.839472;
118000;0.022;0.0968293;0.691157;0.0238334;0.295495;0.295495;0.0138499;0.0464263;0.00871421;0.146938;0.146938;0.245455;0.00163599;0.45384;0.835471;
118500;0.0206;0.0972804;0.688699;0.0232381;0.290326;0.290326;0.0134604;0.0471102;0.00870188;0.150832;0.150832;0.242718;0.00265469;0.411956;0.839299;
119000;0.0216;0.0966471;0.691234;0.0232014;0.291137;0.291137;0.0121706;0.0469862;0.00842037;0.149103;0.149103;0.324074;0.00286182;0.404649;0.840206;
119500;0.022;0.0972704;0.690781;0.0230609;0.288171;0.288171;0.0121356;0.0462042;0.00849769;0.148321;0.148321;0.4;0.00245399;0.435376;0.842896;
120000;0.0166;0.0974256;0.690253;0.0225735;0.277847;0.277847;0.0111615;0.0498048;0.00890447;0.144474;0.144474;0.361446;0.00101688;0.481922;0.847253;
120500;0.0214;0.0976646;0.68926;0.0226461;0.28087;0.28087;0.0105041;0.0484288;0.0090457;0.148835;0.148835;0.35514;0.00224811;0.395679;0.848804;
121000;0.0196;0.0979628;0.691056;0.0225516;0.279903;0.279903;0.0120075;0.0475192;0.00892902;0.147444;0.147444;0.255102;0.00203998;0.404872;0.848129;
121500;0.016;0.098736;0.689918;0.0229161;0.279563;0.279563;0.0122667;0.0495466;0.0087819;0.139924;0.139924;0.45;0.00304878;0.481118;0.847649;
122000;0.0202;0.0988285;0.690373;0.0232443;0.283854;0.283854;0.0128261;0.0508085;0.00879575;0.145714;0.145714;0.386139;0.0026536;0.41837;0.846209;
122500;0.0176;0.0982402;0.690518;0.0228117;0.278397;0.278397;0.0112171;0.0510803;0.00900895;0.140657;0.140657;0.386364;0.002443;0.489974;0.848213;
123000;0.0176;0.0981683;0.691066;0.0228903;0.280884;0.280884;0.0115484;0.0520518;0.00889633;0.143934;0.143934;0.261364;0.00162866;0.412084;0.846249;
123500;0.0172;0.0986539;0.691008;0.0227798;0.274555;0.274555;0.0116074;0.0520445;0.00882997;0.137444;0.137444;0.372093;0.0022385;0.507783;0.851485;
124000;0.0162;0.0993225;0.692276;0.0222901;0.271829;0.271829;0.0144988;0.052152;0.00920675;0.143276;0.143276;0.419753;0.00243952;0.492955;0.852498;
124500;0.0176;0.0992376;0.693069;0.0227076;0.276115;0.276115;0.0140884;0.0536258;0.00927501;0.144658;0.144658;0.443182;0.00346091;0.453264;0.850168;
125000;0.0144;0.0981083;0.689386;0.0221741;0.272484;0.272484;0.013169;0.0544965;0.00937803;0.141868;0.141868;0.430556;0.0036526;0.509833;0.851207;
125500;0.02;0.0979048;0.687406;0.022224;0.27372;0.27372;0.0120847;0.0547155;0.00908752;0.146686;0.146686;0.21;0.0022449;0.459466;0.851697;
126000;0.0166;0.0983256;0.691869;0.0224814;0.276841;0.276841;0.012805;0.053853;0.00924152;0.146613;0.146613;0.506024;0.00101688;0.387807;0.849887;
126500;0.0208;0.0984719;0.694907;0.0229157;0.279975;0.279975;0.012275;0.0510797;0.00951584;0.146762;0.146762;0.317308;0.00224673;0.452612;0.847974;
127000;0.0164;0.098853;0.694673;0.0235081;0.283294;0.283294;0.0126413;0.0550695;0.00896451;0.139805;0.139805;0.463415;0.00284669;0.440064;0.845167;
127500;0.0152;0.0991905;0.69041;0.0238094;0.285564;0.285564;0.0128487;0.0589595;0.00871721;0.138676;0.138676;0.394737;0.0016247;0.415667;0.843099;
128000;0.017;0.0999185;0.693385;0.0239933;0.284427;0.284427;0.0129988;0.0554346;0.00835077;0.135719;0.135719;0.505882;0.00101729;0.502159;0.844131;
128500;0.0186;0.0995835;0.695718;0.0236153;0.283224;0.283224;0.0133802;0.0535051;0.00830998;0.139796;0.139796;0.27957;0.00142653;0.467255;0.845001;
129000;0.0176;0.0996242;0.696616;0.0235414;0.280624;0.280624;0.013251;0.0540727;0.00823254;0.13587;0.13587;0.352273;0.002443;0.49732;0.847549;
129500;0.017;0.100704;0.695224;0.0232305;0.277514;0.277514;0.0138745;0.057241;0.0084321;0.138341;0.138341;0.329412;0.00183113;0.46297;0.849423;
130000;0.0196;0.0994258;0.697521;0.0230838;0.277465;0.277465;0.0128427;0.0579225;0.0087674;0.137951;0.137951;0.316327;0.00163199;0.529735;0.84926;
130500;0.0194;0.100574;0.69832;0.0230643;0.276331;0.276331;0.0142796;0.0568467;0.00855011;0.13784;0.13784;0.340206;0.00183561;0.470716;0.85132;
131000;0.0186;0.101001;0.697883;0.0231218;0.272763;0.272763;0.0143946;0.05596;0.00859231;0.133604;0.133604;0.311828;0.00183411;0.482467;0.854371;
131500;0.0182;0.100195;0.701609;0.0233067;0.276618;0.276618;0.0123791;0.0555515;0.00836412;0.131206;0.131206;0.395604;0.00142595;0.480266;0.851478;
132000;0.0206;0.100508;0.701785;0.0233429;0.276132;0.276132;0.0125055;0.0560244;0.00816133;0.133752;0.133752;0.349515;0.00163365;0.465926;0.852654;
132500;0.0168;0.10014;0.70374;0.0243391;0.286861;0.286861;0.0122427;0.0513515;0.00855784;0.135946;0.135946;0.380952;0.00284784;0.422706;0.843481;
133000;0.0198;0.100698;0.705478;0.0241811;0.283521;0.283521;0.0133616;0.0496607;0.00830416;0.133226;0.133226;0.313131;0.00183636;0.428152;0.847266;
133500;0.0206;0.100711;0.706562;0.0242251;0.282881;0.282881;0.013006;0.050204;0.00854247;0.134589;0.134589;0.271845;0.00183786;0.443965;0.847492;
134000;0.02;0.100924;0.712206;0.023997;0.280867;0.280867;0.0138214;0.0458885;0.00884477;0.137169;0.137169;0.28;0.00204082;0.43722;0.848427;
134500;0.0176;0.100802;0.713298;0.0235751;0.274872;0.274872;0.012493;0.0465178;0.00873223;0.131887;0.131887;0.443182;0.00305375;0.502889;0.852695;
135000;0.0214;0.101092;0.711048;0.0231877;0.27353;0.27353;0.0115052;0.0476168;0.00859838;0.137671;0.137671;0.224299;0.00163499;0.474948;0.853906;
135500;0.0186;0.101042;0.713959;0.0230306;0.274528;0.274528;0.0131721;0.0431666;0.0083217;0.14107;0.14107;0.333333;0.00264928;0.389518;0.85363;
136000;0.0204;0.1029;0.712826;0.0231672;0.270944;0.270944;0.0144392;0.0425947;0.00858239;0.139864;0.139864;0.362745;0.00163332;0.418773;0.857018;
136500;0.0188;0.103115;0.715994;0.0232036;0.271014;0.271014;0.0149522;0.0406427;0.00872587;0.138375;0.138375;0.393617;0.00142682;0.443503;0.856021;
137000;0.018;0.103696;0.71893;0.0234792;0.27155;0.27155;0.0160395;0.0374893;0.00937614;0.140105;0.140105;0.444444;0.00224033;0.421775;0.855211;
137500;0.0182;0.101892;0.716704;0.0226552;0.266054;0.266054;0.0126013;0.0382431;0.00904668;0.137841;0.137841;0.296703;0.00244449;0.484469;0.858682;
138000;0.0198;0.102003;0.716902;0.0227143;0.268802;0.268802;0.0127829;0.0399325;0.0090556;0.142933;0.142933;0.282828;0.0030606;0.441594;0.857068;
138500;0.0194;0.102115;0.716647;0.0220992;0.261237;0.261237;0.0123062;0.0415889;0.00886679;0.139249;0.139249;0.309278;0.00122374;0.42951;0.863088;
139000;0.0164;0.101644;0.717965;0.0223678;0.265659;0.265659;0.012131;0.0386648;0.0090688;0.139891;0.139891;0.353659;0.00244002;0.463728;0.858007;
139500;0.0196;0.101003;0.717688;0.0225052;0.265684;0.265684;0.0111108;0.0395196;0.00869761;0.137323;0.137323;0.285714;0.00163199;0.403688;0.860894;
140000;0.017;0.100676;0.71884;0.0228897;0.272267;0.272267;0.0116905;0.0368981;0.00925828;0.139298;0.139298;0.458824;0.00183113;0.46009;0.853744;
140500;0.0174;0.100804;0.720693;0.022748;0.26825;0.26825;0.0120806;0.0375849;0.0090922;0.134814;0.134814;0.436782;0.00162833;0.534892;0.856452;
141000;0.0176;0.100894;0.718405;0.022764;0.272654;0.272654;0.0141038;0.0380738;0.00874749;0.142465;0.142465;0.363636;0.00203583;0.417893;0.853395;
141500;0.0196;0.101581;0.718281;0.0232994;0.274567;0.274567;0.0149482;0.0372742;0.00835239;0.136443;0.136443;0.377551;0.00183599;0.501169;0.852602;
142000;0.019;0.100998;0.718679;0.0234977;0.276037;0.276037;0.0142676;0.0361699;0.00858446;0.136172;0.136172;0.357895;0.00326198;0.40144;0.853394;
142500;0.0172;0.101045;0.72068;0.0235998;0.278357;0.278357;0.0140805;0.0351247;0.00860456;0.135879;0.135879;0.430233;0.0022385;0.419075;0.850464;
143000;0.0192;0.0999773;0.722774;0.023988;0.283292;0.283292;0.0126212;0.03357;0.00883249;0.140478;0.140478;0.333333;0.00183524;0.459626;0.845433;
143500;0.0212;0.100461;0.724005;0.024049;0.285499;0.285499;0.0123927;0.0335693;0.00887516;0.140408;0.140408;0.292453;0.00245198;0.408621;0.845479;
144000;0.0186;0.100529;0.72241;0.024075;0.283058;0.283058;0.0122479;0.0354778;0.00893659;0.138779;0.138779;0.290323;0.00183411;0.36305;0.847163;
144500;0.0156;0.0996616;0.721561;0.0235596;0.277645;0.277645;0.0100347;0.0375744;0.00897161;0.136246;0.136246;0.371795;0.00203169;0.39942;0.850139;
145000;0.0182;0.0993101;0.722355;0.0230279;0.275819;0.275819;0.0110405;0.0368441;0.00897175;0.140182;0.140182;0.21978;0.00224078;0.40697;0.851473;
145500;0.0204;0.0991722;0.722395;0.0232992;0.279784;0.279784;0.0110141;0.0353962;0.00901384;0.142954;0.142954;0.382353;0.00142915;0.427844;0.848856;
146000;0.0164;0.098357;0.724449;0.0234448;0.280939;0.280939;0.0108117;0.038757;0.00869276;0.136937;0.136937;0.414634;0.00244002;0.460789;0.847092;
146500;0.0158;0.0980195;0.725769;0.0234491;0.284191;0.284191;0.0106343;0.0351652;0.00896741;0.144486;0.144486;0.455696;0.000609632;0.395029;0.843869;
147000;0.0222;0.0981809;0.7239;0.0231017;0.283401;0.283401;0.011219;0.0349587;0.00852461;0.145528;0.145528;0.369369;0.00163633;0.428169;0.846674;
147500;0.0162;0.0974112;0.723289;0.0233887;0.282399;0.282399;0.0113413;0.0373614;0.00835888;0.139079;0.139079;0.308642;0.00121976;0.411423;0.845593;
148000;0.0174;0.0981072;0.72465;0.022898;0.276689;0.276689;0.0105309;0.036357;0.00805704;0.136306;0.136306;0.218391;0.00223896;0.494588;0.849587;
148500;0.023;0.0980846;0.723255;0.0230792;0.280596;0.280596;0.00998274;0.0364577;0.00835505;0.141729;0.141729;0.33913;0.00204708;0.413514;0.850436;
149000;0.02;0.0979026;0.728306;0.0231175;0.279724;0.279724;0.0102682;0.0382776;0.00806122;0.138555;0.138555;0.26;0.0022449;0.441828;0.84924;
149500;0.0176;0.0983506;0.728025;0.0233486;0.279964;0.279964;0.00959692;0.0377884;0.00820721;0.13352;0.13352;0.409091;0.00183225;0.452277;0.84907;
150000;0.018;0.0982568;0.729215;0.0230703;0.277423;0.277423;0.00930973;0.0381301;0.0083835;0.133901;0.133901;0.355556;0.00305499;0.471278;0.850883;
150500;0.0224;0.0985102;0.729868;0.0225773;0.273695;0.273695;0.0103222;0.0405613;0.00832077;0.140114;0.140114;0.3125;0.00388707;0.441329;0.855713;
151000;0.0186;0.0987516;0.728862;0.0228512;0.275018;0.275018;0.0103613;0.0396547;0.00831889;0.134136;0.134136;0.365591;0.000815162;0.481568;0.852292;
151500;0.0202;0.098771;0.730678;0.0226062;0.273809;0.273809;0.0122299;0.0398784;0.00886247;0.141905;0.141905;0.356436;0.00204123;0.372443;0.855405;
152000;0.0234;0.0991255;0.732308;0.0222266;0.272047;0.272047;0.0109149;0.0381389;0.00782014;0.13927;0.13927;0.367521;0.00204792;0.405665;0.858271;
152500;0.018;0.0987987;0.733915;0.0225151;0.271281;0.271281;0.0105224;0.0412395;0.00780084;0.133983;0.133983;0.355556;0.001222;0.386446;0.857153;
153000;0.02;0.0987188;0.733858;0.0226038;0.27101;0.27101;0.00996805;0.0394014;0.00768426;0.130701;0.130701;0.4;0.00142857;0.464425;0.857491;
153500;0.0146;0.098733;0.73435;0.022475;0.27081;0.27081;0.0100861;0.0381809;0.00771404;0.129684;0.129684;0.424658;0.00101482;0.407861;0.85613;
154000;0.0184;0.0995417;0.73271;0.0228269;0.273317;0.273317;0.0102938;0.0379175;0.00803931;0.132378;0.132378;0.315217;0.00183374;0.44634;0.854834;
154500;0.0184;0.0997085;0.731221;0.0231491;0.274885;0.274885;0.0126743;0.0362782;0.00786625;0.129785;0.129785;0.380435;0.00224124;0.49252;0.853341;
155000;0.0164;0.099196;0.732072;0.0225778;0.270077;0.270077;0.0118484;0.0349472;0.00829924;0.13125;0.13125;0.439024;0.00142334;0.510959;0.85577;
155500;0.017;0.0994689;0.72879;0.0225161;0.266914;0.266914;0.0102981;0.0366115;0.00780335;0.127197;0.127197;0.423529;0.00183113;0.484461;0.859462;
156000;0.0166;0.0996801;0.729444;0.0224249;0.268258;0.268258;0.0108274;0.0405405;0.0077754;0.131538;0.131538;0.39759;0.00162701;0.439741;0.858407;
156500;0.0188;0.0993955;0.727318;0.0221272;0.267065;0.267065;0.0114149;0.0398628;0.00766252;0.131358;0.131358;0.531915;0.000611496;0.48988;0.85986;
157000;0.0192;0.0995279;0.726252;0.021771;0.263169;0.263169;0.0110673;0.0407792;0.00749414;0.129502;0.129502;0.447917;0.00224307;0.477886;0.863684;
157500;0.0174;0.0992678;0.725384;0.021755;0.261035;0.261035;0.0112519;0.0400335;0.00765041;0.126988;0.126988;0.344828;0.00122125;0.57666;0.862219;
158000;0.0158;0.0994465;0.724459;0.0209569;0.254545;0.254545;0.0114913;0.0439606;0.00742104;0.130162;0.130162;0.43038;0.0018289;0.512827;0.867767;
158500;0.0152;0.0995106;0.724761;0.0209343;0.252489;0.252489;0.0103304;0.0473078;0.00761948;0.128762;0.128762;0.460526;0.00203087;0.460977;0.870292;
159000;0.0156;0.0992937;0.723532;0.0211574;0.255838;0.255838;0.00987599;0.0499195;0.00759213;0.130366;0.130366;0.5;0.00223486;0.458491;0.867967;
159500;0.0164;0.099299;0.727361;0.0206801;0.250292;0.250292;0.0101574;0.0496837;0.00750907;0.128124;0.128124;0.292683;0.00223668;0.507804;0.870907;
160000;0.0164;0.0998502;0.72953;0.02093;0.250692;0.250692;0.0118688;0.0488632;0.00786458;0.125809;0.125809;0.390244;0.00244002;0.559166;0.870796;
160500;0.0182;0.0995868;0.730317;0.0211992;0.255211;0.255211;0.00962537;0.049546;0.00766791;0.129917;0.129917;0.230769;0.0028519;0.469252;0.868648;
161000;0.0162;0.0992524;0.732655;0.0210774;0.256934;0.256934;0.0108539;0.0508971;0.00753779;0.132889;0.132889;0.518519;0.00121976;0.371147;0.868378;
161500;0.0164;0.0991579;0.728976;0.0221848;0.266703;0.266703;0.0105048;0.0523663;0.00766792;0.128153;0.128153;0.439024;0.00244002;0.47143;0.859924;
162000;0.018;0.0992898;0.729211;0.0223272;0.267188;0.267188;0.0124326;0.051991;0.00781151;0.131195;0.131195;0.433333;0.00162933;0.429648;0.860192;
162500;0.0172;0.0992248;0.728818;0.0228882;0.271748;0.271748;0.0120462;0.0518696;0.00774284;0.126714;0.126714;0.523256;0.001628;0.534108;0.85535;
163000;0.02;0.0994196;0.727315;0.0227409;0.270997;0.270997;0.0117812;0.0489637;0.00766229;0.132383;0.132383;0.26;0.00122449;0.427187;0.857333;
163500;0.0214;0.0995778;0.724923;0.022853;0.273345;0.273345;0.0132043;0.046643;0.00746562;0.13255;0.13255;0.28972;0.00245248;0.450993;0.855982;
164000;0.0164;0.0994013;0.729075;0.0225678;0.270346;0.270346;0.0136868;0.0472597;0.00774493;0.130598;0.130598;0.329268;0.00162668;0.44725;0.856281;
164500;0.021;0.0999306;0.727249;0.022459;0.268332;0.268332;0.0151358;0.0503777;0.00768862;0.133412;0.133412;0.32381;0.00081716;0.463226;0.858853;
165000;0.017;0.100091;0.731008;0.0228211;0.270646;0.270646;0.015598;0.0506991;0.0076655;0.129615;0.129615;0.423529;0.00203459;0.423813;0.857456;
165500;0.019;0.0989496;0.734725;0.022445;0.268321;0.268321;0.0133112;0.0518656;0.00720739;0.130113;0.130113;0.284211;0.00101937;0.394016;0.860027;
166000;0.0196;0.0975046;0.735067;0.022571;0.273849;0.273849;0.0103524;0.0511766;0.0075626;0.132615;0.132615;0.295918;0.00265198;0.433646;0.854855;
166500;0.0156;0.0984862;0.738483;0.0221292;0.266124;0.266124;0.0125612;0.0496448;0.00767603;0.12845;0.12845;0.397436;0.00142219;0.458474;0.859541;
167000;0.0182;0.0980122;0.740783;0.0223753;0.2711;0.2711;0.0115231;0.0508964;0.0082845;0.134907;0.134907;0.406593;0.00162966;0.430716;0.856217;
167500;0.0208;0.0985633;0.739505;0.0218984;0.266484;0.266484;0.0121101;0.0511636;0.00763001;0.134785;0.134785;0.375;0.00224673;0.483981;0.860361;
168000;0.019;0.0988406;0.739824;0.0219107;0.266094;0.266094;0.0127699;0.0497809;0.00740707;0.134305;0.134305;0.410526;0.00224261;0.462246;0.860481;
168500;0.0184;0.0985378;0.737533;0.0220932;0.266227;0.266227;0.0115101;0.04886;0.00771522;0.129598;0.129598;0.380435;0.00346373;0.465255;0.860824;
169000;0.022;0.0985564;0.736718;0.0218449;0.266572;0.266572;0.011107;0.051297;0.00770596;0.13761;0.13761;0.272727;0.00224949;0.39794;0.861998;
169500;0.0184;0.0985974;0.737948;0.0213694;0.260962;0.260962;0.0111997;0.0501841;0.00686576;0.129776;0.129776;0.293478;0.00224124;0.461297;0.864647;
170000;0.015;0.0988251;0.738698;0.0212207;0.256785;0.256785;0.0117142;0.0495074;0.00658312;0.125467;0.125467;0.426667;0.00263959;0.490415;0.866958;
170500;0.0158;0.0991436;0.740852;0.0208615;0.253481;0.253481;0.0122772;0.0495532;0.00664323;0.127837;0.127837;0.392405;0.0018289;0.479047;0.869398;
171000;0.019;0.0990905;0.740332;0.0208538;0.253692;0.253692;0.0117076;0.0491321;0.00635013;0.124475;0.124475;0.357895;0.00122324;0.529366;0.869933;
171500;0.0172;0.0985628;0.738615;0.0208898;0.255249;0.255249;0.0124865;0.0482657;0.00650017;0.12735;0.12735;0.372093;0.0014245;0.521832;0.867851;
172000;0.0192;0.0992517;0.740081;0.0204276;0.252264;0.252264;0.0148507;0.0516693;0.00644861;0.129004;0.129004;0.458333;0.00224307;0.516151;0.871484;
172500;0.0166;0.0989927;0.738635;0.0204204;0.250349;0.250349;0.0142321;0.0524761;0.00628959;0.12766;0.12766;0.409639;0.00162701;0.485265;0.872013;
173000;0.0142;0.0988537;0.73529;0.0202623;0.247704;0.247704;0.0143881;0.0540262;0.00625953;0.125372;0.125372;0.450704;0.00182593;0.469076;0.873846;
173500;0.0176;0.0989819;0.732664;0.0199581;0.24547;0.24547;0.0158395;0.0496487;0.00622705;0.127095;0.127095;0.375;0.00203583;0.444851;0.876957;
174000;0.0174;0.0988704;0.732744;0.020296;0.249233;0.249233;0.0150567;0.048101;0.00635334;0.129062;0.129062;0.37931;0.00203542;0.383721;0.87485;
174500;0.0164;0.100206;0.731794;0.0203174;0.248422;0.248422;0.0161527;0.0484914;0.00660519;0.129671;0.129671;0.536585;0.00244002;0.461325;0.874195;
175000;0.0174;0.0999866;0.73279;0.021;0.255588;0.255588;0.0149906;0.0489139;0.00666063;0.133299;0.133299;0.333333;0.00223896;0.399487;0.86918;
175500;0.0152;0.0988298;0.733639;0.020804;0.255824;0.255824;0.013999;0.04869;0.00694812;0.131071;0.131071;0.539474;0.00223396;0.447975;0.867699;
176000;0.0136;0.0987059;0.733474;0.0207782;0.252366;0.252366;0.0138802;0.046629;0.00679425;0.125155;0.125155;0.485294;0.00263585;0.456198;0.870123;
176500;0.0156;0.0993072;0.734804;0.0210236;0.255166;0.255166;0.0150113;0.0469015;0.00672613;0.127177;0.127177;0.5;0.00121902;0.486531;0.868193;
177000;0.019;0.0994749;0.734557;0.0211096;0.258977;0.258977;0.0152217;0.0441025;0.00696484;0.1327;0.1327;0.463158;0.000815494;0.473152;0.866006;
177500;0.0174;0.0990854;0.735811;0.0211409;0.257303;0.257303;0.0151514;0.0445074;0.00688632;0.127067;0.127067;0.436782;0.00203542;0.481015;0.867577;
178000;0.0148;0.0989997;0.733905;0.0210226;0.255529;0.255529;0.0147574;0.0452077;0.00709301;0.126283;0.126283;0.391892;0.00142103;0.521133;0.866876;
178500;0.0166;0.0985425;0.731504;0.0209373;0.256784;0.256784;0.0152343;0.0438704;0.00755963;0.13704;0.13704;0.39759;0.00122026;0.469581;0.865871;
179000;0.0156;0.0994314;0.730047;0.0206161;0.252845;0.252845;0.0156257;0.0464582;0.0074789;0.133281;0.133281;0.487179;0.00142219;0.476555;0.869155;
179500;0.0184;0.0992062;0.730475;0.0207138;0.25318;0.25318;0.0151083;0.0440592;0.00700534;0.132408;0.132408;0.293478;0.00244499;0.48512;0.86972;
180000;0.0186;0.0998253;0.731397;0.0207127;0.248816;0.248816;0.0154582;0.0454493;0.00666115;0.127733;0.127733;0.27957;0.00203791;0.489278;0.87334;
180500;0.018;0.0991406;0.728626;0.0209313;0.258602;0.258602;0.0160098;0.0463462;0.00692274;0.134624;0.134624;0.411111;0.00244399;0.453863;0.865941;
181000;0.0162;0.100433;0.727526;0.0210855;0.252824;0.252824;0.0165173;0.05118;0.00685553;0.131247;0.131247;0.555556;0.00060988;0.425856;0.870786;
181500;0.0168;0.100525;0.727878;0.021275;0.256009;0.256009;0.0166114;0.0496306;0.00729011;0.129299;0.129299;0.321429;0.00142392;0.494992;0.867345;
182000;0.0142;0.101918;0.72466;0.0208875;0.246849;0.246849;0.017215;0.0479242;0.00661399;0.12219;0.12219;0.450704;0.00202881;0.480966;0.874432;
182500;0.0164;0.102094;0.721954;0.020648;0.245579;0.245579;0.0170359;0.0451223;0.00646497;0.125194;0.125194;0.402439;0.00162668;0.540354;0.875128;
183000;0.017;0.100782;0.724912;0.020726;0.24804;0.24804;0.0168747;0.0438125;0.0066066;0.124908;0.124908;0.341176;0.00203459;0.511397;0.87378;
183500;0.0184;0.0991688;0.724612;0.0204708;0.251682;0.251682;0.0147714;0.0465048;0.00652905;0.128903;0.128903;0.315217;0.00325998;0.496519;0.871493;
184000;0.0192;0.0998125;0.727522;0.0204503;0.249324;0.249324;0.0135012;0.045799;0.00662281;0.130068;0.130068;0.333333;0.00244698;0.499642;0.873404;
184500;0.0152;0.0992051;0.726571;0.0204418;0.249814;0.249814;0.0126421;0.0424654;0.0062485;0.125608;0.125608;0.342105;0.00203087;0.525815;0.871587;
185000;0.016;0.0990377;0.726389;0.020395;0.248755;0.248755;0.0136411;0.0416729;0.00617918;0.124064;0.124064;0.45;0.00243902;0.473642;0.874091;
185500;0.0148;0.100229;0.726925;0.0205342;0.248453;0.248453;0.0140867;0.0414827;0.00645486;0.125877;0.125877;0.378378;0.00101502;0.468322;0.872684;
186000;0.0194;0.100416;0.725317;0.0203907;0.244979;0.244979;0.0149039;0.0395317;0.00644449;0.123824;0.123824;0.309278;0.00163165;0.523883;0.876908;
186500;0.016;0.10062;0.7273;0.0207274;0.248171;0.248171;0.0138722;0.03963;0.00697295;0.123827;0.123827;0.4625;0.00223577;0.513372;0.873756;
187000;0.0164;0.101688;0.729504;0.0204873;0.244704;0.244704;0.0154066;0.0414228;0.00721941;0.128507;0.128507;0.47561;0.00142334;0.503203;0.875957;
187500;0.0162;0.102371;0.729703;0.0203106;0.241614;0.241614;0.0168425;0.0389299;0.00661457;0.124213;0.124213;0.419753;0.00182964;0.519976;0.878538;
188000;0.0168;0.100908;0.731235;0.019719;0.238068;0.238068;0.0141204;0.0386524;0.00622658;0.122869;0.122869;0.357143;0.00244101;0.485741;0.882257;
188500;0.0186;0.101876;0.730729;0.0197885;0.239682;0.239682;0.0148468;0.0376411;0.00617685;0.123158;0.123158;0.505376;0.00285307;0.557135;0.881091;
189000;0.0188;0.101639;0.730001;0.0201851;0.242143;0.242143;0.0148128;0.0372529;0.0063025;0.12664;0.12664;0.340426;0.00326131;0.542865;0.878425;
189500;0.0156;0.100917;0.728676;0.0204968;0.244913;0.244913;0.0133049;0.0391432;0.00699745;0.127074;0.127074;0.512821;0.00243803;0.493459;0.876021;
190000;0.0178;0.101396;0.729462;0.020215;0.242448;0.242448;0.0134445;0.0378673;0.00607297;0.121824;0.121824;0.41573;0.001629;0.514325;0.878967;
190500;0.0192;0.102064;0.730787;0.0200749;0.236921;0.236921;0.0132681;0.0368988;0.00578256;0.117813;0.117813;0.34375;0.00224307;0.53921;0.883601;
191000;0.0144;0.101108;0.729498;0.0200948;0.23895;0.23895;0.0115241;0.0376046;0.00633293;0.119203;0.119203;0.416667;0.00243506;0.516573;0.880825;
191500;0.0164;0.10119;0.726493;0.0199773;0.237352;0.237352;0.0139434;0.0392331;0.0062617;0.116704;0.116704;0.47561;0.00203335;0.553856;0.882316;
192000;0.0154;0.10078;0.725331;0.0199728;0.237957;0.237957;0.0135234;0.038324;0.0058542;0.115096;0.115096;0.480519;0.00243754;0.50731;0.882546;
192500;0.0198;0.100813;0.72708;0.0200805;0.24296;0.24296;0.0125953;0.036682;0.00595156;0.122415;0.122415;0.474747;0.00346868;0.514026;0.880079;
193000;0.019;0.100564;0.725555;0.0200013;0.240061;0.240061;0.0116967;0.0376528;0.00591146;0.119066;0.119066;0.515789;0.00285423;0.54711;0.881843;
193500;0.0146;0.100545;0.724706;0.019865;0.236917;0.236917;0.0118959;0.0370485;0.00556253;0.113714;0.113714;0.356164;0.00162371;0.501143;0.882809;
194000;0.0188;0.100704;0.724983;0.0198295;0.237214;0.237214;0.0120563;0.0351918;0.00572966;0.117184;0.117184;0.329787;0.00142682;0.53689;0.883218;
194500;0.0188;0.10122;0.724021;0.0194784;0.233621;0.233621;0.0121173;0.036718;0.00580801;0.118635;0.118635;0.382979;0.00264982;0.554481;0.885698;
195000;0.0164;0.101608;0.725106;0.0196684;0.234313;0.234313;0.0127269;0.0371247;0.00621026;0.117989;0.117989;0.45122;0.00183001;0.551344;0.884219;
195500;0.0186;0.101961;0.724033;0.0198351;0.236601;0.236601;0.0138319;0.0371526;0.00650912;0.12486;0.12486;0.344086;0.0022417;0.510412;0.883096;
196000;0.017;0.101668;0.724292;0.0198754;0.240449;0.240449;0.0133339;0.0376311;0.00611763;0.127599;0.127599;0.458824;0.00101729;0.388228;0.881758;
196500;0.0204;0.101241;0.722878;0.0198328;0.2392;0.2392;0.0139987;0.0391505;0.0066118;0.12861;0.12861;0.411765;0.00142915;0.534166;0.881106;
197000;0.0166;0.100939;0.723433;0.0195236;0.235894;0.235894;0.0136778;0.0385827;0.00697498;0.125261;0.125261;0.457831;0.00223714;0.58829;0.881602;
197500;0.0164;0.100856;0.724542;0.0193138;0.232745;0.232745;0.013124;0.0376347;0.00701752;0.125229;0.125229;0.621951;0.00142334;0.575811;0.88457;
198000;0.0166;0.100734;0.72654;0.0193931;0.236766;0.236766;0.0144135;0.0360335;0.00721311;0.130913;0.130913;0.409639;0.00142363;0.548371;0.88048;
198500;0.0166;0.100864;0.727241;0.0188116;0.23238;0.23238;0.0147621;0.0343383;0.00655243;0.131013;0.131013;0.277108;0.00203376;0.490148;0.884434;
199000;0.0214;0.100226;0.725835;0.0189341;0.233344;0.233344;0.0139988;0.0342599;0.00602852;0.131502;0.131502;0.233645;0.00286123;0.486687;0.885716;
199500;0.0184;0.100005;0.723624;0.0193272;0.239878;0.239878;0.0145327;0.0367199;0.00667175;0.135127;0.135127;0.5;0.00142624;0.420325;0.880874;
200000;0.0186;0.10022;0.723047;0.0190844;0.234443;0.234443;0.0143566;0.038023;0.00644245;0.131983;0.131983;0.387097;0.00163032;0.50742;0.883599;
