

seed;3058112897;
Npop;5000;
mu_feedback;0.0005;
mu_stress_influx;0.0005;
mu_influx;0.0005;
mu_hstart;0.0005;
sP2NP_1;0.19;
sNP2P_1;0.01;
init_feedback;0.1;
init_stress_influx;0.4;
init_influx;0.05;
init_hstart;0.5;
cue_P;0;
cue_NP;0;
s0;0;
ad;1.5;
aP;1;
mort_background;0.002;
dmax;1;
zmax;1;
r;1;
u;1;
p_att;0.5;
NumGen;200000;
base_name;sim_stress_17_02_2020_152706_2;
generation;freq_P;mean_feedback;mean_stress_influx;mean_influx;mean_hormone;mean_damage;sd_feedback;sd_stress_influx;sd_influx;sd_hormone;sd_damage;prop_dead_P;prop_dead_NP;mean_fecundity_P;mean_fecundity_NP;
0;0.0368;0.1;0.4;0.05;0.50536;0.50536;-nan;-nan;-nan;0.0459921;0.0459921;0.282609;0.00103821;0.464286;0.646447;
500;0.027;0.100009;0.400071;0.0500839;0.520344;0.520344;0.0020043;0.0018668;0.00290681;0.0793472;0.0793472;0.237037;0.0024666;0.252652;0.631455;
1000;0.0252;0.0999897;0.399916;0.0501043;0.520515;0.520515;0.00121907;0.00337379;0.0037577;0.0803488;0.0803488;0.198413;0.00266721;0.2334;0.631303;
1500;0.0302;0.10007;0.400101;0.0500301;0.520599;0.520599;0.00304956;0.00410547;0.00252867;0.080151;0.080151;0.178808;0.00206228;0.279473;0.631609;
2000;0.0268;0.100165;0.400136;0.0498035;0.517;0.517;0.00377829;0.00332337;0.00338457;0.08055;0.08055;0.208955;0.00164406;0.294541;0.633976;
2500;0.0288;0.100003;0.400133;0.0496031;0.516851;0.516851;0.00332895;0.00424219;0.00424052;0.0876521;0.0876521;0.152778;0.00144152;0.275362;0.634863;
3000;0.03;0.10049;0.400022;0.0493252;0.515016;0.515016;0.00763716;0.00385794;0.00451144;0.093805;0.093805;0.173333;0.00206186;0.264096;0.63701;
3500;0.0246;0.101207;0.400165;0.0492656;0.510169;0.510169;0.0109813;0.00432071;0.00513243;0.0935847;0.0935847;0.243902;0.00143531;0.251428;0.640479;
4000;0.0246;0.101957;0.400227;0.0493826;0.509971;0.509971;0.0153046;0.00499321;0.00482107;0.0951201;0.0951201;0.186992;0.00205044;0.232691;0.640803;
4500;0.0262;0.101608;0.40046;0.0490254;0.507206;0.507206;0.0140513;0.00601852;0.00552384;0.0962983;0.0962983;0.259542;0.00205381;0.285252;0.64312;
5000;0.0234;0.103993;0.400401;0.0483753;0.495691;0.495691;0.0217414;0.00508038;0.00658118;0.108656;0.108656;0.162393;0.00204792;0.274011;0.653655;
5500;0.0234;0.105043;0.400413;0.0476872;0.487048;0.487048;0.0250097;0.005489;0.00776358;0.116322;0.116322;0.230769;0.00225271;0.311392;0.660731;
6000;0.0246;0.105193;0.399971;0.0470668;0.480925;0.480925;0.0253771;0.00739096;0.00871588;0.12304;0.12304;0.195122;0.0018454;0.264324;0.668022;
6500;0.0252;0.105826;0.400282;0.0466874;0.477056;0.477056;0.0264318;0.00601762;0.00911721;0.129011;0.129011;0.277778;0.00184653;0.265539;0.671682;
7000;0.0264;0.108345;0.400644;0.0458198;0.464197;0.464197;0.0317827;0.008178;0.00994728;0.13619;0.13619;0.212121;0.00246508;0.313371;0.683177;
7500;0.0254;0.107105;0.400837;0.0459563;0.466339;0.466339;0.028942;0.00953861;0.00993941;0.134488;0.134488;0.259843;0.00143649;0.317582;0.680469;
8000;0.0212;0.107243;0.400874;0.0455602;0.46137;0.46137;0.0299911;0.00854898;0.0104302;0.132426;0.132426;0.226415;0.000817327;0.354589;0.683432;
8500;0.0228;0.108409;0.400288;0.0446428;0.452519;0.452519;0.0323524;0.00887379;0.0111956;0.143415;0.143415;0.175439;0.00102333;0.342363;0.691667;
9000;0.0236;0.109776;0.400539;0.0438485;0.443588;0.443588;0.0345684;0.00926508;0.0118215;0.151768;0.151768;0.254237;0.00143384;0.283715;0.70134;
9500;0.0228;0.11153;0.40079;0.0427424;0.428979;0.428979;0.0365849;0.00908117;0.0128942;0.159696;0.159696;0.219298;0.002456;0.347137;0.712444;
10000;0.0206;0.111375;0.400778;0.0417059;0.419199;0.419199;0.0367646;0.00862373;0.0135199;0.159752;0.159752;0.262136;0.00204207;0.383676;0.720238;
10500;0.0208;0.114678;0.40081;0.0413094;0.410578;0.410578;0.0415184;0.00875234;0.0137048;0.162638;0.162638;0.25;0.00224673;0.359832;0.728693;
11000;0.0296;0.115844;0.40051;0.0410937;0.407665;0.407665;0.0429672;0.00967392;0.0137776;0.169872;0.169872;0.222973;0.0016488;0.359363;0.733535;
11500;0.024;0.117268;0.40036;0.0407471;0.403784;0.403784;0.044638;0.0111612;0.0140815;0.171495;0.171495;0.191667;0.0022541;0.33209;0.735248;
12000;0.025;0.115291;0.399502;0.0388532;0.39064;0.39064;0.0430566;0.014624;0.0152533;0.176089;0.176089;0.28;0.00246154;0.385361;0.745922;
12500;0.0248;0.117354;0.40008;0.0366258;0.366511;0.366511;0.0456336;0.0121382;0.0158597;0.179511;0.179511;0.241935;0.00246103;0.395757;0.767362;
13000;0.0198;0.118694;0.400641;0.0344428;0.345042;0.345042;0.047251;0.0120891;0.0166223;0.184978;0.184978;0.333333;0.00163232;0.351423;0.783525;
13500;0.0194;0.12105;0.401112;0.0330263;0.329922;0.329922;0.0495027;0.00978707;0.0171561;0.188445;0.188445;0.402062;0.00265144;0.392016;0.795067;
14000;0.017;0.122068;0.400934;0.0325695;0.322017;0.322017;0.0507414;0.0146058;0.0173905;0.184493;0.184493;0.317647;0.00122075;0.515251;0.799273;
14500;0.0178;0.12232;0.400304;0.0311052;0.309481;0.309481;0.0503907;0.0170647;0.0177239;0.188784;0.188784;0.393258;0.00142537;0.437739;0.810583;
15000;0.0182;0.116797;0.400953;0.0301359;0.307922;0.307922;0.043892;0.0131715;0.0179943;0.191165;0.191165;0.362637;0.00162966;0.491549;0.810138;
15500;0.0196;0.117468;0.40071;0.0288748;0.296164;0.296164;0.0451339;0.0146376;0.0181832;0.194551;0.194551;0.306122;0.00183599;0.432337;0.820241;
16000;0.0184;0.118694;0.401352;0.0258844;0.27097;0.27097;0.0469182;0.0105895;0.017975;0.192589;0.192589;0.326087;0.00224124;0.515506;0.83867;
16500;0.0164;0.121409;0.40095;0.0250159;0.258875;0.258875;0.049218;0.0119395;0.0182799;0.191843;0.191843;0.5;0.00223668;0.57996;0.846223;
17000;0.0176;0.124552;0.400622;0.024566;0.251506;0.251506;0.0525033;0.0107482;0.0179567;0.188859;0.188859;0.443182;0.002443;0.603113;0.852464;
17500;0.016;0.12912;0.401398;0.0229979;0.234716;0.234716;0.0560468;0.0111627;0.0180931;0.191001;0.191001;0.3625;0.00142276;0.532235;0.864289;
18000;0.0156;0.132284;0.40145;0.0220986;0.22262;0.22262;0.0596348;0.0125625;0.0183875;0.189664;0.189664;0.371795;0.00142219;0.632242;0.871284;
18500;0.017;0.133323;0.401977;0.0210989;0.216532;0.216532;0.0608069;0.0154753;0.0177693;0.190688;0.190688;0.435294;0.00264496;0.537743;0.87774;
19000;0.0136;0.134601;0.40244;0.020397;0.208232;0.208232;0.0621442;0.0111936;0.0175819;0.186891;0.186891;0.617647;0.00324412;0.62164;0.882233;
19500;0.0138;0.131989;0.402953;0.0196222;0.206192;0.206192;0.059502;0.0120223;0.0174841;0.187954;0.187954;0.637681;0.00243358;0.640397;0.883153;
20000;0.0136;0.132081;0.402089;0.0188208;0.198076;0.198076;0.0583771;0.0107377;0.0169857;0.182376;0.182376;0.426471;0.00283861;0.621893;0.889763;
20500;0.0132;0.130067;0.401186;0.0166898;0.180069;0.180069;0.0574601;0.0104984;0.0167609;0.17943;0.17943;0.636364;0.00141873;0.602713;0.90182;
21000;0.012;0.134567;0.401557;0.0153306;0.16673;0.16673;0.0606556;0.0121532;0.0164026;0.175098;0.175098;0.55;0.00323887;0.61568;0.910411;
21500;0.012;0.134227;0.401618;0.0134941;0.15003;0.15003;0.0602185;0.0138081;0.0159122;0.16677;0.16677;0.65;0.001417;0.715272;0.92081;
22000;0.0108;0.132426;0.400652;0.0126636;0.145459;0.145459;0.05899;0.014506;0.0157977;0.165987;0.165987;0.685185;0.00323494;0.72788;0.923649;
22500;0.012;0.131337;0.400106;0.0123867;0.14381;0.14381;0.0570097;0.0160809;0.015561;0.167518;0.167518;0.716667;0.00263158;0.725097;0.924362;
23000;0.0134;0.132469;0.399906;0.0114375;0.134509;0.134509;0.0576927;0.0164437;0.0151689;0.164942;0.164942;0.626866;0.00222988;0.716941;0.930589;
23500;0.0094;0.132651;0.400124;0.0114223;0.131755;0.131755;0.0586598;0.0185894;0.0150757;0.158575;0.158575;0.680851;0.00161518;0.774628;0.931415;
24000;0.0116;0.132527;0.399635;0.0106872;0.129699;0.129699;0.0582246;0.0179402;0.0144787;0.159756;0.159756;0.793103;0.00303521;0.700987;0.934807;
24500;0.0132;0.132869;0.400423;0.0115459;0.134721;0.134721;0.0578304;0.0204438;0.0150697;0.163716;0.163716;0.454545;0.00182408;0.668028;0.930686;
25000;0.0102;0.133596;0.400599;0.0117206;0.135632;0.135632;0.057705;0.0222502;0.0148895;0.15629;0.15629;0.980392;0.00181855;0.823515;0.930631;
25500;0.0132;0.136192;0.399184;0.0117794;0.134053;0.134053;0.0582081;0.0221168;0.0151786;0.159607;0.159607;0.454545;0.00263478;0.675777;0.932291;
26000;0.0128;0.133326;0.401946;0.012008;0.138137;0.138137;0.0565295;0.0213084;0.0155734;0.164237;0.164237;0.640625;0.00162075;0.683925;0.929008;
26500;0.0102;0.128684;0.400914;0.0118433;0.140227;0.140227;0.053702;0.0213923;0.014888;0.161149;0.161149;0.843137;0.00222267;0.726203;0.927428;
27000;0.012;0.126989;0.400989;0.0121437;0.143303;0.143303;0.0517043;0.0214108;0.0154985;0.167931;0.167931;0.8;0.00182186;0.760647;0.924409;
27500;0.0124;0.128316;0.401752;0.0123221;0.143656;0.143656;0.052398;0.0179259;0.0155353;0.165195;0.165195;0.612903;0.00384771;0.697886;0.925653;
28000;0.0154;0.130583;0.400964;0.0125671;0.142696;0.142696;0.0526635;0.0210252;0.015907;0.166387;0.166387;0.506494;0.00203128;0.686216;0.926321;
28500;0.013;0.127543;0.400648;0.012808;0.147962;0.147962;0.0507361;0.0219471;0.0162314;0.170872;0.170872;0.507692;0.00141844;0.663322;0.92167;
29000;0.0122;0.128593;0.399825;0.0123265;0.147207;0.147207;0.0530786;0.026249;0.0157894;0.16949;0.16949;0.655738;0.00222717;0.715432;0.921753;
29500;0.0126;0.12809;0.40032;0.011873;0.140081;0.140081;0.0514111;0.0266369;0.0152938;0.166299;0.166299;0.587302;0.00202552;0.734952;0.926499;
30000;0.012;0.128787;0.401208;0.0110812;0.135558;0.135558;0.0521521;0.0259354;0.0150531;0.165347;0.165347;0.783333;0.001417;0.659495;0.930021;
30500;0.0132;0.132095;0.403249;0.0109034;0.12945;0.12945;0.0546071;0.0264885;0.0145527;0.15924;0.15924;0.5;0.00263478;0.768895;0.933635;
31000;0.0136;0.132936;0.40236;0.0118043;0.138458;0.138458;0.0550763;0.0273131;0.0152806;0.163251;0.163251;0.676471;0.00223033;0.744888;0.928739;
31500;0.0122;0.135154;0.404597;0.011716;0.135375;0.135375;0.0554495;0.0275535;0.0155479;0.167791;0.167791;0.704918;0.00283458;0.682835;0.929727;
32000;0.0104;0.136067;0.404172;0.0109629;0.127664;0.127664;0.0549193;0.0280621;0.0147542;0.158198;0.158198;0.826923;0.00161681;0.649806;0.935637;
32500;0.0116;0.13817;0.405686;0.0103946;0.121176;0.121176;0.0574622;0.0276933;0.014372;0.153185;0.153185;0.741379;0.00202347;0.707404;0.940253;
33000;0.0134;0.136839;0.404542;0.00980859;0.118501;0.118501;0.0552349;0.029991;0.0138187;0.151995;0.151995;0.656716;0.000810866;0.734143;0.941761;
33500;0.0148;0.139669;0.403358;0.010522;0.121344;0.121344;0.0570293;0.03102;0.0142478;0.151509;0.151509;0.527027;0.00182704;0.796983;0.93969;
34000;0.0138;0.141612;0.406009;0.00990313;0.115443;0.115443;0.0598421;0.03184;0.0138546;0.150076;0.150076;0.434783;0.00182519;0.783461;0.942633;
34500;0.0096;0.139003;0.406009;0.0107255;0.12125;0.12125;0.0588034;0.0302284;0.0142386;0.151865;0.151865;0.6875;0.00121163;0.674858;0.939938;
35000;0.0128;0.137268;0.405035;0.0107215;0.123377;0.123377;0.0580688;0.0310009;0.0143845;0.155128;0.155128;0.453125;0.00141815;0.759162;0.937606;
35500;0.017;0.13441;0.404686;0.0106065;0.127712;0.127712;0.0553396;0.0353257;0.0141957;0.157239;0.157239;0.623529;0.00183113;0.729778;0.937642;
36000;0.0112;0.132912;0.405163;0.0113956;0.135246;0.135246;0.0550038;0.0329284;0.0143718;0.15676;0.15676;0.892857;0.00283172;0.667671;0.933415;
36500;0.0122;0.127613;0.407177;0.0116884;0.13859;0.13859;0.050423;0.0330144;0.0140503;0.159256;0.159256;0.540984;0.000809881;0.750687;0.928759;
37000;0.0142;0.126509;0.410108;0.0109945;0.131907;0.131907;0.0483562;0.0351536;0.0137545;0.152396;0.152396;0.380282;0.00142017;0.7606;0.934119;
37500;0.0116;0.123894;0.411146;0.0109157;0.135599;0.135599;0.0466215;0.0321205;0.0136524;0.158504;0.158504;0.672414;0.00242817;0.685363;0.93209;
38000;0.0126;0.12711;0.409937;0.00934388;0.122913;0.122913;0.0503845;0.0337888;0.0126464;0.15367;0.15367;0.634921;0.00182297;0.634793;0.940838;
38500;0.0124;0.126149;0.412412;0.00877989;0.117204;0.117204;0.0482498;0.0344995;0.0121687;0.148877;0.148877;0.580645;0.00263264;0.717903;0.943925;
39000;0.0136;0.129255;0.413058;0.00898077;0.115442;0.115442;0.0514771;0.0323489;0.0122843;0.14695;0.14695;0.617647;0.00283861;0.764741;0.945025;
39500;0.0166;0.122666;0.41308;0.00888618;0.121898;0.121898;0.0460354;0.0345368;0.0120466;0.155014;0.155014;0.445783;0.00183038;0.67735;0.941812;
40000;0.0118;0.121646;0.414744;0.00857681;0.122363;0.122363;0.0457792;0.037035;0.0117337;0.152191;0.152191;0.932203;0.00303582;0.670982;0.942273;
40500;0.0096;0.123887;0.414739;0.00862766;0.115465;0.115465;0.0461035;0.0363729;0.0122093;0.146433;0.146433;0.666667;0.00242326;0.773983;0.944069;
41000;0.013;0.125848;0.41304;0.00797231;0.110178;0.110178;0.0471707;0.0342315;0.0115372;0.146832;0.146832;0.646154;0.00202634;0.704489;0.948512;
41500;0.0138;0.123382;0.413687;0.00744854;0.109698;0.109698;0.0466411;0.033187;0.0116729;0.148662;0.148662;0.608696;0.00283918;0.787867;0.947471;
42000;0.0152;0.125452;0.412598;0.00688135;0.101387;0.101387;0.0478688;0.0323952;0.0108936;0.142372;0.142372;0.578947;0.00182778;0.822246;0.952554;
42500;0.0116;0.128212;0.41212;0.00651056;0.0961077;0.0961077;0.0502685;0.034295;0.010095;0.133787;0.133787;0.758621;0.00182113;0.780829;0.956975;
43000;0.0122;0.126076;0.413665;0.00625583;0.0955806;0.0955806;0.048966;0.0362349;0.00977508;0.136176;0.136176;0.803279;0.0020247;0.742063;0.957792;
43500;0.0112;0.123188;0.41197;0.00666685;0.0988311;0.0988311;0.0479301;0.0346401;0.00974311;0.131823;0.131823;0.803571;0.000809061;0.711022;0.956662;
44000;0.0106;0.12063;0.415421;0.00599263;0.0968288;0.0968288;0.0461122;0.0339198;0.00885043;0.129805;0.129805;0.962264;0.00343643;0.832483;0.957914;
44500;0.0136;0.121693;0.415109;0.00546015;0.0933655;0.0933655;0.0483993;0.0335406;0.00837517;0.131339;0.131339;0.632353;0.00182482;0.739905;0.95992;
45000;0.0098;0.122889;0.415802;0.00540532;0.0919035;0.0919035;0.0490806;0.0337036;0.00796982;0.125362;0.125362;1.14286;0.00161584;0.903383;0.960174;
45500;0.0118;0.119712;0.416429;0.00537257;0.0980961;0.0980961;0.0481076;0.0330445;0.00751485;0.136728;0.136728;0.881356;0.00182149;0.766054;0.956872;
46000;0.0116;0.121899;0.417287;0.00543478;0.0951893;0.0951893;0.0510739;0.0329697;0.00743447;0.135004;0.135004;0.793103;0.00182113;0.718256;0.958889;
46500;0.0128;0.119823;0.415666;0.00512982;0.0947963;0.0947963;0.0498766;0.0296614;0.00722533;0.132541;0.132541;0.59375;0.00243112;0.761618;0.959041;
47000;0.011;0.117866;0.417119;0.00567585;0.0947697;0.0947697;0.0476852;0.0312059;0.00835862;0.128526;0.128526;0.672727;0.00141557;0.843075;0.958174;
47500;0.0116;0.11395;0.417664;0.00550908;0.101008;0.101008;0.0437987;0.0308688;0.00752521;0.137256;0.137256;0.827586;0.00182113;0.757633;0.955437;
48000;0.0124;0.112623;0.419146;0.00522513;0.0961767;0.0961767;0.0420583;0.0317075;0.00769074;0.133024;0.133024;0.564516;0.00141758;0.76622;0.957464;
48500;0.0142;0.111809;0.41839;0.00554768;0.0994045;0.0994045;0.0402362;0.0307907;0.00815838;0.135639;0.135639;0.619718;0.00304321;0.80122;0.956338;
49000;0.0102;0.110347;0.417771;0.00574625;0.103008;0.103008;0.0403001;0.0311445;0.00882799;0.141399;0.141399;0.666667;0.00242473;0.772468;0.952297;
49500;0.011;0.108697;0.418756;0.00565636;0.103669;0.103669;0.039312;0.0320626;0.00812383;0.143436;0.143436;0.654545;0.00101112;0.706894;0.952579;
50000;0.0094;0.10696;0.416855;0.00562119;0.104055;0.104055;0.035642;0.0315441;0.00770219;0.138283;0.138283;0.638298;0.00141328;0.618722;0.953313;
50500;0.0118;0.106356;0.416341;0.00572127;0.105512;0.105512;0.0341575;0.0316214;0.00774047;0.134142;0.134142;0.559322;0.00202388;0.810641;0.952366;
51000;0.0126;0.105348;0.414409;0.00580738;0.103819;0.103819;0.0318466;0.031088;0.00761845;0.130945;0.130945;0.603175;0.00303828;0.793463;0.954768;
51500;0.0126;0.105648;0.415262;0.00586212;0.106444;0.106444;0.0327091;0.0318199;0.00778628;0.136376;0.136376;0.650794;0.00263318;0.779066;0.952616;
52000;0.0116;0.107368;0.416262;0.00588366;0.103776;0.103776;0.0326481;0.0323468;0.00763896;0.132934;0.132934;0.655172;0.00202347;0.807078;0.953837;
52500;0.0148;0.107258;0.415982;0.00581976;0.103798;0.103798;0.0330614;0.0306888;0.00777867;0.135061;0.135061;0.662162;0.00243605;0.764816;0.955565;
53000;0.0124;0.106617;0.415988;0.0059394;0.104107;0.104107;0.0332055;0.0313976;0.00791122;0.133748;0.133748;0.66129;0.00121507;0.769902;0.954368;
53500;0.0122;0.104615;0.417519;0.00597501;0.107984;0.107984;0.0316383;0.0313418;0.00760726;0.134219;0.134219;0.786885;0.00161976;0.771387;0.952691;
54000;0.0112;0.103782;0.418391;0.00610957;0.111858;0.111858;0.0306054;0.0315927;0.0075432;0.138218;0.138218;0.857143;0.00141586;0.748838;0.95025;
54500;0.0126;0.104635;0.422138;0.00576726;0.107063;0.107063;0.0303396;0.0340031;0.00723729;0.132267;0.132267;0.634921;0.00182297;0.829587;0.952405;
55000;0.0122;0.102816;0.424715;0.00541198;0.105123;0.105123;0.0288113;0.0348583;0.00655605;0.131351;0.131351;0.868852;0.00121482;0.793334;0.954949;
55500;0.0134;0.102427;0.426067;0.00642713;0.11263;0.11263;0.0272265;0.0348544;0.00740393;0.132219;0.132219;0.61194;0.00182445;0.787678;0.950639;
56000;0.0116;0.103025;0.42647;0.00653416;0.117563;0.117563;0.0283983;0.0370028;0.00726655;0.135892;0.135892;0.672414;0.00141643;0.727029;0.947784;
56500;0.011;0.102805;0.431505;0.00652726;0.117906;0.117906;0.0281939;0.040135;0.00715487;0.138961;0.138961;0.636364;0.00222447;0.748397;0.946956;
57000;0.0122;0.102215;0.429801;0.0066344;0.120429;0.120429;0.0282457;0.0378902;0.00689794;0.140642;0.140642;0.655738;0.00161976;0.735888;0.945819;
57500;0.0118;0.102414;0.427007;0.0068424;0.121028;0.121028;0.0278445;0.0348807;0.00744064;0.13765;0.13765;0.661017;0.00182149;0.764273;0.945405;
58000;0.0112;0.102877;0.427411;0.00702297;0.121351;0.121351;0.0268452;0.0354847;0.00692478;0.136779;0.136779;0.714286;0.00141586;0.679657;0.946694;
58500;0.0136;0.101846;0.426808;0.00746809;0.124797;0.124797;0.0264245;0.0358354;0.00723316;0.135614;0.135614;0.617647;0.00243309;0.790518;0.944406;
59000;0.015;0.1009;0.428733;0.00780993;0.130286;0.130286;0.0245632;0.0374756;0.00697117;0.13852;0.13852;0.36;0.0022335;0.768007;0.940905;
59500;0.0114;0.100647;0.429112;0.0076474;0.127096;0.127096;0.0246621;0.0368172;0.0067042;0.131858;0.131858;0.719298;0.00161845;0.808991;0.943439;
60000;0.013;0.0992141;0.428635;0.00802921;0.135563;0.135563;0.0240537;0.0374576;0.00703824;0.139961;0.139961;0.753846;0.00243161;0.746739;0.939447;
60500;0.0142;0.0999248;0.427539;0.00881089;0.14147;0.14147;0.023545;0.0369198;0.008164;0.14334;0.14334;0.549296;0.00344898;0.731537;0.935496;
61000;0.0154;0.100325;0.427478;0.00880412;0.139507;0.139507;0.0211813;0.0361932;0.00764497;0.138605;0.138605;0.454545;0.00243754;0.707674;0.938017;
61500;0.0118;0.100991;0.429546;0.00870312;0.136718;0.136718;0.0209657;0.0364915;0.00736651;0.134246;0.134246;0.610169;0.00242866;0.694726;0.939666;
62000;0.0108;0.101067;0.429658;0.00902863;0.137791;0.137791;0.0221696;0.0364117;0.00808722;0.138898;0.138898;0.685185;0.00202184;0.691568;0.938058;
62500;0.0104;0.102109;0.431809;0.00834867;0.133635;0.133635;0.0234352;0.038163;0.00737166;0.135549;0.135549;1;0.00282943;0.708315;0.941388;
63000;0.0136;0.0996936;0.429804;0.00826063;0.135928;0.135928;0.0192344;0.0379349;0.00741637;0.136923;0.136923;0.602941;0.00223033;0.680017;0.940242;
63500;0.0132;0.0995853;0.429468;0.00858837;0.135548;0.135548;0.0189094;0.0381506;0.00796472;0.137102;0.137102;0.515152;0.00283745;0.684091;0.939768;
64000;0.014;0.0997719;0.431917;0.00853247;0.137578;0.137578;0.0180852;0.0389084;0.00778547;0.136026;0.136026;0.471429;0.00182556;0.71746;0.938352;
64500;0.0136;0.100572;0.4315;0.00825904;0.13366;0.13366;0.0194443;0.0405892;0.00731724;0.13045;0.13045;0.514706;0.00121655;0.790557;0.940521;
65000;0.0142;0.100416;0.434493;0.00849542;0.134745;0.134745;0.0197775;0.0419686;0.00703116;0.130944;0.130944;0.507042;0.00142017;0.767885;0.940411;
65500;0.0106;0.0996223;0.437077;0.00846006;0.137754;0.137754;0.0197722;0.0433135;0.00717791;0.133081;0.133081;0.811321;0.00121286;0.761805;0.937999;
66000;0.0146;0.0979695;0.435815;0.00832635;0.13631;0.13631;0.0188226;0.0438098;0.00698271;0.135921;0.135921;0.534247;0.00284149;0.717813;0.940223;
66500;0.013;0.0985346;0.436418;0.00852029;0.138261;0.138261;0.0171395;0.043579;0.00782199;0.137241;0.137241;0.646154;0.00141844;0.699321;0.938489;
67000;0.0152;0.0982011;0.437222;0.00858838;0.138762;0.138762;0.0162324;0.0438877;0.00770968;0.136075;0.136075;0.473684;0.00345248;0.716534;0.93886;
67500;0.0112;0.0990965;0.434354;0.00870552;0.13744;0.13744;0.0142986;0.0442276;0.00718817;0.13123;0.13123;0.875;0.00101133;0.762468;0.93914;
68000;0.0156;0.0989953;0.431791;0.00846127;0.13692;0.13692;0.0167207;0.0426688;0.00675327;0.130767;0.130767;0.602564;0.00243803;0.702221;0.941632;
68500;0.013;0.0977135;0.429995;0.00811301;0.134973;0.134973;0.0178737;0.0404544;0.00639614;0.130916;0.130916;0.646154;0.00243161;0.751864;0.941004;
69000;0.0134;0.0979782;0.43005;0.00779011;0.134026;0.134026;0.0185361;0.040078;0.0063777;0.137353;0.137353;0.61194;0.00141901;0.669647;0.941002;
69500;0.012;0.0974781;0.428934;0.00795941;0.135432;0.135432;0.0171875;0.0398022;0.00693802;0.136296;0.136296;0.866667;0.0034413;0.75189;0.940285;
70000;0.0128;0.0980045;0.431742;0.00756368;0.128801;0.128801;0.0164262;0.0417587;0.00670389;0.132449;0.132449;0.53125;0.00263371;0.762879;0.943323;
70500;0.014;0.0987042;0.433654;0.00788351;0.133262;0.133262;0.014882;0.0420768;0.00662161;0.132774;0.132774;0.585714;0.0020284;0.744778;0.941564;
71000;0.0146;0.099142;0.433708;0.00783343;0.128877;0.128877;0.0139548;0.0421602;0.00616627;0.126477;0.126477;0.452055;0.00202963;0.800115;0.944276;
71500;0.0134;0.0994413;0.436731;0.00786546;0.126378;0.126378;0.0141978;0.0429303;0.00694014;0.125607;0.125607;0.492537;0.00222988;0.787866;0.945645;
72000;0.012;0.0989716;0.438348;0.00797501;0.129719;0.129719;0.0144159;0.0456985;0.00705563;0.126147;0.126147;0.75;0.00121457;0.726432;0.94498;
72500;0.0136;0.0986304;0.438477;0.00827998;0.132589;0.132589;0.015078;0.0462083;0.00620344;0.124037;0.124037;0.264706;0.00121655;0.748596;0.942223;
73000;0.0156;0.0991193;0.440931;0.00823844;0.135616;0.135616;0.016909;0.0472073;0.00556079;0.130558;0.130558;0.679487;0.00223486;0.694792;0.943107;
73500;0.0134;0.10052;0.444944;0.00858446;0.136621;0.136621;0.0168316;0.0502011;0.00656353;0.134028;0.134028;0.671642;0.00222988;0.680945;0.941175;
74000;0.0118;0.099765;0.443233;0.00834135;0.130098;0.130098;0.016055;0.0497142;0.006777;0.125337;0.125337;0.694915;0.00161911;0.806441;0.944012;
74500;0.0128;0.0999092;0.444412;0.00838894;0.13569;0.13569;0.0153632;0.0507491;0.00736915;0.132718;0.132718;0.5625;0.00243112;0.713213;0.940528;
75000;0.0128;0.100315;0.443639;0.00854492;0.136669;0.136669;0.0153591;0.0518287;0.00728797;0.13663;0.13663;0.59375;0.00222853;0.691571;0.939782;
75500;0.0122;0.101336;0.441822;0.00859255;0.132528;0.132528;0.0134457;0.0508534;0.0069031;0.124375;0.124375;0.622951;0.00161976;0.788179;0.943007;
76000;0.0124;0.101799;0.444918;0.00961017;0.142296;0.142296;0.0122342;0.053281;0.00812774;0.134502;0.134502;0.822581;0.00303767;0.723132;0.938125;
76500;0.0126;0.102086;0.445995;0.00928121;0.140259;0.140259;0.0147324;0.0559049;0.0073106;0.130611;0.130611;0.634921;0.00243063;0.674305;0.939555;
77000;0.0136;0.101388;0.445658;0.00907027;0.138529;0.138529;0.0125002;0.0537874;0.00770757;0.136098;0.136098;0.647059;0.000405515;0.66629;0.939742;
77500;0.0174;0.101573;0.446824;0.00883599;0.135585;0.135585;0.0134516;0.0544663;0.00752483;0.131909;0.131909;0.528736;0.00162833;0.76368;0.941753;
78000;0.0118;0.103347;0.448378;0.00882607;0.134241;0.134241;0.0126045;0.0562219;0.00779103;0.133847;0.133847;0.610169;0.00101194;0.695786;0.941188;
78500;0.0134;0.103146;0.448702;0.00857144;0.133429;0.133429;0.0134876;0.0577798;0.00695812;0.129833;0.129833;0.537313;0.00222988;0.732561;0.942628;
79000;0.0136;0.104665;0.450061;0.00881842;0.128137;0.128137;0.0140484;0.057935;0.00678569;0.121202;0.121202;0.588235;0.00101379;0.745715;0.947074;
79500;0.013;0.104909;0.452925;0.00883825;0.129543;0.129543;0.0141407;0.059075;0.00717987;0.127512;0.127512;0.676923;0.00182371;0.814904;0.944536;
80000;0.0148;0.104779;0.446871;0.00858729;0.130573;0.130573;0.0152928;0.0554528;0.00692865;0.132246;0.132246;0.662162;0.00182704;0.728462;0.944988;
80500;0.0098;0.104496;0.448008;0.00872195;0.134837;0.134837;0.0153854;0.0538752;0.00638477;0.130561;0.130561;0.693878;0.00343365;0.695565;0.941593;
81000;0.0148;0.104125;0.447595;0.00852995;0.130751;0.130751;0.0157247;0.0557731;0.00595374;0.121265;0.121265;0.5;0.00243605;0.78274;0.945552;
81500;0.0126;0.103361;0.449879;0.00856583;0.13296;0.13296;0.0153065;0.057835;0.00618211;0.129502;0.129502;0.634921;0.00202552;0.768315;0.942381;
82000;0.0156;0.103726;0.452117;0.00882274;0.134651;0.134651;0.0153061;0.0600167;0.00659171;0.130586;0.130586;0.358974;0.00304754;0.674238;0.943059;
82500;0.011;0.102962;0.451956;0.00909854;0.137995;0.137995;0.0151905;0.0600933;0.00645979;0.129804;0.129804;0.636364;0.00182002;0.689366;0.940115;
83000;0.0114;0.102334;0.455758;0.00929593;0.141244;0.141244;0.0155454;0.06086;0.00628412;0.128923;0.128923;0.684211;0.0032369;0.717954;0.938578;
83500;0.0148;0.101374;0.456605;0.00905752;0.137293;0.137293;0.0155092;0.0600483;0.00679767;0.124797;0.124797;0.513514;0.00162404;0.793362;0.940606;
84000;0.011;0.101115;0.454431;0.00908577;0.138442;0.138442;0.0148366;0.0607053;0.00645759;0.126863;0.126863;0.618182;0.0016178;0.70708;0.939616;
84500;0.0104;0.101496;0.452146;0.00892528;0.13448;0.13448;0.0156254;0.0592794;0.00653675;0.123488;0.123488;0.692308;0.00161681;0.707144;0.942438;
85000;0.0158;0.102298;0.45322;0.00958245;0.141638;0.141638;0.0146728;0.0601019;0.0072202;0.129739;0.129739;0.405063;0.00223532;0.746514;0.938086;
85500;0.0142;0.101615;0.453393;0.00984634;0.14405;0.14405;0.0158522;0.0590028;0.00812669;0.132026;0.132026;0.492958;0.00202881;0.72582;0.935999;
86000;0.0142;0.100508;0.455687;0.010371;0.153411;0.153411;0.0166955;0.0596153;0.00873191;0.141243;0.141243;0.478873;0.00182593;0.68421;0.929777;
86500;0.0168;0.101353;0.458658;0.0102616;0.153681;0.153681;0.0153473;0.0629419;0.00767148;0.143081;0.143081;0.428571;0.00264443;0.634093;0.93105;
87000;0.0138;0.101126;0.455961;0.0104566;0.151975;0.151975;0.014764;0.0606646;0.00703108;0.132686;0.132686;0.434783;0.00121679;0.644506;0.932633;
87500;0.013;0.101104;0.45564;0.0102869;0.152753;0.152753;0.0151942;0.0610068;0.00644849;0.132391;0.132391;0.661538;0.00162107;0.588703;0.933569;
88000;0.0136;0.101191;0.457685;0.0102088;0.151894;0.151894;0.0170041;0.0636807;0.00648623;0.132123;0.132123;0.529412;0.00101379;0.61174;0.933081;
88500;0.0152;0.100952;0.456259;0.011063;0.161893;0.161893;0.0168655;0.06211;0.00750546;0.141;0.141;0.618421;0.00243704;0.584304;0.928307;
89000;0.0172;0.101604;0.454575;0.0111922;0.164649;0.164649;0.0182375;0.0616423;0.00730213;0.140598;0.140598;0.546512;0.001628;0.688342;0.925112;
89500;0.0128;0.101442;0.459173;0.0111273;0.159213;0.159213;0.0193507;0.0625621;0.00703519;0.133069;0.133069;0.5;0.00182334;0.736226;0.927458;
90000;0.0158;0.10063;0.459544;0.0111867;0.164455;0.164455;0.0187184;0.0630827;0.00667094;0.136104;0.136104;0.455696;0.0018289;0.625916;0.926197;
90500;0.0114;0.0997794;0.466568;0.011339;0.164314;0.164314;0.0188321;0.0686182;0.00687667;0.129986;0.129986;0.631579;0.00202306;0.771844;0.924307;
91000;0.0132;0.0990367;0.46649;0.0113966;0.168685;0.168685;0.0180255;0.0686212;0.00681831;0.139802;0.139802;0.560606;0.00182408;0.673422;0.921652;
91500;0.015;0.0993134;0.471237;0.0111879;0.16622;0.16622;0.0180155;0.0687124;0.00680306;0.139314;0.139314;0.386667;0.00345178;0.681119;0.923337;
92000;0.0116;0.0996186;0.4735;0.0107461;0.160852;0.160852;0.018564;0.0702972;0.00707789;0.13989;0.13989;0.517241;0.00263051;0.65498;0.925645;
92500;0.0112;0.101125;0.471314;0.0107374;0.158199;0.158199;0.0187517;0.0706853;0.00686436;0.138437;0.138437;0.696429;0.00262945;0.693336;0.927746;
93000;0.0132;0.0991642;0.471045;0.0111092;0.166719;0.166719;0.0174686;0.0706584;0.00745561;0.143115;0.143115;0.575758;0.00283745;0.597046;0.923402;
93500;0.018;0.0991446;0.475484;0.0110747;0.166635;0.166635;0.0175884;0.0709909;0.00709265;0.147496;0.147496;0.4;0.00325866;0.666112;0.923157;
94000;0.013;0.0992075;0.478695;0.0108543;0.164337;0.164337;0.0173982;0.0753286;0.00707755;0.144832;0.144832;0.692308;0.00141844;0.61888;0.924343;
94500;0.0122;0.0996785;0.47955;0.0108787;0.165096;0.165096;0.0187285;0.0737947;0.00644594;0.140377;0.140377;0.622951;0.00242964;0.71211;0.923176;
95000;0.0144;0.100827;0.487963;0.0110241;0.162129;0.162129;0.0174101;0.0754176;0.00639329;0.13674;0.13674;0.513889;0.00142045;0.731891;0.925501;
95500;0.0186;0.100547;0.492965;0.0111237;0.163436;0.163436;0.0170156;0.0787296;0.00666062;0.139308;0.139308;0.419355;0.0022417;0.687929;0.926358;
96000;0.0102;0.100592;0.489661;0.0107392;0.159262;0.159262;0.0176272;0.0776463;0.00709935;0.140441;0.140441;0.882353;0.00141443;0.661302;0.927012;
96500;0.0186;0.100876;0.498543;0.0111306;0.16427;0.16427;0.0182308;0.0773627;0.0072699;0.1406;0.1406;0.473118;0.00203791;0.689992;0.925801;
97000;0.0156;0.0999303;0.502517;0.0111564;0.163697;0.163697;0.0158664;0.0788777;0.00653946;0.137734;0.137734;0.487179;0.00142219;0.627803;0.926595;
97500;0.015;0.0998936;0.508734;0.0111637;0.162234;0.162234;0.0144918;0.0805309;0.00637692;0.13161;0.13161;0.453333;0.00162437;0.676899;0.927368;
98000;0.0158;0.100601;0.507416;0.0113744;0.163445;0.163445;0.0149866;0.0771551;0.00654837;0.134039;0.134039;0.455696;0.0018289;0.67627;0.926525;
98500;0.0106;0.0996069;0.51056;0.011187;0.160073;0.160073;0.0139531;0.079547;0.00648767;0.126762;0.126762;0.54717;0.00181928;0.665805;0.928279;
99000;0.0122;0.0985219;0.517679;0.011397;0.168224;0.168224;0.0147166;0.0814184;0.006678;0.134421;0.134421;0.508197;0.00222717;0.683307;0.92253;
99500;0.0158;0.100148;0.516941;0.0115977;0.169124;0.169124;0.0161415;0.0845869;0.00664498;0.137089;0.137089;0.405063;0.00203211;0.664211;0.922487;
100000;0.0144;0.0997776;0.53063;0.0118225;0.170677;0.170677;0.014694;0.0843294;0.00697841;0.138815;0.138815;0.597222;0.00243506;0.587607;0.922564;
100500;0.0126;0.0996776;0.525892;0.0116483;0.167486;0.167486;0.0157855;0.0839788;0.00675689;0.135963;0.135963;0.460317;0.00202552;0.564445;0.924011;
101000;0.016;0.0993175;0.530582;0.0115381;0.168044;0.168044;0.0173896;0.0819349;0.00679935;0.137322;0.137322;0.55;0.00243902;0.656066;0.924421;
101500;0.0164;0.0995911;0.537722;0.0112597;0.167631;0.167631;0.0186823;0.0837384;0.00650543;0.140391;0.140391;0.365854;0.00203335;0.660776;0.922894;
102000;0.0154;0.0998571;0.536899;0.0113448;0.168359;0.168359;0.0174046;0.0823229;0.00577174;0.132622;0.132622;0.558442;0.0014219;0.67869;0.924229;
102500;0.0138;0.101429;0.537569;0.0113992;0.161672;0.161672;0.017694;0.0816496;0.00604828;0.129299;0.129299;0.507246;0.00121679;0.682217;0.927675;
103000;0.0176;0.10202;0.540707;0.011354;0.163392;0.163392;0.0185863;0.0814879;0.00560456;0.132108;0.132108;0.465909;0.00162866;0.658268;0.928249;
103500;0.0148;0.103217;0.540279;0.0113151;0.161522;0.161522;0.0187437;0.0801921;0.00612075;0.136344;0.136344;0.581081;0.00263906;0.588631;0.929161;
104000;0.013;0.103788;0.539834;0.0114042;0.159684;0.159684;0.0194837;0.081465;0.00622232;0.128029;0.128029;0.507692;0.00182371;0.620646;0.929778;
104500;0.0138;0.103888;0.536169;0.011681;0.161136;0.161136;0.019866;0.0820772;0.00658346;0.128443;0.128443;0.507246;0.00263638;0.657659;0.92916;
105000;0.0152;0.103575;0.54188;0.012168;0.169755;0.169755;0.0196434;0.0821486;0.00672166;0.13408;0.13408;0.592105;0.00142161;0.680981;0.923278;
105500;0.0174;0.10458;0.539666;0.0122162;0.164869;0.164869;0.0204912;0.0803533;0.00653068;0.126873;0.126873;0.425287;0.00162833;0.64701;0.928182;
106000;0.0142;0.105571;0.542262;0.0122733;0.163131;0.163131;0.0220264;0.0786285;0.00599764;0.122066;0.122066;0.43662;0.00162305;0.653947;0.928729;
106500;0.013;0.105539;0.540849;0.0122191;0.164785;0.164785;0.02105;0.0777255;0.0059072;0.122691;0.122691;0.492308;0.00243161;0.67626;0.927366;
107000;0.0136;0.105612;0.545023;0.0124823;0.164739;0.164739;0.0223118;0.077046;0.00649645;0.12264;0.12264;0.544118;0.00121655;0.71303;0.92701;
107500;0.0194;0.107676;0.550638;0.0127731;0.16879;0.16879;0.0253016;0.0784763;0.00705157;0.132628;0.132628;0.391753;0.00101978;0.660523;0.924685;
108000;0.0174;0.106658;0.55014;0.0126248;0.16892;0.16892;0.0247689;0.0798238;0.00674014;0.133692;0.133692;0.505747;0.00142479;0.617942;0.925364;
108500;0.012;0.107206;0.552022;0.0124225;0.164792;0.164792;0.0248431;0.0821005;0.00655689;0.126159;0.126159;0.75;0.00121457;0.626709;0.92749;
109000;0.0148;0.108425;0.553284;0.0122571;0.161106;0.161106;0.0259689;0.0806868;0.00610212;0.125458;0.125458;0.445946;0.00203004;0.642551;0.930208;
109500;0.0126;0.109574;0.553393;0.0122121;0.160098;0.160098;0.0280299;0.080015;0.0058304;0.11994;0.11994;0.603175;0.00182297;0.652739;0.930853;
110000;0.016;0.108021;0.552319;0.0121466;0.164712;0.164712;0.0266159;0.0781882;0.00591583;0.130298;0.130298;0.4375;0.00121951;0.716079;0.926038;
110500;0.0114;0.107966;0.55729;0.0121238;0.159918;0.159918;0.0266685;0.0803816;0.00521657;0.120582;0.120582;0.421053;0.00202306;0.638805;0.930202;
111000;0.0174;0.110114;0.563171;0.0122539;0.160445;0.160445;0.0285052;0.0806895;0.00581892;0.123853;0.123853;0.436782;0.00203542;0.707016;0.930356;
111500;0.0126;0.109617;0.560953;0.012396;0.161786;0.161786;0.0277537;0.0802953;0.00575945;0.122579;0.122579;0.730159;0.00121531;0.644767;0.929724;
112000;0.014;0.108843;0.563542;0.0122344;0.164961;0.164961;0.0271604;0.0800612;0.005585;0.127035;0.127035;0.671429;0.00283976;0.682574;0.927483;
112500;0.0156;0.108244;0.566986;0.0123336;0.162601;0.162601;0.0269024;0.0797282;0.00526233;0.122664;0.122664;0.615385;0.00203169;0.69044;0.92991;
113000;0.0158;0.106709;0.570321;0.0122569;0.166515;0.166515;0.0250631;0.0819027;0.00471777;0.124544;0.124544;0.518987;0.00121926;0.716016;0.926313;
113500;0.0132;0.105727;0.567525;0.0123525;0.170347;0.170347;0.0245536;0.0805545;0.00492205;0.128988;0.128988;0.575758;0.00263478;0.587289;0.924544;
114000;0.0162;0.106206;0.576244;0.0125385;0.167164;0.167164;0.0249417;0.0819193;0.00628218;0.126902;0.126902;0.481481;0.00223623;0.624849;0.927265;
114500;0.014;0.105114;0.578044;0.0125877;0.167625;0.167625;0.0228006;0.0814405;0.00629306;0.122245;0.122245;0.571429;0.00162272;0.773978;0.924962;
115000;0.0138;0.104764;0.571727;0.0123862;0.167552;0.167552;0.0231328;0.0804994;0.00556685;0.125993;0.125993;0.608696;0.00324478;0.611481;0.927376;
115500;0.016;0.10609;0.56796;0.0123289;0.1658;0.1658;0.0248343;0.0812055;0.00488656;0.120552;0.120552;0.3625;0.00243902;0.670008;0.928051;
116000;0.0148;0.106478;0.561672;0.0120233;0.163085;0.163085;0.0258063;0.0803555;0.0045907;0.123074;0.123074;0.445946;0.00223305;0.677398;0.929032;
116500;0.0124;0.106345;0.564551;0.0119796;0.162939;0.162939;0.0249593;0.0798915;0.00429113;0.121187;0.121187;0.822581;0.00202511;0.622792;0.930239;
117000;0.014;0.105259;0.566782;0.0119696;0.1625;0.1625;0.0249121;0.0785861;0.00377726;0.119112;0.119112;0.485714;0.00141988;0.64116;0.930182;
117500;0.015;0.104765;0.570595;0.0120301;0.168125;0.168125;0.026151;0.0808417;0.00432228;0.130181;0.130181;0.493333;0.00162437;0.652961;0.92514;
118000;0.0136;0.104134;0.5693;0.0122354;0.168175;0.168175;0.0239435;0.0794467;0.00499016;0.125065;0.125065;0.617647;0.00121655;0.642584;0.925944;
118500;0.015;0.103957;0.574039;0.0121246;0.167591;0.167591;0.0220936;0.0809743;0.00442267;0.125253;0.125253;0.56;0.00162437;0.622757;0.927006;
119000;0.0146;0.103349;0.577454;0.0122208;0.169863;0.169863;0.0235621;0.0802432;0.00480286;0.12836;0.12836;0.657534;0.00060889;0.642424;0.925003;
119500;0.0156;0.102759;0.580924;0.0119886;0.166574;0.166574;0.0223432;0.077184;0.00435017;0.123541;0.123541;0.5;0.00101585;0.651241;0.927614;
120000;0.013;0.104526;0.579862;0.0121285;0.167361;0.167361;0.0239159;0.0762601;0.00395901;0.121487;0.121487;0.707692;0.000810537;0.641037;0.927;
120500;0.015;0.103876;0.582799;0.0120504;0.166605;0.166605;0.023245;0.0754587;0.0041074;0.125152;0.125152;0.48;0.00203046;0.665142;0.927163;
121000;0.0134;0.103134;0.586377;0.0120603;0.16696;0.16696;0.0233481;0.0762127;0.00331711;0.120386;0.120386;0.41791;0.00162173;0.652283;0.926606;
121500;0.0144;0.10411;0.588974;0.0121205;0.173375;0.173375;0.0256158;0.076242;0.00336586;0.134664;0.134664;0.472222;0.00202922;0.58934;0.921643;
122000;0.0136;0.104229;0.597929;0.0121894;0.168306;0.168306;0.0241169;0.0779169;0.00362341;0.124376;0.124376;0.602941;0.00182482;0.689266;0.925674;
122500;0.0148;0.104657;0.598227;0.0121908;0.168498;0.168498;0.024205;0.0767422;0.00273018;0.124092;0.124092;0.486486;0.00203004;0.591514;0.927058;
123000;0.0126;0.10524;0.597848;0.01224;0.163769;0.163769;0.0229688;0.0759365;0.0027628;0.115723;0.115723;0.571429;0.00202552;0.613912;0.930131;
123500;0.0144;0.104967;0.599671;0.012263;0.1678;0.1678;0.0238121;0.0734884;0.00353483;0.116365;0.116365;0.527778;0.00162338;0.696135;0.926821;
124000;0.0124;0.103645;0.608362;0.0121943;0.169531;0.169531;0.0244099;0.0711999;0.004313;0.124424;0.124424;0.725806;0.00101256;0.64091;0.925091;
124500;0.0198;0.104151;0.609944;0.0122469;0.171171;0.171171;0.0256244;0.0714387;0.00415055;0.130684;0.130684;0.505051;0.0020404;0.620035;0.92582;
125000;0.0134;0.103212;0.61054;0.0122436;0.170262;0.170262;0.023373;0.0719693;0.00440982;0.126481;0.126481;0.626866;0.00162173;0.625961;0.924356;
125500;0.0136;0.102535;0.609633;0.012542;0.174673;0.174673;0.0239794;0.0699695;0.00498768;0.129076;0.129076;0.5;0.00081103;0.610485;0.921102;
126000;0.0138;0.102904;0.604517;0.0121973;0.172836;0.172836;0.0245709;0.0701226;0.00432854;0.128894;0.128894;0.73913;0.00223078;0.6401;0.923137;
126500;0.013;0.103654;0.60297;0.0122013;0.170584;0.170584;0.023731;0.0711931;0.00420879;0.12864;0.12864;0.430769;0.00162107;0.617558;0.923386;
127000;0.0158;0.102984;0.610619;0.0124288;0.170508;0.170508;0.0224734;0.0720228;0.00514579;0.12432;0.12432;0.506329;0.00223532;0.651295;0.925171;
127500;0.015;0.103227;0.614038;0.0123593;0.16956;0.16956;0.022699;0.0730511;0.0045072;0.123924;0.123924;0.52;0.00203046;0.646395;0.925533;
128000;0.0144;0.102556;0.619285;0.0122568;0.170719;0.170719;0.0217763;0.07307;0.00451785;0.127644;0.127644;0.625;0.0018263;0.655227;0.924087;
128500;0.0148;0.102662;0.615597;0.0125791;0.172996;0.172996;0.0207204;0.0747749;0.00488895;0.124505;0.124505;0.418919;0.00263906;0.62722;0.92333;
129000;0.0146;0.102728;0.615612;0.0125811;0.173041;0.173041;0.0202126;0.0732804;0.00510374;0.123788;0.123788;0.643836;0.00182667;0.669195;0.923388;
129500;0.0152;0.104212;0.61814;0.012449;0.168688;0.168688;0.0211949;0.0723191;0.00460533;0.120917;0.120917;0.526316;0.00182778;0.609978;0.927151;
130000;0.0156;0.103565;0.615694;0.012355;0.166142;0.166142;0.0200941;0.0730614;0.00416987;0.116067;0.116067;0.525641;0.00243803;0.697066;0.928497;
130500;0.0152;0.104787;0.617828;0.0124993;0.167179;0.167179;0.0218168;0.0739945;0.00461957;0.117239;0.117239;0.539474;0.00142161;0.706101;0.927373;
131000;0.0158;0.105283;0.621788;0.0128686;0.174842;0.174842;0.0236247;0.0726001;0.00474656;0.126915;0.126915;0.556962;0.0018289;0.606505;0.923182;
131500;0.0124;0.104736;0.619634;0.0128559;0.171648;0.171648;0.0230501;0.0738957;0.00458584;0.121902;0.121902;0.596774;0.00344269;0.649029;0.924339;
132000;0.0136;0.104357;0.621019;0.0129039;0.17288;0.17288;0.0232118;0.0746549;0.0046244;0.123449;0.123449;0.426471;0.00202758;0.639089;0.923009;
132500;0.017;0.103275;0.626976;0.0131462;0.179153;0.179153;0.0217616;0.0751845;0.00507067;0.128162;0.128162;0.411765;0.00244151;0.612405;0.920046;
133000;0.0138;0.105322;0.6318;0.0132779;0.176284;0.176284;0.023027;0.0736341;0.005775;0.126212;0.126212;0.492754;0.00304198;0.679919;0.920448;
133500;0.0202;0.104323;0.63658;0.0130389;0.177235;0.177235;0.0231079;0.0702922;0.00552894;0.134329;0.134329;0.376238;0.00163299;0.617852;0.92097;
134000;0.013;0.105239;0.639953;0.0132254;0.173626;0.173626;0.0223153;0.0686135;0.00554416;0.122785;0.122785;0.569231;0.00222898;0.612185;0.922959;
134500;0.0152;0.102671;0.640598;0.0130957;0.177195;0.177195;0.0206921;0.07129;0.00489717;0.124696;0.124696;0.447368;0.00243704;0.592787;0.921639;
135000;0.0162;0.102531;0.635168;0.0131253;0.180287;0.180287;0.0219035;0.071633;0.00515554;0.131591;0.131591;0.407407;0.00203293;0.6146;0.918093;
135500;0.016;0.102066;0.635733;0.0131397;0.18479;0.18479;0.0233207;0.0716785;0.0061985;0.138979;0.138979;0.3625;0.00284553;0.506619;0.91559;
136000;0.0146;0.100984;0.63521;0.0132038;0.184465;0.184465;0.0221863;0.0724321;0.00584185;0.131935;0.131935;0.465753;0.00243556;0.638811;0.914782;
136500;0.0162;0.102035;0.639515;0.0131885;0.183173;0.183173;0.0229232;0.0726398;0.0059883;0.135873;0.135873;0.45679;0.00182964;0.600455;0.916002;
137000;0.0154;0.10142;0.640178;0.0130422;0.182928;0.182928;0.0227312;0.0704324;0.00498157;0.133834;0.133834;0.363636;0.0014219;0.490205;0.917458;
137500;0.017;0.100687;0.645456;0.0134238;0.187517;0.187517;0.0226568;0.0711287;0.00578488;0.138024;0.138024;0.458824;0.00101729;0.593346;0.912984;
138000;0.0144;0.101678;0.649715;0.0133072;0.185629;0.185629;0.0226374;0.0713777;0.00602305;0.137787;0.137787;0.666667;0.00101461;0.58671;0.913846;
138500;0.0144;0.102021;0.649488;0.0130017;0.180461;0.180461;0.0218866;0.0705138;0.00509972;0.13368;0.13368;0.486111;0.00202922;0.443093;0.919958;
139000;0.0178;0.10229;0.647626;0.0129218;0.178099;0.178099;0.0209581;0.0688658;0.00437524;0.128319;0.128319;0.41573;0.00305437;0.642584;0.920742;
139500;0.0168;0.101865;0.649591;0.0132575;0.180813;0.180813;0.0193866;0.0692066;0.00574133;0.132897;0.132897;0.392857;0.00142392;0.522656;0.91923;
140000;0.0142;0.101588;0.652131;0.0130818;0.178695;0.178695;0.0196108;0.0690022;0.00511833;0.125102;0.125102;0.591549;0.00182593;0.661528;0.919485;
140500;0.017;0.102946;0.649542;0.0132558;0.181585;0.181585;0.0218099;0.0723046;0.00535953;0.129969;0.129969;0.494118;0.00162767;0.626931;0.917874;
141000;0.0172;0.101347;0.644297;0.012864;0.179433;0.179433;0.0221971;0.0752839;0.00492855;0.128234;0.128234;0.430233;0.0018315;0.617638;0.919864;
141500;0.0162;0.100816;0.64512;0.0127277;0.177627;0.177627;0.0223061;0.076855;0.00462521;0.124065;0.124065;0.419753;0.00142305;0.672313;0.920102;
142000;0.014;0.100855;0.651893;0.0128307;0.179489;0.179489;0.022019;0.0748689;0.0049391;0.131625;0.131625;0.4;0.00162272;0.517572;0.919141;
142500;0.017;0.100148;0.647876;0.0127754;0.17803;0.17803;0.0211554;0.0759615;0.00445857;0.124526;0.124526;0.505882;0.00162767;0.654813;0.920796;
143000;0.0154;0.100444;0.651718;0.0127336;0.179829;0.179829;0.022777;0.076305;0.00408034;0.124757;0.124757;0.454545;0.00243754;0.554466;0.920403;
143500;0.0158;0.100337;0.655888;0.0129317;0.182539;0.182539;0.0218473;0.0732977;0.00458493;0.126187;0.126187;0.455696;0.00345458;0.604434;0.918311;
144000;0.0148;0.099761;0.662732;0.0130786;0.183619;0.183619;0.0221436;0.0709672;0.00433423;0.126937;0.126937;0.405405;0.00101502;0.588082;0.916462;
144500;0.0116;0.0992586;0.66695;0.0131314;0.184116;0.184116;0.0229941;0.0686627;0.00478914;0.123678;0.123678;0.568966;0.00161878;0.628712;0.915437;
145000;0.0168;0.098421;0.670705;0.0132515;0.189822;0.189822;0.0222108;0.0667718;0.00445558;0.124934;0.124934;0.654762;0.00203417;0.641764;0.913852;
145500;0.0146;0.0983675;0.678688;0.0134546;0.188008;0.188008;0.0225865;0.0635584;0.00469872;0.122275;0.122275;0.575342;0.00121778;0.582282;0.915243;
146000;0.0168;0.0962912;0.682466;0.0135216;0.195239;0.195239;0.0200634;0.0612843;0.00437326;0.130996;0.130996;0.404762;0.0034581;0.518129;0.910755;
146500;0.0162;0.0959798;0.689278;0.0136316;0.195893;0.195893;0.0190197;0.057081;0.00506119;0.125878;0.125878;0.296296;0.00203293;0.609338;0.90848;
147000;0.016;0.0950106;0.688707;0.0137857;0.19872;0.19872;0.0165569;0.0571766;0.00599608;0.132876;0.132876;0.5875;0.00243902;0.53786;0.907933;
147500;0.0152;0.0939901;0.690442;0.0139758;0.199309;0.199309;0.0166494;0.0562237;0.00685817;0.134778;0.134778;0.368421;0.00142161;0.585236;0.904906;
148000;0.0142;0.0936458;0.686666;0.013882;0.204257;0.204257;0.0157494;0.0582521;0.00641334;0.137949;0.137949;0.535211;0.00142017;0.539275;0.90187;
148500;0.0146;0.0932721;0.688599;0.0139485;0.202376;0.202376;0.0152264;0.0563145;0.00668076;0.137896;0.137896;0.575342;0.00182667;0.538018;0.903387;
149000;0.0146;0.0930246;0.689649;0.0142036;0.203065;0.203065;0.0143642;0.0563628;0.00731739;0.138044;0.138044;0.534247;0.00162371;0.55381;0.902479;
149500;0.0192;0.0922966;0.684012;0.0142259;0.208509;0.208509;0.0142069;0.0593709;0.00744479;0.146233;0.146233;0.333333;0.00183524;0.541745;0.898867;
150000;0.017;0.0923445;0.681696;0.0138524;0.201607;0.201607;0.0140137;0.057275;0.00630229;0.133042;0.133042;0.423529;0.00162767;0.541962;0.905358;
150500;0.0128;0.0923103;0.682083;0.0137763;0.20076;0.20076;0.0163526;0.0583479;0.00578783;0.129939;0.129939;0.421875;0.00121556;0.599267;0.903509;
151000;0.014;0.0923994;0.681076;0.0137902;0.199559;0.199559;0.0162487;0.0589651;0.00610619;0.129462;0.129462;0.385714;0.0010142;0.589046;0.904988;
151500;0.0192;0.0930092;0.683883;0.0135297;0.19678;0.19678;0.0156473;0.0563325;0.00529026;0.129435;0.129435;0.28125;0.00142741;0.560128;0.909001;
152000;0.0192;0.0928847;0.684076;0.0137408;0.202271;0.202271;0.0159525;0.0554618;0.00566279;0.137094;0.137094;0.333333;0.00244698;0.531231;0.905529;
152500;0.0166;0.091583;0.685226;0.0136475;0.202144;0.202144;0.0167595;0.0567637;0.00553672;0.130236;0.130236;0.445783;0.00142363;0.645535;0.903593;
153000;0.0158;0.0903232;0.686535;0.0136384;0.20749;0.20749;0.017152;0.0571151;0.00556256;0.136218;0.136218;0.556962;0.00203211;0.521858;0.901254;
153500;0.0154;0.089913;0.690142;0.0135323;0.206923;0.206923;0.0167306;0.0546604;0.00544114;0.135546;0.135546;0.324675;0.00203128;0.570159;0.89982;
154000;0.0168;0.0888638;0.690396;0.0136506;0.210698;0.210698;0.0175813;0.0538735;0.00596232;0.139574;0.139574;0.511905;0.00223759;0.517661;0.898496;
154500;0.0164;0.0885726;0.687842;0.0134395;0.208076;0.208076;0.0178474;0.054873;0.00574564;0.138673;0.138673;0.390244;0.00183001;0.554974;0.899365;
155000;0.0176;0.089139;0.686237;0.0130687;0.204101;0.204101;0.01717;0.0554023;0.00515667;0.135491;0.135491;0.375;0.002443;0.498675;0.904152;
155500;0.018;0.0888771;0.692648;0.0128896;0.203552;0.203552;0.0178919;0.0530513;0.00500074;0.138392;0.138392;0.377778;0.00203666;0.521216;0.903818;
156000;0.0168;0.0885126;0.695212;0.0128151;0.204076;0.204076;0.01957;0.0518743;0.00425969;0.139281;0.139281;0.452381;0.00203417;0.533839;0.902851;
156500;0.0142;0.0887029;0.696534;0.0128482;0.203265;0.203265;0.018701;0.0512446;0.00396546;0.136894;0.136894;0.507042;0.00162305;0.563229;0.902457;
157000;0.0154;0.0875219;0.700118;0.0126665;0.207189;0.207189;0.0192105;0.0489577;0.00370327;0.144996;0.144996;0.519481;0.00182815;0.366393;0.901822;
157500;0.0154;0.0873553;0.697972;0.012696;0.205536;0.205536;0.0182899;0.0506859;0.00364821;0.137138;0.137138;0.532468;0.00223441;0.487447;0.902762;
158000;0.0172;0.087341;0.699109;0.012795;0.204983;0.204983;0.0189674;0.0503811;0.00422801;0.135555;0.135555;0.44186;0.0018315;0.539023;0.902943;
158500;0.0166;0.0870957;0.698614;0.0125309;0.203085;0.203085;0.019446;0.0501681;0.00347944;0.134189;0.134189;0.481928;0.00223714;0.590913;0.903681;
159000;0.015;0.085123;0.697795;0.0127064;0.211883;0.211883;0.0206919;0.0522257;0.00347507;0.137806;0.137806;0.32;0.00142132;0.594397;0.895276;
159500;0.0152;0.0858945;0.700379;0.012834;0.212112;0.212112;0.0212455;0.0524599;0.00360514;0.137461;0.137461;0.381579;0.00142161;0.52457;0.896695;
160000;0.015;0.0855506;0.704346;0.0128275;0.212432;0.212432;0.0218112;0.0494351;0.00297748;0.133796;0.133796;0.52;0.00203046;0.50493;0.898117;
160500;0.0178;0.0855742;0.704591;0.0126957;0.209666;0.209666;0.0213147;0.0480399;0.00321535;0.137618;0.137618;0.573034;0.001629;0.433872;0.902253;
161000;0.015;0.0840692;0.705964;0.0127245;0.21202;0.21202;0.0212783;0.0461518;0.00257547;0.129457;0.129457;0.453333;0.00304569;0.57304;0.898139;
161500;0.0122;0.0849784;0.705596;0.0129255;0.211548;0.211548;0.0228188;0.0470379;0.00388937;0.130823;0.130823;0.688525;0.00101235;0.494317;0.897984;
162000;0.0168;0.0829768;0.709476;0.0129884;0.21854;0.21854;0.0220797;0.0451541;0.00338596;0.13348;0.13348;0.345238;0.00223759;0.585321;0.892751;
162500;0.0156;0.0819392;0.7104;0.0132136;0.223517;0.223517;0.0204413;0.0453777;0.00401825;0.135241;0.135241;0.487179;0.00223486;0.508578;0.890094;
163000;0.0156;0.0814811;0.708939;0.0132426;0.225882;0.225882;0.0193004;0.0462382;0.0038941;0.13895;0.13895;0.487179;0.00182852;0.526779;0.887676;
163500;0.0148;0.0813926;0.711757;0.013251;0.223499;0.223499;0.0185078;0.0456338;0.00399799;0.134704;0.134704;0.432432;0.00304507;0.449221;0.890555;
164000;0.0164;0.0801917;0.71002;0.0133644;0.227007;0.227007;0.0174839;0.0444534;0.00382897;0.131484;0.131484;0.45122;0.00244002;0.544567;0.887898;
164500;0.0204;0.080576;0.709786;0.0134193;0.232629;0.232629;0.0183723;0.0433572;0.00409298;0.141936;0.141936;0.215686;0.00142915;0.452894;0.88439;
165000;0.0144;0.0797497;0.710813;0.0132571;0.228024;0.228024;0.0178425;0.0433299;0.00339394;0.130276;0.130276;0.430556;0.00202922;0.506688;0.886978;
165500;0.0188;0.078954;0.712388;0.0132688;0.236151;0.236151;0.0187336;0.0443439;0.00432948;0.146052;0.146052;0.340426;0.00183449;0.396026;0.882302;
166000;0.0164;0.077229;0.710726;0.0133229;0.237715;0.237715;0.0186132;0.0453004;0.00392361;0.14046;0.14046;0.317073;0.00203335;0.434302;0.88007;
166500;0.0178;0.0774105;0.709008;0.013175;0.235334;0.235334;0.0186987;0.0447044;0.00385262;0.138083;0.138083;0.213483;0.00244349;0.444831;0.882133;
167000;0.0186;0.0763106;0.708535;0.0130339;0.238207;0.238207;0.0183209;0.0436213;0.00311124;0.144088;0.144088;0.473118;0.00203791;0.449062;0.880662;
167500;0.0172;0.0757268;0.705846;0.0129511;0.236593;0.236593;0.0182898;0.0436109;0.0037256;0.139762;0.139762;0.395349;0.002442;0.492807;0.880736;
168000;0.0182;0.0747093;0.708365;0.0128971;0.241491;0.241491;0.0182542;0.0424456;0.00306295;0.144111;0.144111;0.428571;0.00183337;0.477587;0.877354;
168500;0.0194;0.0747003;0.706537;0.0129481;0.241205;0.241205;0.0183267;0.043735;0.00290014;0.142964;0.142964;0.391753;0.00183561;0.530326;0.876995;
169000;0.0166;0.0729688;0.70732;0.012894;0.243729;0.243729;0.0172423;0.0421401;0.00214162;0.139039;0.139039;0.313253;0.00122026;0.442343;0.875694;
169500;0.0172;0.0715005;0.706051;0.0129273;0.25087;0.25087;0.0171774;0.0420668;0.00284895;0.140584;0.140584;0.313953;0.002035;0.446757;0.870022;
170000;0.0164;0.0711062;0.703643;0.0128875;0.251166;0.251166;0.0169294;0.0423772;0.00234017;0.139962;0.139962;0.256098;0.00183001;0.453265;0.869437;
170500;0.0164;0.0705456;0.700897;0.0129344;0.252253;0.252253;0.0167427;0.0433655;0.00246366;0.138738;0.138738;0.512195;0.00162668;0.420524;0.870277;
171000;0.0186;0.0706575;0.701573;0.0129701;0.253111;0.253111;0.0171839;0.0437388;0.00268955;0.141774;0.141774;0.419355;0.0022417;0.462794;0.869557;
171500;0.0224;0.0707815;0.702484;0.0130198;0.253461;0.253461;0.0174661;0.0431665;0.0030242;0.146577;0.146577;0.232143;0.00184124;0.457241;0.869251;
172000;0.0174;0.0702858;0.701366;0.0131524;0.257314;0.257314;0.0183799;0.0433566;0.00367519;0.14571;0.14571;0.471264;0.00183187;0.424783;0.865601;
172500;0.0228;0.0704588;0.699228;0.0130532;0.258231;0.258231;0.0192135;0.0442611;0.0033763;0.147924;0.147924;0.350877;0.000818666;0.382606;0.867531;
173000;0.0162;0.0697793;0.699943;0.0129795;0.258181;0.258181;0.0189905;0.046013;0.00281358;0.142487;0.142487;0.54321;0.00243952;0.422232;0.865221;
173500;0.0148;0.0707666;0.700316;0.0130975;0.256468;0.256468;0.0184998;0.0446066;0.00318879;0.142206;0.142206;0.554054;0.00243605;0.440987;0.865286;
174000;0.0172;0.0702942;0.699973;0.013134;0.257516;0.257516;0.018823;0.0447121;0.00303061;0.142561;0.142561;0.418605;0.001221;0.479125;0.864526;
174500;0.0204;0.0707638;0.701928;0.013071;0.25665;0.25665;0.0177224;0.0466808;0.00284547;0.144688;0.144688;0.382353;0.00244998;0.437036;0.867349;
175000;0.0188;0.0711211;0.701617;0.0131486;0.253076;0.253076;0.0175656;0.0462439;0.00328539;0.137292;0.137292;0.457447;0.00285365;0.450667;0.870602;
175500;0.0162;0.0705414;0.705085;0.0130721;0.251094;0.251094;0.0170734;0.0447015;0.00340865;0.132382;0.132382;0.271605;0.00223623;0.608455;0.868195;
176000;0.016;0.0699459;0.707313;0.0129616;0.25369;0.25369;0.0170045;0.0464865;0.00287755;0.134766;0.134766;0.45;0.00264228;0.498727;0.868386;
176500;0.021;0.0690412;0.7076;0.0130634;0.259551;0.259551;0.0171586;0.0468674;0.00414794;0.142472;0.142472;0.352381;0.00306435;0.376076;0.866896;
177000;0.0182;0.069512;0.708431;0.0129199;0.253028;0.253028;0.0159503;0.0458882;0.00305533;0.137162;0.137162;0.241758;0.0026482;0.446264;0.869484;
177500;0.017;0.0689021;0.71196;0.0128909;0.258031;0.258031;0.016697;0.045032;0.00383495;0.141657;0.141657;0.482353;0.00142421;0.428004;0.865369;
178000;0.018;0.0683396;0.709927;0.0127565;0.255229;0.255229;0.0167035;0.0450118;0.00237808;0.134852;0.134852;0.555556;0.00162933;0.556565;0.867112;
178500;0.0206;0.0678514;0.709346;0.0127486;0.257027;0.257027;0.0164346;0.0466082;0.00291781;0.138376;0.138376;0.330097;0.00142945;0.492933;0.866841;
179000;0.0172;0.0672603;0.706474;0.0128494;0.259577;0.259577;0.0163444;0.0490439;0.00335091;0.136148;0.136148;0.302326;0.0022385;0.454703;0.864287;
179500;0.0214;0.0667793;0.704515;0.0127976;0.26361;0.26361;0.0165624;0.0501267;0.00275865;0.142378;0.142378;0.317757;0.00163499;0.421533;0.862852;
180000;0.019;0.0661482;0.704094;0.0127378;0.263876;0.263876;0.0163075;0.0499332;0.00204756;0.137313;0.137313;0.410526;0.00265036;0.471441;0.862036;
180500;0.0174;0.0646819;0.709399;0.0127089;0.270145;0.270145;0.0154777;0.0513959;0.00253354;0.143144;0.143144;0.402299;0.0024425;0.413761;0.856155;
181000;0.0198;0.0639999;0.711567;0.012704;0.272362;0.272362;0.0157162;0.0539005;0.00233112;0.14298;0.14298;0.343434;0.00183636;0.417492;0.855186;
181500;0.0238;0.0639629;0.712303;0.0127891;0.276647;0.276647;0.0156706;0.0531899;0.00290992;0.152561;0.152561;0.336134;0.00225364;0.340997;0.853645;
182000;0.0192;0.0639649;0.715679;0.0128574;0.274944;0.274944;0.0157195;0.0523393;0.0034272;0.146365;0.146365;0.40625;0.00142741;0.41721;0.852422;
182500;0.0164;0.0632744;0.713127;0.0128234;0.276981;0.276981;0.0157105;0.0511109;0.00344887;0.148442;0.148442;0.426829;0.000813339;0.341011;0.850122;
183000;0.0164;0.0633617;0.713199;0.0128284;0.277125;0.277125;0.0159732;0.0512165;0.00285166;0.141632;0.141632;0.487805;0.00264335;0.396885;0.850928;
183500;0.0206;0.0639754;0.713303;0.0128373;0.274696;0.274696;0.0160243;0.0529136;0.00351529;0.148474;0.148474;0.31068;0.00245048;0.411732;0.853052;
184000;0.0186;0.0641387;0.716829;0.0129314;0.273415;0.273415;0.0155926;0.0517049;0.00373522;0.144784;0.144784;0.322581;0.00203791;0.381501;0.854299;
184500;0.0204;0.0633077;0.716155;0.0127828;0.27817;0.27817;0.0155511;0.0504441;0.00268939;0.148229;0.148229;0.362745;0.00183748;0.353241;0.85139;
185000;0.0186;0.0623213;0.715706;0.0128708;0.279636;0.279636;0.0149205;0.0513161;0.00312347;0.14582;0.14582;0.333333;0.00142653;0.419988;0.848317;
185500;0.02;0.062012;0.716583;0.0129086;0.280551;0.280551;0.0149312;0.0503113;0.00317541;0.142238;0.142238;0.29;0.0022449;0.497134;0.847378;
186000;0.019;0.062687;0.715877;0.0129208;0.278843;0.278843;0.0148903;0.0499156;0.00304904;0.143398;0.143398;0.389474;0.00203874;0.40715;0.850136;
186500;0.0178;0.0616829;0.715038;0.0129027;0.285008;0.285008;0.0151482;0.0486886;0.00336815;0.148607;0.148607;0.359551;0.00142537;0.384553;0.843782;
187000;0.0218;0.0625479;0.712179;0.0129881;0.283931;0.283931;0.015446;0.0515046;0.00366986;0.15042;0.15042;0.376147;0.00306686;0.401744;0.84625;
187500;0.0188;0.062138;0.714528;0.0128394;0.280249;0.280249;0.0151146;0.0506609;0.00301324;0.145319;0.145319;0.393617;0.00285365;0.384854;0.849247;
188000;0.0194;0.0618092;0.712227;0.01279;0.283541;0.283541;0.01541;0.0499172;0.00272481;0.14334;0.14334;0.412371;0.00163165;0.446066;0.845653;
188500;0.019;0.0614567;0.713542;0.0127637;0.284166;0.284166;0.015677;0.049935;0.00251686;0.146912;0.146912;0.368421;0.00244648;0.374142;0.845835;
189000;0.0198;0.0609114;0.715202;0.0127843;0.284791;0.284791;0.0147857;0.0473176;0.00388506;0.148786;0.148786;0.363636;0.00183636;0.379599;0.845366;
189500;0.0204;0.0611235;0.715646;0.0127424;0.285257;0.285257;0.0152254;0.0471806;0.00362317;0.150774;0.150774;0.27451;0.00204165;0.424349;0.843372;
190000;0.0196;0.0606828;0.71468;0.0126787;0.28469;0.28469;0.0150353;0.045848;0.00342217;0.145006;0.145006;0.234694;0.00203998;0.472107;0.843365;
190500;0.0182;0.060126;0.716308;0.0124515;0.286971;0.286971;0.0147085;0.0469196;0.00216662;0.149566;0.149566;0.494505;0.00122224;0.356962;0.84295;
191000;0.0224;0.0585177;0.71999;0.01246;0.290626;0.290626;0.0148462;0.0468069;0.00220623;0.150688;0.150688;0.294643;0.00184124;0.407056;0.840481;
191500;0.0192;0.0575851;0.721445;0.0125488;0.30003;0.30003;0.0144278;0.04798;0.00208985;0.154183;0.154183;0.364583;0.00183524;0.36443;0.831698;
192000;0.0212;0.0571276;0.720095;0.0124257;0.296477;0.296477;0.0145707;0.0494109;0.00233188;0.149869;0.149869;0.273585;0.00102166;0.442572;0.834228;
192500;0.0194;0.0557479;0.72261;0.0123574;0.304399;0.304399;0.0146257;0.048209;0.00236642;0.155846;0.155846;0.319588;0.00122374;0.344503;0.82802;
193000;0.0214;0.0564267;0.725878;0.0123524;0.303094;0.303094;0.0144279;0.0491038;0.00253832;0.155281;0.155281;0.252336;0.00183936;0.341883;0.830086;
193500;0.019;0.0554627;0.72749;0.0123496;0.306463;0.306463;0.0144522;0.0501654;0.00243637;0.155001;0.155001;0.368421;0.00203874;0.38838;0.825519;
194000;0.0196;0.0557216;0.726311;0.0123758;0.304214;0.304214;0.014768;0.0507183;0.00280995;0.153801;0.153801;0.316327;0.00163199;0.409319;0.826883;
194500;0.0186;0.0549289;0.728943;0.0123299;0.306881;0.306881;0.0145847;0.0512894;0.00229337;0.152401;0.152401;0.301075;0.00285307;0.387908;0.825411;
195000;0.023;0.0545809;0.731516;0.0123378;0.308172;0.308172;0.013847;0.0503061;0.00236837;0.154522;0.154522;0.252174;0.00143296;0.39327;0.825615;
195500;0.0208;0.0545943;0.731414;0.0123137;0.31154;0.31154;0.0133427;0.0511491;0.00231536;0.158041;0.158041;0.375;0.00183824;0.290659;0.823687;
196000;0.022;0.0547229;0.732605;0.0123994;0.31054;0.31054;0.0130505;0.0493934;0.00307568;0.157424;0.157424;0.263636;0.00224949;0.358227;0.823518;
196500;0.0204;0.0549241;0.730963;0.0124293;0.306646;0.306646;0.0127064;0.0498667;0.00333126;0.153321;0.153321;0.352941;0.00183748;0.375329;0.826357;
197000;0.0174;0.0548943;0.731621;0.0123253;0.305977;0.305977;0.0132934;0.0480099;0.00308238;0.154136;0.154136;0.37931;0.00203542;0.370836;0.825732;
197500;0.0214;0.0551353;0.732484;0.0123648;0.306174;0.306174;0.0127044;0.0483735;0.00317668;0.156356;0.156356;0.261682;0.00163499;0.342424;0.82739;
198000;0.019;0.0547245;0.728866;0.0124397;0.309181;0.309181;0.0130308;0.0479095;0.00294348;0.157847;0.157847;0.294737;0.00244648;0.296186;0.824465;
198500;0.025;0.0544924;0.728434;0.0125059;0.317004;0.317004;0.0142633;0.0455937;0.00301482;0.167238;0.167238;0.232;0.00225641;0.327796;0.818339;
199000;0.02;0.0537684;0.730944;0.0124588;0.314092;0.314092;0.0136522;0.0479384;0.00357681;0.161208;0.161208;0.4;0.00163265;0.323853;0.819829;
199500;0.021;0.0533692;0.728531;0.0123968;0.315017;0.315017;0.0133847;0.0459417;0.0027744;0.157104;0.157104;0.257143;0.00102145;0.307377;0.820029;
200000;0.021;0.0536864;0.729831;0.0123537;0.314291;0.314291;0.0135025;0.0449202;0.00316577;0.159144;0.159144;0.228571;0.0020429;0.342764;0.819748;
