

seed;1495081515;
Npop;5000;
mu_feedback;0.0005;
mu_stress_influx;0.0005;
mu_influx;0.0005;
mu_hstart;0.0005;
sP2NP_1;0.19;
sNP2P_1;0.01;
init_feedback;0.1;
init_stress_influx;0.4;
init_influx;0.05;
init_hstart;0.5;
cue_P;0;
cue_NP;0;
s0;0;
ad;1.5;
aP;1;
mort_background;0.002;
dmax;1;
zmax;1;
r;1;
u;1;
p_att;0.5;
NumGen;200000;
base_name;sim_stress_17_02_2020_152706_5;
generation;freq_P;mean_feedback;mean_stress_influx;mean_influx;mean_hormone;mean_damage;sd_feedback;sd_stress_influx;sd_influx;sd_hormone;sd_damage;prop_dead_P;prop_dead_NP;mean_fecundity_P;mean_fecundity_NP;
0;0.04;0.09999;0.4;0.05;0.50488;0.50488;0.000707036;-nan;-nan;0.0439111;0.0439111;0.245;0.00229167;0.486677;0.646447;
500;0.0298;0.100078;0.399939;0.0499656;0.520685;0.520685;0.00284381;0.00194875;0.00175401;0.0814592;0.0814592;0.14094;0.00226757;0.257612;0.632039;
1000;0.0258;0.0999517;0.400003;0.0499445;0.520372;0.520372;0.00207547;0.00256242;0.00221682;0.0810338;0.0810338;0.155039;0.00143708;0.231249;0.631662;
1500;0.0288;0.100086;0.400005;0.0498583;0.518893;0.518893;0.00239232;0.00364676;0.00246533;0.0809724;0.0809724;0.138889;0.000617792;0.251292;0.633804;
2000;0.0282;0.100005;0.399877;0.0499076;0.519688;0.519688;0.00183747;0.00446056;0.00308129;0.0843856;0.0843856;0.191489;0.00185223;0.23733;0.632764;
2500;0.0286;0.0999845;0.399912;0.0497715;0.519945;0.519945;0.00235418;0.00436266;0.00378194;0.088466;0.088466;0.153846;0.00144122;0.260863;0.631663;
3000;0.0286;0.0999133;0.399764;0.0497199;0.519274;0.519274;0.00263239;0.00635765;0.00318276;0.0853777;0.0853777;0.146853;0.00123533;0.274399;0.632446;
3500;0.0246;0.0999397;0.400362;0.0497765;0.518772;0.518772;0.00235204;0.00752468;0.00339552;0.0840115;0.0840115;0.292683;0.0018454;0.224074;0.632868;
4000;0.0302;0.0998962;0.399857;0.0497713;0.520602;0.520602;0.00204667;0.00903509;0.00308946;0.0866202;0.0866202;0.152318;0.00247474;0.273081;0.63125;
4500;0.024;0.0998999;0.400029;0.0496279;0.51626;0.51626;0.00279349;0.00891421;0.00338764;0.0815861;0.0815861;0.191667;0.00102459;0.278131;0.634201;
5000;0.023;0.100179;0.400235;0.049359;0.512994;0.512994;0.0044531;0.0108642;0.00471233;0.0895776;0.0895776;0.234783;0.00184237;0.269575;0.636982;
5500;0.022;0.100304;0.399762;0.048693;0.506951;0.506951;0.00526634;0.0109822;0.00588294;0.0937306;0.0937306;0.218182;0.00224949;0.263635;0.642674;
6000;0.0282;0.100426;0.39985;0.0487629;0.507918;0.507918;0.00670775;0.0115813;0.0061024;0.0999757;0.0999757;0.163121;0.00267545;0.302272;0.642373;
6500;0.0266;0.100787;0.399934;0.0482351;0.501952;0.501952;0.00790768;0.0123896;0.00691404;0.104792;0.104792;0.233083;0.00267105;0.305328;0.647661;
7000;0.025;0.100857;0.400207;0.048258;0.501592;0.501592;0.00864291;0.0132071;0.0075355;0.106929;0.106929;0.192;0.00266667;0.293264;0.647405;
7500;0.0284;0.100527;0.400276;0.0472299;0.492367;0.492367;0.00644301;0.0138828;0.00829219;0.112409;0.112409;0.246479;0.00123508;0.312199;0.657606;
8000;0.0254;0.100306;0.400429;0.0468834;0.488956;0.488956;0.00526262;0.0133196;0.00871489;0.114289;0.114289;0.181102;0.00184691;0.31565;0.659727;
8500;0.0274;0.100139;0.400443;0.0453948;0.478432;0.478432;0.00458502;0.0155142;0.010186;0.12904;0.12904;0.175182;0.00205634;0.278319;0.670514;
9000;0.0268;0.100397;0.39944;0.0443199;0.468492;0.468492;0.00800055;0.0162212;0.0111455;0.136909;0.136909;0.141791;0.00226058;0.283973;0.6796;
9500;0.0232;0.101187;0.399184;0.043013;0.451254;0.451254;0.0107505;0.0158096;0.0123541;0.143417;0.143417;0.25;0.00225225;0.337473;0.693396;
10000;0.0276;0.101506;0.399702;0.041345;0.438052;0.438052;0.0126728;0.016958;0.0134271;0.156045;0.156045;0.144928;0.00143974;0.295337;0.707321;
10500;0.0232;0.102027;0.40007;0.0400394;0.422637;0.422637;0.0158754;0.0163064;0.0141503;0.157863;0.157863;0.25;0.00225225;0.381128;0.718391;
11000;0.0236;0.101197;0.399135;0.0395193;0.420517;0.420517;0.0133589;0.0177924;0.0141232;0.161468;0.161468;0.186441;0.00143384;0.317296;0.721499;
11500;0.0278;0.100966;0.399262;0.0383892;0.411022;0.411022;0.0120895;0.0199794;0.0147949;0.167618;0.167618;0.23741;0.00164575;0.381257;0.729315;
12000;0.0166;0.102004;0.399117;0.0365729;0.389942;0.389942;0.0163183;0.0199267;0.0154817;0.168616;0.168616;0.313253;0.00203376;0.388113;0.744941;
12500;0.0182;0.103674;0.398922;0.0344155;0.365489;0.365489;0.0208816;0.0207329;0.0159845;0.173355;0.173355;0.318681;0.00325932;0.411957;0.766877;
13000;0.0186;0.102679;0.397917;0.0329315;0.353686;0.353686;0.0166129;0.0215824;0.0164872;0.176884;0.176884;0.290323;0.00163032;0.423864;0.776295;
13500;0.0196;0.102145;0.398966;0.0306915;0.334337;0.334337;0.0162628;0.021429;0.0169612;0.183511;0.183511;0.336735;0.00203998;0.458946;0.79123;
14000;0.0162;0.100744;0.397762;0.0300475;0.329961;0.329961;0.0109567;0.0203247;0.017153;0.181435;0.181435;0.320988;0.00243952;0.474182;0.793845;
14500;0.0188;0.100793;0.397468;0.0277625;0.309342;0.309342;0.0116538;0.0206785;0.017389;0.187661;0.187661;0.329787;0.000815328;0.478896;0.810223;
15000;0.019;0.100839;0.399208;0.0261648;0.293971;0.293971;0.00963555;0.020988;0.0172835;0.188142;0.188142;0.368421;0.00183486;0.498321;0.822628;
15500;0.019;0.100565;0.401081;0.0258025;0.293283;0.293283;0.0112138;0.0203569;0.0175832;0.191177;0.191177;0.294737;0.00163099;0.451075;0.822778;
16000;0.0174;0.100359;0.402609;0.0256531;0.289721;0.289721;0.0083473;0.0201462;0.0172717;0.185117;0.185117;0.310345;0.00223896;0.524278;0.825366;
16500;0.0186;0.100275;0.402748;0.0240701;0.275083;0.275083;0.00971311;0.0200239;0.0171878;0.186376;0.186376;0.462366;0.00163032;0.539012;0.837218;
17000;0.0152;0.100334;0.402851;0.0230488;0.266246;0.266246;0.0114017;0.0195435;0.0170349;0.188331;0.188331;0.434211;0.00182778;0.559072;0.841849;
17500;0.0192;0.100675;0.403033;0.0224557;0.261336;0.261336;0.014019;0.0181048;0.0170616;0.189264;0.189264;0.354167;0.00163132;0.528405;0.846916;
18000;0.017;0.10106;0.404253;0.0211128;0.249642;0.249642;0.0137423;0.0196069;0.0169376;0.189596;0.189596;0.411765;0.00386572;0.507001;0.855897;
18500;0.016;0.101653;0.402286;0.02014;0.237593;0.237593;0.0146256;0.0180384;0.0169148;0.186098;0.186098;0.3875;0.000813008;0.561837;0.863251;
19000;0.016;0.102285;0.402628;0.0185237;0.224591;0.224591;0.0174376;0.0190726;0.0164975;0.185119;0.185119;0.4875;0.00223577;0.490547;0.874731;
19500;0.0158;0.102072;0.403371;0.0168706;0.207048;0.207048;0.0177662;0.0199104;0.0161876;0.18112;0.18112;0.392405;0.00203211;0.597277;0.885263;
20000;0.017;0.101879;0.404281;0.0164131;0.20493;0.20493;0.0161279;0.0195849;0.0162485;0.184317;0.184317;0.470588;0.00244151;0.50642;0.888445;
20500;0.0162;0.101756;0.403414;0.0151873;0.192465;0.192465;0.0168918;0.0172448;0.0155443;0.177132;0.177132;0.555556;0.0030494;0.617328;0.896672;
21000;0.0142;0.102239;0.40411;0.0146735;0.187815;0.187815;0.0206658;0.0179121;0.015668;0.179072;0.179072;0.450704;0.00142017;0.678909;0.89635;
21500;0.0152;0.102465;0.404098;0.0145937;0.189377;0.189377;0.021402;0.0181192;0.0151924;0.179176;0.179176;0.539474;0.00223396;0.554666;0.898246;
22000;0.0158;0.101247;0.404375;0.015102;0.193292;0.193292;0.0166948;0.0189335;0.0152599;0.177864;0.177864;0.518987;0.00284495;0.563411;0.896565;
22500;0.0172;0.101175;0.404207;0.0159722;0.200038;0.200038;0.0165036;0.0180699;0.0156793;0.177861;0.177861;0.569767;0.0014245;0.640099;0.891226;
23000;0.014;0.100594;0.406339;0.0159724;0.199027;0.199027;0.0166833;0.0202891;0.015684;0.177659;0.177659;0.514286;0.00182556;0.569779;0.891522;
23500;0.0158;0.100607;0.40617;0.0151669;0.19551;0.19551;0.0185478;0.0207879;0.015658;0.183818;0.183818;0.468354;0.0018289;0.578053;0.892639;
24000;0.0152;0.101735;0.405622;0.0149325;0.189582;0.189582;0.0202155;0.0199841;0.0155507;0.1787;0.1787;0.421053;0.0016247;0.628655;0.896544;
24500;0.0156;0.10003;0.406269;0.0144915;0.187287;0.187287;0.0155909;0.0206641;0.0152903;0.179401;0.179401;0.397436;0.00325071;0.631653;0.898196;
25000;0.0134;0.0990505;0.405906;0.0131023;0.176841;0.176841;0.0140275;0.02036;0.0146145;0.175408;0.175408;0.298507;0.00182445;0.641217;0.904066;
25500;0.0146;0.100054;0.406566;0.0127792;0.171079;0.171079;0.0167122;0.0214061;0.0148084;0.174192;0.174192;0.547945;0.00182667;0.705426;0.908508;
26000;0.012;0.0996685;0.406446;0.0130265;0.17232;0.17232;0.0183681;0.0212601;0.0149397;0.172709;0.172709;0.533333;0.00202429;0.737691;0.90671;
26500;0.0142;0.0993636;0.406121;0.0125435;0.169524;0.169524;0.0176914;0.0204075;0.0145408;0.174666;0.174666;0.352113;0.00182593;0.659867;0.909006;
27000;0.0138;0.0995812;0.40526;0.0113516;0.159241;0.159241;0.0188008;0.0203592;0.0136042;0.165552;0.165552;0.565217;0.00182519;0.730091;0.917228;
27500;0.0146;0.0994712;0.405519;0.0107777;0.155074;0.155074;0.0217269;0.0207949;0.0132463;0.165674;0.165674;0.424658;0.00243556;0.730285;0.919568;
28000;0.015;0.0993026;0.407493;0.0108427;0.157039;0.157039;0.0215971;0.0212565;0.0129127;0.169116;0.169116;0.533333;0.00203046;0.679727;0.919061;
28500;0.0118;0.0992558;0.409238;0.0112561;0.161273;0.161273;0.0210588;0.022652;0.013349;0.17037;0.17037;0.610169;0.00141672;0.708591;0.914673;
29000;0.0136;0.0998322;0.408427;0.0113932;0.163502;0.163502;0.0220713;0.021625;0.0132249;0.172042;0.172042;0.588235;0.00182482;0.636362;0.914698;
29500;0.0106;0.101455;0.408003;0.0108672;0.153395;0.153395;0.0235938;0.0219393;0.0128043;0.162261;0.162261;0.641509;0.00363857;0.696286;0.921775;
30000;0.0148;0.101254;0.408669;0.0106997;0.153944;0.153944;0.0231744;0.0226086;0.0131397;0.167411;0.167411;0.540541;0.00162404;0.733021;0.920318;
30500;0.0134;0.101014;0.408007;0.0104656;0.151975;0.151975;0.0223079;0.0223649;0.0131788;0.167266;0.167266;0.716418;0.00182445;0.634862;0.923049;
31000;0.0184;0.0992875;0.408713;0.0106303;0.152855;0.152855;0.0174642;0.0221586;0.0129622;0.164595;0.164595;0.413043;0.00244499;0.703715;0.923084;
31500;0.0164;0.100371;0.408697;0.00982679;0.142432;0.142432;0.0170202;0.023944;0.012249;0.158841;0.158841;0.54878;0.00203335;0.721422;0.930029;
32000;0.0154;0.101655;0.408101;0.00986582;0.142866;0.142866;0.0191223;0.0242464;0.0123984;0.15885;0.15885;0.441558;0.0014219;0.650038;0.929833;
32500;0.014;0.101482;0.408692;0.00944848;0.139949;0.139949;0.0198714;0.0233391;0.0116523;0.152586;0.152586;0.585714;0.00182556;0.683682;0.932592;
33000;0.01;0.101235;0.409387;0.00964479;0.143924;0.143924;0.0176961;0.0239247;0.0116354;0.153238;0.153238;1.02;0.00282828;0.672547;0.930183;
33500;0.0148;0.0998301;0.408891;0.00907038;0.136303;0.136303;0.0162001;0.0247556;0.0110726;0.147895;0.147895;0.608108;0.00203004;0.759848;0.935243;
34000;0.0132;0.0999567;0.408267;0.00854898;0.133052;0.133052;0.0172778;0.0245217;0.0109993;0.14747;0.14747;0.606061;0.00182408;0.81075;0.935714;
34500;0.0108;0.100448;0.408572;0.00890054;0.133395;0.133395;0.0182862;0.0251429;0.010969;0.14672;0.14672;0.62963;0.00202184;0.651715;0.936784;
35000;0.013;0.100172;0.408497;0.00892924;0.134264;0.134264;0.0156694;0.0256559;0.0110613;0.150127;0.150127;0.569231;0.00141844;0.686929;0.93596;
35500;0.0142;0.100189;0.409808;0.00919505;0.140361;0.140361;0.0160311;0.0254303;0.0112452;0.153648;0.153648;0.647887;0.00162305;0.68166;0.932605;
36000;0.0116;0.0992339;0.410935;0.00895446;0.136102;0.136102;0.0122484;0.0262014;0.0110799;0.14939;0.14939;0.689655;0.00202347;0.719003;0.934849;
36500;0.015;0.0998496;0.410962;0.00923161;0.137014;0.137014;0.014467;0.0265032;0.0113482;0.148664;0.148664;0.506667;0.000812183;0.724247;0.934642;
37000;0.012;0.10122;0.412193;0.0092031;0.13745;0.13745;0.0189949;0.0270125;0.011614;0.151341;0.151341;0.633333;0.00242915;0.758915;0.933129;
37500;0.0112;0.102974;0.413561;0.0090026;0.131941;0.131941;0.0226856;0.0278034;0.0112157;0.14744;0.14744;0.660714;0.00323625;0.781211;0.936995;
38000;0.0126;0.103788;0.415224;0.00868922;0.130403;0.130403;0.0254209;0.0280501;0.0110245;0.148059;0.148059;0.650794;0.000810209;0.706399;0.93837;
38500;0.0138;0.103417;0.413192;0.00910415;0.134226;0.134226;0.0235156;0.0271657;0.0109969;0.14788;0.14788;0.666667;0.00162239;0.68044;0.93757;
39000;0.0132;0.103648;0.412378;0.00937608;0.136405;0.136405;0.0243242;0.0266133;0.0112433;0.145668;0.145668;0.484848;0.00202675;0.77555;0.934738;
39500;0.014;0.10241;0.41245;0.0104963;0.14661;0.14661;0.0225661;0.0262728;0.0120998;0.153869;0.153869;0.457143;0.00243408;0.679421;0.928742;
40000;0.0162;0.101236;0.413103;0.010052;0.146978;0.146978;0.019241;0.0277041;0.012112;0.156218;0.156218;0.469136;0.00284611;0.767678;0.927524;
40500;0.014;0.103974;0.413512;0.0102626;0.14497;0.14497;0.0257401;0.0265759;0.012014;0.155152;0.155152;0.585714;0.00283976;0.678444;0.930029;
41000;0.0128;0.103019;0.411291;0.0103766;0.14579;0.14579;0.0232297;0.0254189;0.0123126;0.153476;0.153476;0.546875;0.00263371;0.688832;0.929221;
41500;0.0132;0.10311;0.412585;0.00937967;0.136518;0.136518;0.0242832;0.0255339;0.0113434;0.149176;0.149176;0.5;0.0016214;0.725809;0.934546;
42000;0.014;0.10476;0.411854;0.00992118;0.139418;0.139418;0.0275786;0.025969;0.0115072;0.149215;0.149215;0.528571;0.00223124;0.721932;0.933462;
42500;0.0118;0.104145;0.412076;0.00944607;0.13561;0.13561;0.0270347;0.0285571;0.0115304;0.145757;0.145757;0.711864;0.00121433;0.778923;0.935347;
43000;0.014;0.104813;0.412959;0.0100684;0.146499;0.146499;0.0286537;0.0302987;0.0119453;0.155532;0.155532;0.714286;0.00263692;0.699125;0.929213;
43500;0.0122;0.10512;0.414919;0.0103409;0.147675;0.147675;0.0315537;0.0329343;0.0116989;0.155441;0.155441;0.639344;0.00101235;0.668426;0.927745;
44000;0.016;0.104456;0.415621;0.0100125;0.143913;0.143913;0.0287664;0.0364876;0.0115935;0.154493;0.154493;0.525;0.00223577;0.710077;0.930939;
44500;0.013;0.106249;0.416769;0.00921263;0.134015;0.134015;0.0315564;0.0378591;0.010801;0.14503;0.14503;0.492308;0.00141844;0.789374;0.935966;
45000;0.0114;0.105644;0.417101;0.0087764;0.130405;0.130405;0.0316255;0.0370625;0.010381;0.143721;0.143721;0.824561;0.00141614;0.742494;0.939354;
45500;0.0116;0.106109;0.415465;0.00876463;0.13229;0.13229;0.0306254;0.0373505;0.0107212;0.148757;0.148757;0.775862;0.00303521;0.643236;0.938852;
46000;0.014;0.106335;0.417662;0.00820852;0.125397;0.125397;0.0332542;0.0421735;0.0102242;0.146517;0.146517;0.4;0.00162272;0.745215;0.940927;
46500;0.014;0.108453;0.418193;0.00757537;0.118321;0.118321;0.034719;0.0420111;0.00948462;0.141746;0.141746;0.628571;0.0020284;0.736076;0.946815;
47000;0.0124;0.106911;0.419207;0.00738254;0.115729;0.115729;0.0331474;0.0430981;0.00923801;0.136623;0.136623;0.564516;0.00101256;0.686572;0.948857;
47500;0.0108;0.104954;0.418199;0.00732938;0.119478;0.119478;0.0320909;0.0414698;0.009104;0.139093;0.139093;0.611111;0.0024262;0.855398;0.944586;
48000;0.0116;0.105229;0.418669;0.00770777;0.121772;0.121772;0.0304534;0.0385142;0.00957022;0.141274;0.141274;0.706897;0.00121408;0.82273;0.943335;
48500;0.0108;0.105606;0.419525;0.00726554;0.116123;0.116123;0.0313633;0.0386433;0.00888883;0.135212;0.135212;0.666667;0.00161747;0.789175;0.947753;
49000;0.0114;0.104924;0.41859;0.00716456;0.116786;0.116786;0.0302348;0.039049;0.0086245;0.1345;0.1345;0.508772;0.00161845;0.696581;0.948492;
49500;0.012;0.106309;0.418699;0.00746641;0.119544;0.119544;0.0323233;0.036335;0.00927921;0.143014;0.143014;0.7;0.00182186;0.670123;0.946532;
50000;0.0144;0.107148;0.420034;0.00751139;0.120735;0.120735;0.0332787;0.0362248;0.00910097;0.139563;0.139563;0.597222;0.00202922;0.72798;0.946428;
50500;0.0134;0.10729;0.420745;0.00688394;0.113482;0.113482;0.0335599;0.0347262;0.00843285;0.133097;0.133097;0.61194;0.00182445;0.769115;0.950877;
51000;0.0094;0.105472;0.421633;0.00629296;0.106863;0.106863;0.0308816;0.0349755;0.00793914;0.126297;0.126297;0.914894;0.00323037;0.917868;0.953677;
51500;0.013;0.104888;0.42235;0.00626271;0.109557;0.109557;0.029459;0.0366956;0.0082629;0.132424;0.132424;0.646154;0.00182371;0.688983;0.953863;
52000;0.0102;0.104737;0.423064;0.00620636;0.104938;0.104938;0.0279461;0.0388697;0.00780922;0.124145;0.124145;0.647059;0.00262679;0.762481;0.955845;
52500;0.012;0.104362;0.423239;0.00569122;0.101241;0.101241;0.0250681;0.0392536;0.00718635;0.1282;0.1282;0.55;0.00202429;0.684347;0.95805;
53000;0.0098;0.105307;0.425094;0.00558383;0.10162;0.10162;0.0251248;0.0419526;0.00622694;0.122847;0.122847;0.734694;0.00282771;0.699179;0.958674;
53500;0.0134;0.106361;0.423473;0.00611219;0.106003;0.106003;0.0272788;0.0414601;0.0064283;0.124348;0.124348;0.597015;0.0024326;0.751399;0.956822;
54000;0.011;0.105261;0.420917;0.0062608;0.106038;0.106038;0.0258248;0.0402456;0.0070482;0.120767;0.120767;0.890909;0.00242669;0.8402;0.956341;
54500;0.0128;0.103335;0.421542;0.00595638;0.107305;0.107305;0.0235032;0.0419721;0.00674369;0.125851;0.125851;0.796875;0.00263371;0.803788;0.95601;
55000;0.0116;0.103596;0.424265;0.00583313;0.102309;0.102309;0.0239429;0.0482695;0.00611576;0.117931;0.117931;0.586207;0.00303521;0.828195;0.958609;
55500;0.0138;0.104479;0.426256;0.0061779;0.109705;0.109705;0.0274686;0.048365;0.00659734;0.128519;0.128519;0.594203;0.00162239;0.724553;0.954716;
56000;0.0136;0.105457;0.427802;0.00636482;0.106035;0.106035;0.0282828;0.0484137;0.00690422;0.123893;0.123893;0.411765;0.00182482;0.706252;0.957042;
56500;0.0102;0.10509;0.424452;0.0062204;0.108487;0.108487;0.03012;0.0447504;0.00641252;0.123395;0.123395;0.803922;0.00222267;0.783332;0.955066;
57000;0.01;0.105685;0.427175;0.00612211;0.109077;0.109077;0.0306517;0.0460141;0.00636044;0.122665;0.122665;0.88;0.0020202;0.725208;0.955387;
57500;0.0136;0.106808;0.42674;0.00620212;0.106699;0.106699;0.0312029;0.0459989;0.00670831;0.120027;0.120027;0.823529;0.00304136;0.829349;0.957609;
58000;0.0122;0.105477;0.429883;0.00641164;0.107929;0.107929;0.0296731;0.0502474;0.00686747;0.121382;0.121382;0.639344;0.00323952;0.792458;0.955831;
58500;0.0122;0.105737;0.430294;0.00673401;0.107523;0.107523;0.0286181;0.0523389;0.0069324;0.117408;0.117408;0.42623;0.00161976;0.829514;0.955323;
59000;0.0134;0.106908;0.426511;0.00680876;0.109606;0.109606;0.0303147;0.0498788;0.00726048;0.119444;0.119444;0.447761;0.00202716;0.825665;0.954428;
59500;0.0108;0.105097;0.425313;0.00731655;0.118409;0.118409;0.0287388;0.0489557;0.00727885;0.127308;0.127308;0.62963;0.00283057;0.68331;0.950408;
60000;0.0138;0.104102;0.427299;0.00679853;0.11183;0.11183;0.0279766;0.0535375;0.00628688;0.119052;0.119052;0.594203;0.00121679;0.808803;0.954331;
60500;0.0128;0.10321;0.426697;0.00692276;0.115764;0.115764;0.0250678;0.0522775;0.00655391;0.123704;0.123704;0.796875;0.00162075;0.803886;0.951983;
61000;0.0118;0.104263;0.427291;0.00723366;0.116891;0.116891;0.0265382;0.0522203;0.00676238;0.122257;0.122257;0.762712;0.00242866;0.743927;0.952021;
61500;0.0142;0.10606;0.429476;0.00741628;0.118724;0.118724;0.0306715;0.0552406;0.0067614;0.124118;0.124118;0.549296;0.00202881;0.698151;0.951454;
62000;0.0132;0.106448;0.429277;0.00782496;0.119324;0.119324;0.0299947;0.0553074;0.00792684;0.121522;0.121522;0.575758;0.00121605;0.850862;0.94897;
62500;0.0122;0.107663;0.428684;0.00808883;0.120505;0.120505;0.0323566;0.0550838;0.00808952;0.122509;0.122509;0.508197;0.00263211;0.789683;0.948802;
63000;0.0136;0.109433;0.430988;0.0079496;0.117179;0.117179;0.0339425;0.0592296;0.00764719;0.118878;0.118878;0.558824;0.00202758;0.811156;0.951375;
63500;0.0124;0.107883;0.43009;0.00827442;0.124079;0.124079;0.0327395;0.0565806;0.00770413;0.125404;0.125404;0.596774;0.00222762;0.753346;0.947068;
64000;0.0144;0.106712;0.428959;0.00833602;0.126595;0.126595;0.0318746;0.0560898;0.00774019;0.127296;0.127296;0.555556;0.00243506;0.736129;0.946535;
64500;0.0092;0.10666;0.425714;0.00821204;0.124194;0.124194;0.0312403;0.0537948;0.00755623;0.124593;0.124593;0.956522;0.00181671;0.742975;0.947212;
65000;0.0122;0.107747;0.42712;0.0085012;0.126675;0.126675;0.0328018;0.056293;0.00756184;0.125456;0.125456;0.672131;0.00263211;0.774796;0.946008;
65500;0.013;0.108244;0.427976;0.00805602;0.120107;0.120107;0.0347331;0.0582926;0.00736787;0.123999;0.123999;0.615385;0.00121581;0.774545;0.949421;
66000;0.0128;0.108999;0.429946;0.00781849;0.120778;0.120778;0.0353025;0.0592807;0.00737697;0.128017;0.128017;0.734375;0.00344408;0.699395;0.950333;
66500;0.0142;0.107475;0.432051;0.00765116;0.121904;0.121904;0.0334897;0.0599883;0.0067451;0.128186;0.128186;0.661972;0.00162305;0.724033;0.949148;
67000;0.0134;0.106755;0.430683;0.00779044;0.121838;0.121838;0.0330758;0.0600415;0.00671444;0.121741;0.121741;0.656716;0.00182445;0.790562;0.949338;
67500;0.0124;0.105766;0.434428;0.00787944;0.123025;0.123025;0.0317598;0.0620378;0.00688206;0.123398;0.123398;0.629032;0.00101256;0.776229;0.94775;
68000;0.0144;0.105847;0.431778;0.00759002;0.118159;0.118159;0.0312071;0.0642806;0.00631552;0.120031;0.120031;0.694444;0.000202922;0.760149;0.952248;
68500;0.0132;0.108018;0.437663;0.0076712;0.119246;0.119246;0.0331508;0.0665659;0.00666178;0.122805;0.122805;0.545455;0.0016214;0.855874;0.949219;
69000;0.0122;0.107503;0.440902;0.00801136;0.120307;0.120307;0.0335874;0.0687685;0.00707657;0.121285;0.121285;0.754098;0.00101235;0.743082;0.950718;
69500;0.014;0.105414;0.438768;0.00788836;0.125779;0.125779;0.0314024;0.0652111;0.00704912;0.12897;0.12897;0.757143;0.00385396;0.73819;0.947784;
70000;0.0122;0.106466;0.441542;0.00745968;0.11988;0.11988;0.0337726;0.0693765;0.00619615;0.12024;0.12024;0.672131;0.00242964;0.823196;0.950202;
70500;0.012;0.105981;0.436692;0.00749811;0.121212;0.121212;0.0335539;0.0633908;0.00604492;0.12177;0.12177;0.8;0.00242915;0.778944;0.950148;
71000;0.0118;0.103474;0.430887;0.00815809;0.128943;0.128943;0.0304091;0.0589975;0.00651101;0.125773;0.125773;0.830508;0.0034406;0.733804;0.946435;
71500;0.0132;0.103567;0.433628;0.00810485;0.126992;0.126992;0.0308312;0.0599787;0.00708458;0.127398;0.127398;0.681818;0.00121605;0.771399;0.945993;
72000;0.0118;0.102507;0.437536;0.00765389;0.128798;0.128798;0.0302544;0.0619075;0.00594897;0.128162;0.128162;0.864407;0.00182149;0.724912;0.945574;
72500;0.0102;0.102365;0.435433;0.00783368;0.127115;0.127115;0.0295494;0.0594655;0.00604866;0.123049;0.123049;0.941176;0.00121237;0.71327;0.946939;
73000;0.0154;0.101297;0.441139;0.00761914;0.126841;0.126841;0.0304017;0.0640397;0.00602334;0.127202;0.127202;0.480519;0.00304692;0.726737;0.947034;
73500;0.0116;0.0998783;0.44437;0.00767262;0.130848;0.130848;0.0282084;0.0680102;0.00612694;0.131888;0.131888;0.62069;0.00303521;0.773878;0.942668;
74000;0.0146;0.0988136;0.447002;0.00759261;0.12886;0.12886;0.0272073;0.0681013;0.00605376;0.127465;0.127465;0.493151;0.0022326;0.755972;0.945362;
74500;0.015;0.0985323;0.451291;0.0076337;0.130242;0.130242;0.0275382;0.071293;0.00645504;0.131188;0.131188;0.466667;0.00365482;0.687889;0.945242;
75000;0.016;0.0985663;0.453915;0.00770138;0.132143;0.132143;0.0264386;0.0734814;0.0064199;0.131293;0.131293;0.5625;0.00223577;0.726588;0.944037;
75500;0.0128;0.0978738;0.453285;0.00735449;0.126999;0.126999;0.0251173;0.0711572;0.00591652;0.125137;0.125137;0.65625;0.00324149;0.777871;0.946649;
76000;0.0138;0.0966976;0.454599;0.00720268;0.124667;0.124667;0.0240244;0.0732101;0.00564471;0.12128;0.12128;0.463768;0.00223078;0.784619;0.948189;
76500;0.0136;0.0971911;0.456105;0.00698134;0.123184;0.123184;0.0237264;0.0751944;0.00560697;0.125886;0.125886;0.411765;0.00223033;0.733698;0.948359;
77000;0.0102;0.0967246;0.458117;0.00706472;0.126286;0.126286;0.0263886;0.0772251;0.0054763;0.129892;0.129892;0.843137;0.00181855;0.762767;0.945587;
77500;0.0114;0.0945502;0.457901;0.00677822;0.127479;0.127479;0.0237792;0.0742769;0.00471894;0.130035;0.130035;0.649123;0.00161845;0.726059;0.945148;
78000;0.0114;0.0940279;0.453096;0.00653884;0.125279;0.125279;0.0235017;0.0691978;0.00396421;0.125593;0.125593;0.614035;0.00161845;0.668804;0.947859;
78500;0.0116;0.0963371;0.457145;0.0068163;0.127325;0.127325;0.0268168;0.071978;0.00516137;0.131111;0.131111;0.637931;0.00141643;0.647004;0.946311;
79000;0.0136;0.097576;0.45885;0.00681726;0.125834;0.125834;0.0283951;0.0756092;0.0041078;0.126344;0.126344;0.691176;0.00263585;0.786819;0.947533;
79500;0.0104;0.0972191;0.465547;0.00683979;0.127428;0.127428;0.02731;0.0786788;0.00384135;0.12865;0.12865;0.826923;0.00141471;0.647819;0.946678;
80000;0.0142;0.095556;0.465018;0.00698965;0.131303;0.131303;0.0259598;0.0767244;0.00462878;0.136364;0.136364;0.661972;0.000811524;0.649575;0.944483;
80500;0.0126;0.0950501;0.467579;0.00712911;0.130362;0.130362;0.0252771;0.0797718;0.00496688;0.129346;0.129346;0.634921;0.00283573;0.815825;0.943741;
81000;0.0142;0.094038;0.466496;0.00732407;0.133704;0.133704;0.0237771;0.0780597;0.00520968;0.132053;0.132053;0.464789;0.00121729;0.714412;0.941959;
81500;0.0108;0.0934629;0.466662;0.00717122;0.133758;0.133758;0.0227997;0.0806711;0.0046812;0.13154;0.13154;0.925926;0.00141529;0.709437;0.942672;
82000;0.0134;0.0932613;0.468377;0.0070465;0.132137;0.132137;0.0224222;0.0827976;0.00426457;0.129837;0.129837;0.537313;0.00162173;0.690882;0.944105;
82500;0.015;0.0937415;0.473726;0.00702449;0.133236;0.133236;0.0236017;0.0869728;0.0046371;0.135875;0.135875;0.506667;0.00142132;0.705421;0.942416;
83000;0.0114;0.0939924;0.469495;0.00676929;0.132002;0.132002;0.0243995;0.0826769;0.00438954;0.133901;0.133901;0.964912;0.00222537;0.757151;0.943193;
83500;0.015;0.0934523;0.473184;0.00673692;0.131167;0.131167;0.026082;0.085106;0.00423932;0.129735;0.129735;0.466667;0.0022335;0.722674;0.944446;
84000;0.0134;0.0944789;0.47325;0.00673958;0.127288;0.127288;0.0258936;0.0851951;0.00463879;0.125498;0.125498;0.507463;0.00162173;0.780377;0.946006;
84500;0.0116;0.0943743;0.473872;0.00686377;0.128407;0.128407;0.0257563;0.0841147;0.00466638;0.130225;0.130225;0.603448;0.00202347;0.667802;0.945868;
85000;0.014;0.0947031;0.475364;0.00694304;0.132424;0.132424;0.0229586;0.0882111;0.00457543;0.132719;0.132719;0.728571;0.00162272;0.69841;0.944206;
85500;0.0116;0.0960113;0.481976;0.00675605;0.124354;0.124354;0.0230521;0.0940528;0.00329331;0.119469;0.119469;0.724138;0.00283286;0.728636;0.949669;
86000;0.012;0.0955932;0.483039;0.00683786;0.126912;0.126912;0.0220172;0.0940658;0.00365685;0.124258;0.124258;0.783333;0.00182186;0.711199;0.9479;
86500;0.0164;0.0962806;0.487583;0.00682717;0.127604;0.127604;0.0214018;0.0978856;0.00387234;0.130381;0.130381;0.512195;0.00203335;0.730929;0.946791;
87000;0.012;0.0953256;0.500142;0.00725201;0.131281;0.131281;0.0229142;0.101909;0.00477266;0.130403;0.130403;0.716667;0.00182186;0.733614;0.943968;
87500;0.0126;0.0962542;0.507351;0.00712316;0.132164;0.132164;0.0251705;0.101888;0.00485579;0.136009;0.136009;0.396825;0.00263318;0.625215;0.942906;
88000;0.0162;0.0951621;0.514431;0.00730049;0.136835;0.136835;0.0233611;0.104819;0.00543782;0.137963;0.137963;0.382716;0.00203293;0.76098;0.938997;
88500;0.014;0.0949103;0.516877;0.00697576;0.131822;0.131822;0.025061;0.103129;0.00515098;0.139411;0.139411;0.471429;0.00162272;0.6691;0.942333;
89000;0.0142;0.0956825;0.529725;0.00666591;0.1274;0.1274;0.024548;0.106622;0.00469881;0.138651;0.138651;0.605634;0.00243457;0.731064;0.944995;
89500;0.0142;0.0944509;0.525394;0.00664839;0.128902;0.128902;0.0241152;0.109446;0.0049244;0.135428;0.135428;0.507042;0.00182593;0.723925;0.944024;
90000;0.0138;0.0940563;0.532462;0.00646359;0.125571;0.125571;0.0217488;0.109076;0.00565679;0.135134;0.135134;0.536232;0.00141959;0.746739;0.945463;
90500;0.0122;0.094744;0.544765;0.0062886;0.122085;0.122085;0.0247922;0.107964;0.00456893;0.129523;0.129523;0.639344;0.00141729;0.796128;0.947699;
91000;0.0136;0.0950927;0.548942;0.00650928;0.125515;0.125515;0.024732;0.111308;0.00521076;0.133759;0.133759;0.573529;0.00162206;0.667808;0.946904;
91500;0.0112;0.0929974;0.54684;0.00630615;0.12947;0.12947;0.0226108;0.109425;0.00445807;0.135395;0.135395;0.928571;0.00262945;0.71336;0.944385;
92000;0.0152;0.0917651;0.543779;0.00630839;0.127839;0.127839;0.0216148;0.108062;0.00426832;0.129993;0.129993;0.513158;0.0016247;0.747629;0.945795;
92500;0.0108;0.0916135;0.543208;0.00653929;0.129207;0.129207;0.0219591;0.105411;0.00497746;0.134151;0.134151;0.722222;0.00161747;0.766262;0.943025;
93000;0.0154;0.0919703;0.54409;0.00663922;0.130446;0.130446;0.0238843;0.103897;0.00531635;0.137552;0.137552;0.324675;0.00264067;0.76912;0.94186;
93500;0.017;0.0916428;0.547309;0.00680537;0.135948;0.135948;0.0253677;0.102287;0.00504885;0.145327;0.145327;0.541176;0.00101729;0.712679;0.939356;
94000;0.016;0.0927814;0.553763;0.00708544;0.134261;0.134261;0.0241302;0.102689;0.00502581;0.136187;0.136187;0.5375;0.00121951;0.743418;0.941304;
94500;0.0128;0.0931636;0.556823;0.00713225;0.137347;0.137347;0.0263476;0.10388;0.00498128;0.138429;0.138429;0.53125;0.00243112;0.674116;0.93933;
95000;0.0154;0.0922768;0.555741;0.00710375;0.135646;0.135646;0.0230566;0.104132;0.00508223;0.139364;0.139364;0.467532;0.0014219;0.685576;0.940509;
95500;0.0166;0.0897766;0.554679;0.00686431;0.1379;0.1379;0.0225413;0.106219;0.00462926;0.138631;0.138631;0.457831;0.00325402;0.730449;0.939501;
96000;0.0142;0.0896005;0.562538;0.00694296;0.142129;0.142129;0.0234128;0.107324;0.00469114;0.144975;0.144975;0.577465;0.00121729;0.64337;0.936243;
96500;0.0134;0.0889864;0.569219;0.00686266;0.138976;0.138976;0.0230014;0.108857;0.00406567;0.137217;0.137217;0.701493;0.00162173;0.672963;0.939693;
97000;0.016;0.0874249;0.57991;0.00696573;0.145236;0.145236;0.0228565;0.110602;0.00397994;0.147033;0.147033;0.4625;0.00121951;0.62839;0.934704;
97500;0.0128;0.0879684;0.579427;0.00689681;0.139171;0.139171;0.0229848;0.109183;0.00392027;0.136794;0.136794;0.703125;0.00263371;0.696594;0.939183;
98000;0.0144;0.0874932;0.582061;0.00667699;0.141245;0.141245;0.0242562;0.110141;0.00399723;0.141746;0.141746;0.527778;0.00223214;0.671598;0.937103;
98500;0.0106;0.0879501;0.592348;0.00698341;0.141659;0.141659;0.0229609;0.112797;0.00498457;0.139061;0.139061;0.773585;0.00222357;0.712451;0.935832;
99000;0.0152;0.088976;0.590155;0.00715416;0.144342;0.144342;0.022528;0.112135;0.00488037;0.143252;0.143252;0.486842;0.00223396;0.72192;0.934528;
99500;0.0154;0.0883237;0.58175;0.00746369;0.143584;0.143584;0.0215655;0.111356;0.00579034;0.145229;0.145229;0.38961;0.00203128;0.56109;0.936718;
100000;0.0154;0.0879367;0.583981;0.00736291;0.147364;0.147364;0.0223534;0.112467;0.00606142;0.148338;0.148338;0.61039;0.00203128;0.64752;0.933354;
100500;0.0158;0.0877068;0.583599;0.00733363;0.145767;0.145767;0.0220865;0.113782;0.00600951;0.146828;0.146828;0.506329;0.00203211;0.664008;0.933875;
101000;0.0142;0.0885077;0.579524;0.00764948;0.145635;0.145635;0.02159;0.114469;0.00626529;0.142925;0.142925;0.661972;0.00142017;0.671616;0.934475;
101500;0.0138;0.0882791;0.583363;0.00746851;0.14519;0.14519;0.0224573;0.113294;0.00583004;0.142142;0.142142;0.550725;0.00141959;0.710141;0.933722;
102000;0.0134;0.0867404;0.569966;0.00739754;0.150555;0.150555;0.0242293;0.111349;0.00502261;0.147521;0.147521;0.626866;0.00162173;0.687282;0.930319;
102500;0.015;0.0860747;0.580156;0.00750458;0.155769;0.155769;0.0255111;0.11332;0.00469368;0.152898;0.152898;0.64;0.00203046;0.589573;0.928331;
103000;0.0124;0.0875133;0.589914;0.00772808;0.15496;0.15496;0.0253513;0.113207;0.0057307;0.150071;0.150071;0.548387;0.00162009;0.674892;0.926737;
103500;0.0146;0.0868479;0.587848;0.00773086;0.158465;0.158465;0.0263112;0.113967;0.00547229;0.153212;0.153212;0.506849;0.00202963;0.687567;0.924367;
104000;0.0154;0.0852779;0.598085;0.00761332;0.160579;0.160579;0.0268066;0.112924;0.00418629;0.151652;0.151652;0.493506;0.00325005;0.56431;0.926164;
104500;0.0142;0.0848669;0.60027;0.00756438;0.162667;0.162667;0.0275454;0.112468;0.00381836;0.155464;0.155464;0.577465;0.00142017;0.583553;0.923137;
105000;0.0152;0.0839263;0.598983;0.00748398;0.161273;0.161273;0.0274302;0.114652;0.00461844;0.151449;0.151449;0.723684;0.00182778;0.653129;0.924621;
105500;0.0168;0.0855348;0.596234;0.00779336;0.164213;0.164213;0.0287081;0.111929;0.00475949;0.156732;0.156732;0.380952;0.00264443;0.563734;0.92272;
106000;0.0176;0.0857903;0.604794;0.00763747;0.161688;0.161688;0.0296279;0.114374;0.00482895;0.154623;0.154623;0.443182;0.00223941;0.652521;0.92414;
106500;0.0142;0.084508;0.599795;0.00756546;0.15698;0.15698;0.0283862;0.113613;0.00451298;0.142177;0.142177;0.577465;0.00223169;0.746395;0.927268;
107000;0.0142;0.0820583;0.607752;0.00742234;0.161639;0.161639;0.0254171;0.112652;0.0038232;0.146374;0.146374;0.577465;0.0010144;0.611443;0.924981;
107500;0.0136;0.0817467;0.60771;0.00755726;0.162505;0.162505;0.0254134;0.111881;0.00371593;0.143171;0.143171;0.411765;0.00202758;0.616074;0.924654;
108000;0.0148;0.0806231;0.615112;0.0074931;0.165692;0.165692;0.0246831;0.11169;0.00292779;0.14367;0.14367;0.513514;0.00263906;0.666337;0.922934;
108500;0.0132;0.0799969;0.613785;0.00781907;0.170173;0.170173;0.024875;0.109064;0.00567563;0.150462;0.150462;0.681818;0.00304013;0.622179;0.919472;
109000;0.019;0.0788773;0.616564;0.00773136;0.174235;0.174235;0.0252625;0.11101;0.00537982;0.158935;0.158935;0.347368;0.00122324;0.626856;0.915518;
109500;0.0176;0.0780226;0.617633;0.00762446;0.172072;0.172072;0.0256331;0.108132;0.00481705;0.158016;0.158016;0.465909;0.00203583;0.616389;0.917723;
110000;0.0152;0.0791881;0.611827;0.00769857;0.174764;0.174764;0.025821;0.110464;0.00476697;0.159091;0.159091;0.447368;0.00203087;0.573915;0.915236;
110500;0.0162;0.0781988;0.609841;0.00794307;0.176213;0.176213;0.026089;0.11171;0.00419897;0.156514;0.156514;0.469136;0.00121976;0.52057;0.916329;
111000;0.0154;0.0771885;0.606885;0.0082807;0.182583;0.182583;0.0257323;0.108744;0.00473875;0.152225;0.152225;0.337662;0.00365631;0.628131;0.91104;
111500;0.0162;0.0764989;0.607005;0.00814057;0.184154;0.184154;0.0257651;0.108975;0.00401706;0.152378;0.152378;0.530864;0.00142305;0.584889;0.911483;
112000;0.0168;0.0760188;0.61582;0.00783222;0.180491;0.180491;0.0267062;0.110225;0.00394188;0.151989;0.151989;0.297619;0.00142392;0.64015;0.912203;
112500;0.0148;0.0754092;0.620652;0.00777663;0.181604;0.181604;0.025096;0.110035;0.00351441;0.148623;0.148623;0.486486;0.00223305;0.610888;0.912863;
113000;0.0168;0.0775208;0.616196;0.00781375;0.18;0.18;0.0271383;0.110422;0.00361666;0.151219;0.151219;0.452381;0.00305126;0.58259;0.914439;
113500;0.0142;0.0771431;0.621313;0.0077516;0.177909;0.177909;0.0267179;0.111287;0.00346756;0.149792;0.149792;0.633803;0.00284033;0.641677;0.914899;
114000;0.0158;0.0768413;0.616021;0.00781296;0.181907;0.181907;0.02685;0.107856;0.0039545;0.15197;0.15197;0.531646;0.00223532;0.584769;0.91271;
114500;0.0156;0.0759377;0.618546;0.0078837;0.184256;0.184256;0.0260377;0.107674;0.00433553;0.158081;0.158081;0.423077;0.00223486;0.471819;0.911381;
115000;0.0156;0.0736498;0.620571;0.00797153;0.186954;0.186954;0.0268943;0.107622;0.00410897;0.155461;0.155461;0.346154;0.00162536;0.589884;0.908055;
115500;0.0154;0.0745166;0.630838;0.00784497;0.189128;0.189128;0.0280637;0.1132;0.0037552;0.159665;0.159665;0.454545;0.00284379;0.491602;0.907776;
116000;0.015;0.0725647;0.634416;0.00799191;0.195359;0.195359;0.0276678;0.115283;0.00439316;0.162053;0.162053;0.48;0.00203046;0.691297;0.899591;
116500;0.0158;0.0726619;0.637593;0.00798558;0.195801;0.195801;0.0276333;0.113931;0.00389934;0.162419;0.162419;0.518987;0.0018289;0.509373;0.90283;
117000;0.0178;0.0722868;0.636409;0.00821699;0.202887;0.202887;0.0271789;0.112916;0.00406342;0.166726;0.166726;0.292135;0.00203625;0.48869;0.897282;
117500;0.0168;0.0691;0.639696;0.00817029;0.211944;0.211944;0.0262402;0.111742;0.00361026;0.165954;0.165954;0.511905;0.00183076;0.536377;0.891036;
118000;0.0116;0.0683439;0.64501;0.00828695;0.211524;0.211524;0.0270166;0.116325;0.00373885;0.164002;0.164002;0.637931;0.00141643;0.494479;0.890086;
118500;0.013;0.0671734;0.649841;0.00829604;0.21891;0.21891;0.0266822;0.115856;0.00343322;0.168114;0.168114;0.553846;0.00141844;0.457954;0.885065;
119000;0.0166;0.0665161;0.657972;0.00844486;0.22335;0.22335;0.0269849;0.116525;0.00369632;0.172648;0.172648;0.385542;0.00162701;0.375128;0.883807;
119500;0.0176;0.0662288;0.656553;0.00837539;0.222025;0.222025;0.0261553;0.11483;0.00336109;0.173623;0.173623;0.329545;0.00183225;0.502572;0.882586;
120000;0.019;0.0660368;0.665764;0.00831159;0.222177;0.222177;0.0259283;0.114639;0.00317743;0.173866;0.173866;0.357895;0.00244648;0.457249;0.884245;
120500;0.0172;0.0643915;0.672475;0.00834037;0.226486;0.226486;0.025804;0.112563;0.00333875;0.170455;0.170455;0.348837;0.002849;0.480007;0.880695;
121000;0.0156;0.0606889;0.685194;0.00828415;0.242265;0.242265;0.0266222;0.112247;0.00303226;0.17677;0.17677;0.525641;0.00304754;0.397411;0.868802;
121500;0.0136;0.0590186;0.69081;0.00815161;0.244689;0.244689;0.0259351;0.112401;0.0032965;0.176626;0.176626;0.691176;0.00243309;0.465448;0.865649;
122000;0.0206;0.0580954;0.692623;0.00814551;0.249229;0.249229;0.0256177;0.108833;0.00352652;0.179937;0.179937;0.368932;0.00224627;0.450805;0.864039;
122500;0.0188;0.0592636;0.697901;0.00800412;0.246246;0.246246;0.0261628;0.108514;0.00288424;0.183523;0.183523;0.37234;0.00326131;0.383928;0.86614;
123000;0.0192;0.0590547;0.698672;0.0079881;0.246014;0.246014;0.026781;0.10757;0.00262257;0.181449;0.181449;0.302083;0.00203915;0.44036;0.86538;
123500;0.0194;0.0573168;0.701212;0.00791305;0.248922;0.248922;0.0261082;0.110639;0.00227561;0.179439;0.179439;0.278351;0.00183561;0.452784;0.863123;
124000;0.0196;0.054933;0.703232;0.00798373;0.260155;0.260155;0.0247367;0.109702;0.00306903;0.182917;0.182917;0.326531;0.00163199;0.399833;0.855556;
124500;0.0184;0.0553847;0.701138;0.00813208;0.257721;0.257721;0.0249007;0.11092;0.00311839;0.182178;0.182178;0.347826;0.00122249;0.460869;0.855802;
125000;0.0192;0.0536925;0.704921;0.00804516;0.266705;0.266705;0.0239636;0.112148;0.00268389;0.182588;0.182588;0.385417;0.00224307;0.466427;0.849328;
125500;0.0196;0.0533859;0.707102;0.00788881;0.261267;0.261267;0.0237529;0.110397;0.00226214;0.178679;0.178679;0.316327;0.00203998;0.440584;0.854541;
126000;0.0172;0.0547358;0.714736;0.00792206;0.257486;0.257486;0.0239653;0.107782;0.00237139;0.176606;0.176606;0.465116;0.0018315;0.514449;0.856038;
126500;0.0188;0.0541515;0.718424;0.00795232;0.258831;0.258831;0.0240064;0.111456;0.0027845;0.175619;0.175619;0.340426;0.00285365;0.427513;0.857556;
127000;0.0188;0.0530363;0.720249;0.00795818;0.26306;0.26306;0.0235488;0.110009;0.00277831;0.178503;0.178503;0.351064;0.00163066;0.360802;0.85442;
127500;0.0188;0.0496418;0.722449;0.00796235;0.277849;0.277849;0.0226269;0.110214;0.0032194;0.183113;0.183113;0.308511;0.00163066;0.396015;0.841101;
128000;0.0198;0.0478509;0.728716;0.00802702;0.290121;0.290121;0.0220558;0.111144;0.00240585;0.18551;0.18551;0.373737;0.00163232;0.374593;0.832004;
128500;0.019;0.0469981;0.725861;0.00799255;0.292585;0.292585;0.0219876;0.109561;0.003277;0.187701;0.187701;0.294737;0.00203874;0.433552;0.827965;
129000;0.017;0.0459302;0.731319;0.00797158;0.297716;0.297716;0.0213196;0.110705;0.00302352;0.187906;0.187906;0.447059;0.00223805;0.276899;0.826067;
129500;0.0168;0.0450461;0.737157;0.00808249;0.303555;0.303555;0.0213735;0.112536;0.00296554;0.1865;0.1865;0.297619;0.00162734;0.399366;0.818772;
130000;0.0178;0.0450421;0.74003;0.00798039;0.302982;0.302982;0.0211442;0.109961;0.00275893;0.185984;0.185984;0.303371;0.00244349;0.321298;0.821451;
130500;0.019;0.0466247;0.743861;0.00800559;0.293826;0.293826;0.0216385;0.110339;0.0032444;0.187398;0.187398;0.242105;0.00203874;0.406698;0.827406;
131000;0.0196;0.0466776;0.749628;0.00806489;0.297193;0.297193;0.0225252;0.105318;0.00304174;0.185823;0.185823;0.295918;0.00285598;0.481057;0.823824;
131500;0.0224;0.0469431;0.749429;0.00800316;0.295276;0.295276;0.0223696;0.106896;0.00240704;0.18868;0.18868;0.3125;0.00184124;0.381617;0.828181;
132000;0.0208;0.0457283;0.752138;0.00804854;0.302334;0.302334;0.022093;0.103379;0.00356476;0.188818;0.188818;0.269231;0.00163399;0.366998;0.821859;
132500;0.0174;0.0455755;0.764261;0.00790053;0.29633;0.29633;0.0216611;0.105354;0.0033551;0.187674;0.187674;0.252874;0.00183187;0.329624;0.825861;
133000;0.0176;0.0452205;0.764624;0.00777493;0.298203;0.298203;0.0212458;0.107336;0.00263646;0.184441;0.184441;0.352273;0.00264658;0.339939;0.825278;
133500;0.0192;0.0455563;0.773135;0.00775421;0.292496;0.292496;0.021164;0.0998697;0.00351379;0.182969;0.182969;0.364583;0.00183524;0.360359;0.830906;
134000;0.019;0.0440675;0.775957;0.00783438;0.307007;0.307007;0.0209598;0.099417;0.00215298;0.185795;0.185795;0.326316;0.00142712;0.331915;0.818435;
134500;0.019;0.0418661;0.775629;0.00784267;0.319149;0.319149;0.0201836;0.100605;0.00271553;0.189729;0.189729;0.242105;0.00265036;0.30138;0.807828;
135000;0.0224;0.0419929;0.78071;0.00779793;0.318782;0.318782;0.0206454;0.102324;0.00259171;0.190779;0.190779;0.267857;0.00204583;0.391352;0.807495;
135500;0.0168;0.0406786;0.779989;0.00781904;0.325584;0.325584;0.0203631;0.103478;0.00353056;0.19027;0.19027;0.333333;0.00223759;0.261641;0.801925;
136000;0.0222;0.0391131;0.783931;0.00765371;0.329049;0.329049;0.0191175;0.100052;0.00227725;0.190601;0.190601;0.279279;0.00204541;0.325318;0.800425;
136500;0.0238;0.0374264;0.783188;0.00769551;0.342209;0.342209;0.0177765;0.10013;0.00238634;0.195123;0.195123;0.277311;0.00184388;0.362639;0.787929;
137000;0.021;0.0368653;0.781959;0.00778798;0.345115;0.345115;0.0177606;0.0977155;0.00268183;0.186975;0.186975;0.295238;0.00224719;0.336919;0.786544;
137500;0.0272;0.0356524;0.787316;0.00768928;0.349766;0.349766;0.0163945;0.0955026;0.00200649;0.187421;0.187421;0.242647;0.00185033;0.368179;0.784151;
138000;0.0232;0.0359904;0.789082;0.0078713;0.350498;0.350498;0.0163101;0.097467;0.00342092;0.193229;0.193229;0.267241;0.001638;0.292203;0.782305;
138500;0.0256;0.0354969;0.789981;0.00786082;0.354819;0.354819;0.0154821;0.097756;0.00288901;0.190186;0.190186;0.25;0.00205255;0.275309;0.781033;
139000;0.0238;0.0361758;0.788224;0.00800777;0.35137;0.35137;0.0167487;0.101137;0.00395446;0.19144;0.19144;0.268908;0.00204876;0.296366;0.78219;
139500;0.0234;0.0360931;0.797079;0.0079426;0.349372;0.349372;0.0161218;0.0951308;0.00324524;0.187295;0.187295;0.376068;0.00163834;0.30624;0.78486;
140000;0.0186;0.036752;0.800474;0.00775208;0.340132;0.340132;0.0168043;0.0924219;0.00274632;0.182254;0.182254;0.526882;0.00183411;0.357648;0.790998;
140500;0.0228;0.0369404;0.803144;0.00771684;0.341023;0.341023;0.0172051;0.0936258;0.00344261;0.185883;0.185883;0.236842;0.00225133;0.428261;0.788771;
141000;0.0234;0.0377147;0.806318;0.00772338;0.337637;0.337637;0.0178839;0.0939771;0.00322615;0.191146;0.191146;0.333333;0.00245751;0.268203;0.795453;
141500;0.0254;0.0379369;0.80464;0.007768;0.33752;0.33752;0.0177255;0.0911879;0.00316333;0.19058;0.19058;0.244094;0.00246255;0.325069;0.794591;
142000;0.0216;0.0371399;0.808145;0.00781708;0.337196;0.337196;0.0169743;0.090261;0.00418891;0.185756;0.185756;0.333333;0.00143091;0.365181;0.793458;
142500;0.0272;0.03711;0.807827;0.00776569;0.338929;0.338929;0.0172525;0.0897297;0.00251067;0.187804;0.187804;0.183824;0.000822368;0.347076;0.794119;
143000;0.0208;0.0360704;0.811451;0.00764161;0.340804;0.340804;0.0162011;0.089389;0.00241527;0.188304;0.188304;0.192308;0.00204248;0.2652;0.791367;
143500;0.0244;0.0363759;0.808266;0.00767678;0.339388;0.339388;0.0158672;0.0917373;0.00244728;0.184273;0.184273;0.188525;0.00123001;0.372025;0.792497;
144000;0.0218;0.0370327;0.797809;0.00765465;0.330199;0.330199;0.0155625;0.0941508;0.00247311;0.181816;0.181816;0.311927;0.00204457;0.304713;0.802063;
144500;0.0246;0.0366771;0.799107;0.0076981;0.335021;0.335021;0.0153506;0.0948588;0.00290623;0.184373;0.184373;0.268293;0.0018454;0.382397;0.796605;
145000;0.0204;0.0372002;0.803423;0.00776051;0.332976;0.332976;0.015451;0.095189;0.00251408;0.184166;0.184166;0.323529;0.00224581;0.303465;0.798617;
145500;0.0216;0.0368274;0.804383;0.00771094;0.331512;0.331512;0.0151507;0.0950513;0.00308923;0.18407;0.18407;0.296296;0.00245298;0.393157;0.798297;
146000;0.0234;0.0371871;0.809469;0.00771438;0.332489;0.332489;0.0149928;0.0941759;0.00359271;0.186959;0.186959;0.239316;0.00204792;0.341823;0.798589;
146500;0.022;0.0365215;0.813915;0.00754599;0.329568;0.329568;0.0145265;0.0926312;0.0021066;0.183175;0.183175;0.236364;0.00122699;0.307282;0.801941;
147000;0.0238;0.0351549;0.814563;0.00759327;0.337965;0.337965;0.0130847;0.0901662;0.00233196;0.18065;0.18065;0.184874;0.00122926;0.370455;0.794557;
147500;0.0204;0.0358503;0.812826;0.00757089;0.337956;0.337956;0.0146959;0.0901083;0.00212834;0.183235;0.183235;0.343137;0.00142915;0.338027;0.793338;
148000;0.0252;0.0345419;0.814517;0.00744815;0.339785;0.339785;0.013757;0.0900576;0.00303949;0.181966;0.181966;0.253968;0.00307755;0.35031;0.794194;
148500;0.026;0.0358179;0.80849;0.00753168;0.33985;0.33985;0.0149045;0.0891305;0.00334291;0.188699;0.188699;0.246154;0.00225873;0.320029;0.793673;
149000;0.023;0.0364989;0.808864;0.00748055;0.328216;0.328216;0.0151411;0.0908221;0.00308062;0.185182;0.185182;0.217391;0.00122825;0.327763;0.802667;
149500;0.023;0.0370967;0.807113;0.00753727;0.326668;0.326668;0.0154701;0.0897745;0.00306859;0.185418;0.185418;0.278261;0.00184237;0.395333;0.802773;
150000;0.0202;0.0364489;0.808307;0.00761559;0.332356;0.332356;0.0149037;0.091839;0.00317387;0.181743;0.181743;0.227723;0.0026536;0.326785;0.799003;
150500;0.0242;0.0356984;0.810151;0.00749601;0.331173;0.331173;0.0146117;0.0904348;0.00295657;0.182036;0.182036;0.181818;0.00184464;0.314217;0.802137;
151000;0.0224;0.0360836;0.809889;0.00755149;0.334334;0.334334;0.015;0.0938752;0.00371041;0.184211;0.184211;0.258929;0.00204583;0.321627;0.797761;
151500;0.0188;0.0357076;0.817011;0.00755227;0.33052;0.33052;0.0139614;0.090568;0.00359639;0.178454;0.178454;0.361702;0.00244598;0.301256;0.800868;
152000;0.0248;0.0358435;0.816419;0.00750824;0.337479;0.337479;0.0163308;0.0923169;0.00334423;0.187427;0.187427;0.177419;0.0014356;0.377605;0.79361;
152500;0.0246;0.0358739;0.809286;0.00746358;0.338427;0.338427;0.0166646;0.0951147;0.00279184;0.188995;0.188995;0.243902;0.00143531;0.335895;0.793621;
153000;0.0246;0.0353834;0.81233;0.00753572;0.339983;0.339983;0.0160644;0.0934153;0.00274901;0.183976;0.183976;0.203252;0.00225548;0.316339;0.79384;
153500;0.021;0.034563;0.820061;0.00753991;0.340679;0.340679;0.0134785;0.0923276;0.0020801;0.181124;0.181124;0.304762;0.00143003;0.274434;0.793434;
154000;0.025;0.0342785;0.820977;0.00758533;0.341218;0.341218;0.0144134;0.0912628;0.00237731;0.176196;0.176196;0.184;0.00287179;0.351844;0.794103;
154500;0.0214;0.0343088;0.822298;0.00757781;0.348894;0.348894;0.0158935;0.0868819;0.00245523;0.180923;0.180923;0.280374;0.00224811;0.243831;0.786971;
155000;0.0246;0.0334405;0.820101;0.00755565;0.354827;0.354827;0.0147352;0.0905816;0.00233091;0.184523;0.184523;0.219512;0.0018454;0.275186;0.781808;
155500;0.0234;0.0321933;0.817997;0.00752495;0.356725;0.356725;0.0114752;0.0905454;0.00263488;0.182029;0.182029;0.196581;0.00122875;0.293635;0.779369;
156000;0.021;0.0317737;0.816067;0.00744279;0.358685;0.358685;0.0106971;0.0904813;0.00186104;0.177629;0.177629;0.27619;0.00183861;0.289476;0.777873;
156500;0.024;0.0317112;0.820789;0.00734538;0.355086;0.355086;0.0105492;0.0901683;0.00233792;0.182894;0.182894;0.183333;0.00204918;0.275898;0.781719;
157000;0.022;0.0323288;0.821859;0.00741132;0.35041;0.35041;0.0102899;0.0903539;0.00269549;0.177213;0.177213;0.318182;0.00204499;0.321921;0.785267;
157500;0.0244;0.0319173;0.821981;0.00746237;0.354978;0.354978;0.00987382;0.0897528;0.00310006;0.181961;0.181961;0.254098;0.00184502;0.341876;0.780744;
158000;0.0222;0.031908;0.823229;0.00763247;0.359714;0.359714;0.0102127;0.0896533;0.00318557;0.180195;0.180195;0.216216;0.00163633;0.312562;0.77603;
158500;0.0204;0.0325146;0.828579;0.00771862;0.357441;0.357441;0.0112312;0.0910455;0.00319438;0.179478;0.179478;0.343137;0.00204165;0.357294;0.777002;
159000;0.023;0.0317134;0.824414;0.00782154;0.365678;0.365678;0.0104169;0.0921721;0.00294918;0.175368;0.175368;0.278261;0.00184237;0.290415;0.773012;
159500;0.0206;0.0316293;0.822552;0.00771703;0.363717;0.363717;0.0107041;0.094984;0.00170988;0.174483;0.174483;0.252427;0.00163365;0.317767;0.772982;
160000;0.0246;0.0311024;0.823071;0.00784772;0.371243;0.371243;0.0100771;0.0986038;0.00288104;0.17611;0.17611;0.170732;0.00143531;0.292211;0.768469;
160500;0.0224;0.0313848;0.827807;0.00780154;0.369634;0.369634;0.0101069;0.0967831;0.00317209;0.174513;0.174513;0.3125;0.00143208;0.250225;0.770275;
161000;0.0244;0.0310498;0.823207;0.00787888;0.372006;0.372006;0.00934428;0.094716;0.00383182;0.177006;0.177006;0.221311;0.00205002;0.29287;0.767583;
161500;0.0262;0.031023;0.827859;0.0078322;0.370165;0.370165;0.00928415;0.0941108;0.00355323;0.17625;0.17625;0.236641;0.00225919;0.2584;0.771497;
162000;0.0226;0.0311287;0.830005;0.00773395;0.368176;0.368176;0.00937099;0.0926;0.00194812;0.171899;0.171899;0.247788;0.00266012;0.330633;0.770485;
162500;0.0194;0.0316347;0.823615;0.00776268;0.362286;0.362286;0.0095491;0.0924959;0.00221113;0.170696;0.170696;0.268041;0.00183561;0.345559;0.774082;
163000;0.0248;0.0312856;0.823149;0.00773022;0.367357;0.367357;0.00910619;0.0949095;0.00235334;0.175446;0.175446;0.201613;0.00205086;0.282116;0.772612;
163500;0.024;0.031328;0.823231;0.00775148;0.366609;0.366609;0.00928227;0.0923037;0.00238285;0.17248;0.17248;0.166667;0.00163934;0.298612;0.772849;
164000;0.02;0.0317503;0.83056;0.00775588;0.360921;0.360921;0.00969002;0.0894335;0.00254117;0.168837;0.168837;0.31;0.00183673;0.31635;0.776693;
164500;0.0214;0.0320897;0.836076;0.00774249;0.357988;0.357988;0.0105849;0.086601;0.00204198;0.166992;0.166992;0.196262;0.00224811;0.373215;0.779203;
165000;0.025;0.032084;0.834477;0.00785571;0.359558;0.359558;0.00914196;0.0891837;0.00275323;0.173054;0.173054;0.208;0.00266667;0.305732;0.77991;
165500;0.0196;0.0322982;0.833311;0.00789675;0.361683;0.361683;0.00866587;0.0870193;0.00233549;0.171456;0.171456;0.357143;0.00142799;0.249554;0.776844;
166000;0.0238;0.0323246;0.831587;0.00780609;0.361017;0.361017;0.00879711;0.0893995;0.00287728;0.175304;0.175304;0.201681;0.00245851;0.345757;0.776607;
166500;0.0268;0.0322776;0.826422;0.00780975;0.359723;0.359723;0.00928462;0.091354;0.00295003;0.175045;0.175045;0.246269;0.00164406;0.365301;0.778592;
167000;0.0236;0.0321794;0.833763;0.00782922;0.361025;0.361025;0.00845902;0.0873778;0.00268016;0.175215;0.175215;0.262712;0.00204834;0.36353;0.776114;
167500;0.0222;0.0319079;0.832006;0.0078671;0.365128;0.365128;0.00831376;0.0867903;0.00297201;0.171987;0.171987;0.243243;0.00163633;0.327316;0.773208;
168000;0.0236;0.0319918;0.831936;0.007901;0.366512;0.366512;0.00825242;0.0838612;0.00256698;0.173981;0.173981;0.347458;0.00225317;0.306852;0.77292;
168500;0.0238;0.0316399;0.833305;0.00790721;0.368781;0.368781;0.00817361;0.0811211;0.00350106;0.177601;0.177601;0.210084;0.00163901;0.259716;0.77087;
169000;0.0238;0.0316916;0.831738;0.00775431;0.366281;0.366281;0.00874606;0.0823828;0.00309584;0.175465;0.175465;0.252101;0.00307314;0.274377;0.773174;
169500;0.0196;0.031288;0.831523;0.00775767;0.364618;0.364618;0.00860949;0.0801137;0.00252326;0.170151;0.170151;0.265306;0.00163199;0.32673;0.772729;
170000;0.0244;0.0315849;0.834763;0.00763607;0.358421;0.358421;0.00890032;0.077847;0.00298893;0.169974;0.169974;0.229508;0.00225502;0.352329;0.779741;
170500;0.0266;0.0314155;0.838705;0.00757935;0.360837;0.360837;0.00825539;0.076281;0.00332489;0.177671;0.177671;0.278195;0.00267105;0.271696;0.779832;
171000;0.0224;0.0318262;0.840689;0.00757808;0.358016;0.358016;0.00878224;0.0748459;0.00275334;0.175525;0.175525;0.196429;0.00184124;0.304761;0.779367;
171500;0.0238;0.0312712;0.846957;0.00763821;0.364801;0.364801;0.00843938;0.0732911;0.00212624;0.174827;0.174827;0.302521;0.00204876;0.275192;0.774667;
172000;0.0254;0.0315475;0.845258;0.00766624;0.361523;0.361523;0.00890484;0.0745525;0.00267364;0.17733;0.17733;0.188976;0.0016417;0.220366;0.779483;
172500;0.0228;0.0312312;0.849412;0.00768718;0.36675;0.36675;0.00879461;0.0724979;0.00296979;0.175464;0.175464;0.289474;0.00327466;0.259968;0.772985;
173000;0.0236;0.0308589;0.855684;0.00759512;0.365439;0.365439;0.00855909;0.0700335;0.00300534;0.176629;0.176629;0.161017;0.00307251;0.292101;0.773215;
173500;0.0256;0.0310133;0.860504;0.00756564;0.36751;0.36751;0.00856581;0.0702978;0.00314875;0.181828;0.181828;0.242188;0.00164204;0.274978;0.771907;
174000;0.025;0.0312328;0.855054;0.00761656;0.367744;0.367744;0.0091322;0.0729223;0.00322718;0.182881;0.182881;0.152;0.00225641;0.257741;0.771422;
174500;0.0196;0.0315352;0.847173;0.00746288;0.356188;0.356188;0.00921408;0.0721667;0.00290588;0.172332;0.172332;0.244898;0.00224398;0.360073;0.779402;
175000;0.0222;0.0317636;0.843827;0.00745033;0.354692;0.354692;0.00922697;0.0718471;0.0036253;0.176235;0.176235;0.252252;0.00184087;0.305101;0.782005;
175500;0.024;0.0317169;0.844522;0.00755104;0.364809;0.364809;0.00953683;0.0716599;0.00338647;0.182588;0.182588;0.258333;0.00204918;0.24918;0.773994;
176000;0.0218;0.0314178;0.846461;0.00753164;0.36123;0.36123;0.00914843;0.0709868;0.0026274;0.177422;0.177422;0.266055;0.00184011;0.258446;0.77681;
176500;0.0184;0.031488;0.844706;0.00748144;0.359091;0.359091;0.00897793;0.0701399;0.00250593;0.176309;0.176309;0.293478;0.00122249;0.26468;0.776874;
177000;0.0252;0.0315162;0.843508;0.00751543;0.361725;0.361725;0.00856188;0.0708627;0.00202233;0.176776;0.176776;0.238095;0.00287238;0.278904;0.778268;
177500;0.0248;0.0310353;0.842556;0.00752622;0.363159;0.363159;0.00840802;0.0717687;0.00218073;0.176907;0.176907;0.185484;0.00266612;0.30579;0.775405;
178000;0.0264;0.0312811;0.846584;0.00754579;0.364552;0.364552;0.00904949;0.0680175;0.00233159;0.18076;0.18076;0.204545;0.00184881;0.251981;0.775885;
178500;0.0252;0.0307818;0.847589;0.00745144;0.362583;0.362583;0.00883711;0.0699464;0.0023539;0.175488;0.175488;0.31746;0.00266721;0.334492;0.776252;
179000;0.0238;0.030453;0.844462;0.00742688;0.370295;0.370295;0.010006;0.0698729;0.00221476;0.177094;0.177094;0.218487;0.00204876;0.343809;0.767356;
179500;0.0224;0.0307337;0.845696;0.00744409;0.365086;0.365086;0.0109743;0.0712171;0.00255282;0.173994;0.173994;0.241071;0.00163666;0.391428;0.771235;
180000;0.0204;0.0309034;0.845661;0.00734608;0.359574;0.359574;0.0103492;0.0701164;0.00190804;0.171302;0.171302;0.303922;0.00326664;0.337712;0.777249;
180500;0.0226;0.0306273;0.847991;0.00737009;0.362363;0.362363;0.00948471;0.0705159;0.00275753;0.176751;0.176751;0.256637;0.00245549;0.311532;0.77517;
181000;0.023;0.0309759;0.846872;0.00742712;0.363618;0.363618;0.011406;0.070781;0.00250061;0.177792;0.177792;0.26087;0.00184237;0.391279;0.771985;
181500;0.022;0.0314624;0.847993;0.00748552;0.360403;0.360403;0.0124384;0.070048;0.002685;0.174133;0.174133;0.172727;0.00224949;0.293978;0.777382;
182000;0.0256;0.0307793;0.846251;0.00738764;0.365568;0.365568;0.0114206;0.0693314;0.00231733;0.178773;0.178773;0.1875;0.0022578;0.288634;0.773516;
182500;0.0208;0.0304958;0.850011;0.00737809;0.362324;0.362324;0.00934797;0.0682521;0.0022111;0.17334;0.17334;0.288462;0.00163399;0.319924;0.774378;
183000;0.0214;0.0312931;0.847688;0.00735346;0.359033;0.359033;0.0124317;0.0710897;0.00231909;0.175778;0.175778;0.28972;0.00204374;0.36028;0.776588;
183500;0.0226;0.0314703;0.845381;0.0074645;0.36314;0.36314;0.0106868;0.0711791;0.00282255;0.182398;0.182398;0.221239;0.00204625;0.328813;0.772734;
184000;0.0212;0.030889;0.847706;0.0074802;0.361551;0.361551;0.00976642;0.0707834;0.00356067;0.174535;0.174535;0.292453;0.00245198;0.284665;0.776181;
184500;0.0212;0.0310529;0.846496;0.00755594;0.365166;0.365166;0.00940201;0.0694091;0.00303152;0.179684;0.179684;0.377358;0.00245198;0.27215;0.772749;
185000;0.0204;0.0313382;0.844424;0.00750677;0.360331;0.360331;0.0103;0.0691819;0.00278409;0.177366;0.177366;0.303922;0.00163332;0.351526;0.774672;
185500;0.021;0.0313652;0.846906;0.00744341;0.359882;0.359882;0.00965326;0.0705942;0.00303605;0.17916;0.17916;0.304762;0.00224719;0.241806;0.777653;
186000;0.0212;0.0315354;0.845957;0.00747015;0.355859;0.355859;0.00921126;0.068311;0.0027819;0.176943;0.176943;0.283019;0.00122599;0.331741;0.779672;
186500;0.0238;0.0310403;0.847501;0.00758716;0.36084;0.36084;0.0088979;0.0676876;0.00309643;0.178697;0.178697;0.226891;0.00225364;0.299936;0.776844;
187000;0.0188;0.0310799;0.846031;0.00755954;0.358275;0.358275;0.00905031;0.0675318;0.0028947;0.171814;0.171814;0.234043;0.00305748;0.31907;0.777752;
187500;0.0266;0.0311838;0.845857;0.00763049;0.36387;0.36387;0.00913597;0.0657976;0.00301848;0.180979;0.180979;0.225564;0.00226012;0.295525;0.775303;
188000;0.026;0.0316209;0.845113;0.00753628;0.357449;0.357449;0.0096834;0.0671683;0.00352537;0.179708;0.179708;0.161538;0.00184805;0.307256;0.780386;
188500;0.0236;0.0319589;0.849537;0.00751776;0.352063;0.352063;0.0100671;0.0664266;0.00314291;0.178663;0.178663;0.237288;0.00184351;0.304424;0.784745;
189000;0.0206;0.0314312;0.85063;0.00752614;0.355534;0.355534;0.00991966;0.0642629;0.00340607;0.174434;0.174434;0.38835;0.00142945;0.265594;0.781627;
189500;0.0212;0.030799;0.851432;0.00740889;0.356667;0.356667;0.00913659;0.0641645;0.0028727;0.175073;0.175073;0.330189;0.00204332;0.278226;0.780695;
190000;0.0212;0.0303043;0.84861;0.00726735;0.359778;0.359778;0.00883139;0.064119;0.00264544;0.174955;0.174955;0.283019;0.00245198;0.39476;0.775126;
190500;0.0256;0.0299799;0.850401;0.00729624;0.362959;0.362959;0.0083603;0.0641914;0.00330601;0.179842;0.179842;0.210938;0.00205255;0.346277;0.774437;
191000;0.0234;0.0304921;0.85151;0.00732167;0.354148;0.354148;0.00881285;0.0647015;0.00327122;0.171532;0.171532;0.290598;0.00204792;0.335959;0.78328;
191500;0.0238;0.0303756;0.854476;0.00714562;0.360132;0.360132;0.00824491;0.0644413;0.00302338;0.182104;0.182104;0.201681;0.00225364;0.246794;0.777829;
192000;0.0236;0.0298343;0.855429;0.00721465;0.358354;0.358354;0.00794305;0.0636021;0.00257428;0.176299;0.176299;0.220339;0.00143384;0.284763;0.779764;
192500;0.0236;0.0304137;0.859776;0.0072436;0.357581;0.357581;0.00914631;0.0629595;0.00214086;0.175056;0.175056;0.271186;0.00266284;0.31467;0.780475;
193000;0.0224;0.0297939;0.861857;0.00728815;0.36402;0.36402;0.00830343;0.0633426;0.00341244;0.178345;0.178345;0.223214;0.00184124;0.306803;0.772999;
193500;0.0232;0.0294595;0.863696;0.00728215;0.365853;0.365853;0.00796833;0.0622848;0.00354111;0.179147;0.179147;0.224138;0.00225225;0.275094;0.772333;
194000;0.0228;0.0291489;0.86148;0.00724136;0.366264;0.366264;0.00756905;0.0635742;0.00243819;0.172918;0.172918;0.245614;0.002456;0.330952;0.771931;
194500;0.0226;0.0286487;0.858088;0.0072848;0.373369;0.373369;0.00670371;0.063161;0.00310723;0.175643;0.175643;0.230088;0.00245549;0.288413;0.765612;
195000;0.0222;0.0284283;0.85716;0.00737903;0.374188;0.374188;0.00673862;0.0629833;0.00319212;0.175138;0.175138;0.27027;0.00184087;0.217161;0.766177;
195500;0.0232;0.0286118;0.857718;0.00737983;0.375272;0.375272;0.00708533;0.0637233;0.00340009;0.17469;0.17469;0.232759;0.003276;0.272094;0.764655;
196000;0.017;0.0285219;0.854967;0.00728771;0.369362;0.369362;0.00752135;0.0643815;0.00269419;0.172853;0.172853;0.329412;0.00142421;0.286466;0.766895;
196500;0.0232;0.0282121;0.857279;0.00742342;0.381169;0.381169;0.00716442;0.0647006;0.00338832;0.178167;0.178167;0.189655;0.00184275;0.349537;0.756625;
197000;0.0212;0.0281783;0.85926;0.00741196;0.380041;0.380041;0.0074036;0.0633977;0.00302035;0.175682;0.175682;0.235849;0.00224765;0.276786;0.759033;
197500;0.0262;0.0283134;0.863784;0.00746781;0.381257;0.381257;0.00706394;0.0642678;0.00234638;0.17663;0.17663;0.175573;0.00143767;0.308518;0.759229;
198000;0.0228;0.0283833;0.862904;0.00737234;0.384052;0.384052;0.00704187;0.0621483;0.00207583;0.179347;0.179347;0.27193;0.001842;0.248603;0.755756;
198500;0.0242;0.0285569;0.860257;0.00741998;0.379369;0.379369;0.00734111;0.0634702;0.00258129;0.175836;0.175836;0.206612;0.00163968;0.295279;0.760539;
199000;0.0154;0.0288292;0.859925;0.00745468;0.376788;0.376788;0.00773417;0.0623091;0.00265;0.171458;0.171458;0.441558;0.000812513;0.310461;0.759343;
199500;0.0228;0.0291911;0.862494;0.00750515;0.379664;0.379664;0.00772217;0.0634791;0.00344716;0.179563;0.179563;0.149123;0.00163733;0.269018;0.759205;
200000;0.0216;0.0296723;0.860871;0.00735951;0.368364;0.368364;0.008947;0.0642498;0.0033037;0.177881;0.177881;0.287037;0.00163532;0.268212;0.769452;
