

seed;1670109171;
Npop;5000;
mu_feedback;0.0005;
mu_stress_influx;0.0005;
mu_influx;0.0005;
mu_hstart;0.0005;
sP2NP_1;0.19;
sNP2P_1;0.01;
init_feedback;0.1;
init_stress_influx;0.4;
init_influx;0.05;
init_hstart;0.5;
cue_P;0;
cue_NP;0;
s0;0;
ad;0.5;
aP;1;
mort_background;0.002;
dmax;1;
zmax;1;
r;1;
u;1;
p_att;0.5;
NumGen;200000;
base_name;sim_stress_17_02_2020_152622_5;
generation;freq_P;mean_feedback;mean_stress_influx;mean_influx;mean_hormone;mean_damage;sd_feedback;sd_stress_influx;sd_influx;sd_hormone;sd_damage;prop_dead_P;prop_dead_NP;mean_fecundity_P;mean_fecundity_NP;
0;0.0386;0.1;0.4;0.05;0.5044;0.5044;-nan;-nan;-nan;0.041721;0.041721;0.336788;0.00270439;0.22405;0.292893;
500;0.0238;0.10012;0.400155;0.0500279;0.518366;0.518366;0.00403425;0.00323707;0.00248058;0.0750407;0.0750407;0.260504;0.00122926;0.121132;0.285327;
1000;0.0274;0.100096;0.400156;0.0498273;0.518788;0.518788;0.00288068;0.00365567;0.00329394;0.0824121;0.0824121;0.20438;0.00226198;0.118745;0.286025;
1500;0.0268;0.100661;0.400559;0.0492655;0.511182;0.511182;0.00675675;0.00589648;0.0045786;0.0881626;0.0881626;0.134328;0.00102754;0.134267;0.291668;
2000;0.0232;0.10124;0.400864;0.0472981;0.491171;0.491171;0.00904378;0.00848059;0.00807311;0.110446;0.110446;0.224138;0.00184275;0.124119;0.308358;
2500;0.0222;0.102074;0.400277;0.0400867;0.421251;0.421251;0.0128082;0.00848396;0.014651;0.157201;0.157201;0.225225;0.00245449;0.183709;0.374047;
3000;0.0178;0.104286;0.399746;0.0224118;0.255962;0.255962;0.0183146;0.00782486;0.0186573;0.190629;0.190629;0.359551;0.000814498;0.389669;0.565484;
3500;0.0136;0.107493;0.400121;0.00632181;0.104645;0.104645;0.0248085;0.00896303;0.0127535;0.153556;0.153556;0.573529;0.00202758;0.657936;0.79193;
4000;0.0088;0.107851;0.400193;0.0012062;0.058811;0.058811;0.0258426;0.00865102;0.005792;0.12008;0.12008;0.704545;0.00221953;0.682464;0.87054;
4500;0.0112;0.109532;0.399712;0.00030086;0.0509416;0.0509416;0.0302362;0.0103755;0.00282044;0.115133;0.115133;0.803571;0.00141586;0.64957;0.886723;
5000;0.0102;0.112768;0.400222;0.000118122;0.0485868;0.0485868;0.0341816;0.0103936;0.00205318;0.108042;0.108042;0.862745;0.00222267;0.842739;0.888062;
5500;0.0108;0.115514;0.400506;8.34489e-05;0.0476631;0.0476631;0.036835;0.00926444;0.00198583;0.108026;0.108026;0.703704;0.00161747;0.746166;0.88937;
6000;0.01;0.118318;0.399762;5.54408e-05;0.046588;0.046588;0.0410988;0.00863932;0.00165416;0.108071;0.108071;1.02;0.00222222;0.756134;0.894073;
6500;0.0098;0.122737;0.400036;5.93561e-05;0.0427651;0.0427651;0.0451506;0.0092069;0.00239233;0.105095;0.105095;1.14286;0.00222177;0.846343;0.90216;
7000;0.0098;0.127049;0.399923;1.04311e-05;0.0407167;0.0407167;0.0490201;0.0109436;0.000443668;0.100577;0.100577;0.77551;0.00121188;0.825688;0.90293;
7500;0.0082;0.135975;0.399099;3.87242e-06;0.0390564;0.0390564;0.0567807;0.0126583;0.000273794;0.0970922;0.0970922;0.829268;0.0026215;0.799427;0.905996;
8000;0.0116;0.141272;0.39899;2.43011e-05;0.0399151;0.0399151;0.059758;0.0103704;0.00122235;0.101769;0.101769;0.689655;0.00202347;0.741983;0.908176;
8500;0.0088;0.150282;0.399031;2.62801e-05;0.0385314;0.0385314;0.0669253;0.00970585;0.00137279;0.0991278;0.0991278;1.06818;0.00201776;0.795118;0.912272;
9000;0.009;0.159563;0.399924;9.87008e-05;0.0382766;0.0382766;0.0703029;0.00956057;0.00255073;0.0996802;0.0996802;1.06667;0.00141271;0.807091;0.913464;
9500;0.0082;0.172196;0.399773;5.51098e-05;0.0332808;0.0332808;0.0747327;0.00985989;0.00139999;0.0942806;0.0942806;1.04878;0.00161323;0.812856;0.924297;
10000;0.0108;0.180583;0.400116;6.41634e-05;0.0326495;0.0326495;0.0791061;0.0078169;0.00176672;0.0936474;0.0936474;0.759259;0.00222402;0.868652;0.924921;
10500;0.008;0.196574;0.400133;2.97723e-05;0.0277973;0.0277973;0.0838273;0.00795966;0.00148832;0.0851588;0.0851588;0.875;0.00120968;0.817618;0.933957;
11000;0.01;0.20403;0.400293;6.14392e-05;0.0310584;0.0310584;0.0844844;0.00744439;0.00256538;0.0915643;0.0915643;1.04;0.0010101;0.888725;0.931832;
11500;0.0096;0.209728;0.400446;2.96893e-05;0.0291382;0.0291382;0.0850262;0.00607315;0.00127577;0.087951;0.087951;0.791667;0.00222132;0.855476;0.9336;
12000;0.0104;0.220233;0.400774;2.07204e-05;0.0288164;0.0288164;0.0865437;0.00767921;0.000879161;0.0880459;0.0880459;0.884615;0.00262732;0.876839;0.936762;
12500;0.0114;0.229233;0.400804;0;0.0250508;0.0250508;0.0877641;0.00645218;0;0.0817458;0.0817458;0.736842;0.00121384;0.875418;0.942795;
13000;0.0102;0.238166;0.400807;3.44592e-06;0.0262607;0.0262607;0.0876272;0.00786579;0.000175126;0.0853902;0.0853902;0.862745;0.00242473;0.910209;0.942791;
13500;0.009;0.24558;0.400811;5.25404e-05;0.0248071;0.0248071;0.0870761;0.00751704;0.00187499;0.0836269;0.0836269;0.911111;0.00221998;0.843039;0.946229;
14000;0.0078;0.252526;0.401314;0.000131843;0.0248696;0.0248696;0.0876947;0.0101225;0.00275864;0.0852893;0.0852893;1.12821;0.00221729;0.824412;0.947215;
14500;0.0094;0.263123;0.401318;5.06398e-05;0.0231973;0.0231973;0.0853502;0.0107879;0.00148475;0.0786984;0.0786984;0.87234;0.00161518;0.866749;0.948692;
15000;0.007;0.272615;0.401263;9.59055e-05;0.0231048;0.0231048;0.0851086;0.00903535;0.00238623;0.0808953;0.0808953;1.48571;0.00181269;0.914564;0.951184;
15500;0.008;0.284938;0.401626;2.66575e-05;0.020978;0.020978;0.0847684;0.00990611;0.00104042;0.0774855;0.0774855;1.45;0.0016129;0.9309;0.957469;
16000;0.0072;0.293046;0.401298;6.89834e-05;0.0195849;0.0195849;0.0827455;0.0106503;0.00142823;0.0755042;0.0755042;1.36111;0.000805802;0.877518;0.959075;
16500;0.0104;0.296592;0.40147;4.79834e-05;0.0186109;0.0186109;0.0792423;0.0121081;0.00104231;0.0714991;0.0714991;0.730769;0.00242522;0.916029;0.959996;
17000;0.0076;0.307721;0.401761;0;0.020318;0.020318;0.077474;0.0129508;0;0.0769296;0.0769296;1.36842;0.00141072;0.869151;0.959542;
17500;0.0084;0.314896;0.40213;3.39071e-05;0.0180443;0.0180443;0.0748546;0.0136637;0.00132697;0.0714375;0.0714375;1.04762;0.00262203;0.950704;0.962642;
18000;0.0104;0.321903;0.401698;3.54317e-05;0.0171865;0.0171865;0.0721932;0.0151067;0.00143179;0.0708889;0.0708889;0.942308;0.00161681;0.946944;0.964839;
18500;0.0092;0.325671;0.401888;6.52036e-05;0.0168971;0.0168971;0.0699913;0.0147916;0.00246995;0.0691956;0.0691956;0.869565;0.00222043;0.904782;0.964704;
19000;0.008;0.324489;0.401828;7.79934e-05;0.0158004;0.0158004;0.0691572;0.016749;0.00246916;0.0670339;0.0670339;1.1;0.000806452;0.943803;0.966184;
19500;0.0076;0.328175;0.403202;1.04799e-05;0.0153411;0.0153411;0.066691;0.0160118;0.000397825;0.0661394;0.0661394;1;0.00221685;0.953938;0.967973;
20000;0.011;0.327423;0.403208;4.73108e-05;0.0172812;0.0172812;0.0665781;0.0135162;0.0013954;0.0708017;0.0708017;0.927273;0.00262892;0.961696;0.966094;
20500;0.009;0.330397;0.402479;3.77999e-05;0.0166068;0.0166068;0.0642515;0.0139595;0.0011643;0.0687411;0.0687411;1;0.00181635;0.915086;0.966276;
21000;0.0098;0.335591;0.40278;7.66756e-05;0.0159959;0.0159959;0.0616648;0.012832;0.00227517;0.0673154;0.0673154;0.979592;0.00201979;0.968213;0.967432;
21500;0.0094;0.342573;0.402867;0.000190831;0.0158136;0.0158136;0.0567053;0.0130846;0.00367824;0.0678802;0.0678802;1;0.00181708;0.953664;0.968125;
22000;0.009;0.342358;0.402884;6.02861e-05;0.0148023;0.0148023;0.056566;0.0139085;0.00204313;0.0628648;0.0628648;0.711111;0.0024218;0.91901;0.967459;
22500;0.01;0.340705;0.401465;9.12013e-05;0.0161798;0.0161798;0.0580365;0.0140044;0.00263683;0.0677584;0.0677584;0.82;0.00222222;0.855439;0.96704;
23000;0.008;0.342185;0.401078;4.08383e-05;0.0155133;0.0155133;0.060261;0.0146575;0.00111598;0.0662503;0.0662503;1.025;0.00241935;0.910768;0.967726;
23500;0.0072;0.343326;0.401187;9.39682e-06;0.0163814;0.0163814;0.0624406;0.0157684;0.000469747;0.0676332;0.0676332;1.02778;0.00221595;0.926493;0.965849;
24000;0.011;0.345711;0.401052;0.000100298;0.0169204;0.0169204;0.0637102;0.0162956;0.00232239;0.0709249;0.0709249;1.03636;0.00202224;0.960457;0.968312;
24500;0.008;0.344815;0.401674;6.59212e-05;0.0155451;0.0155451;0.0640221;0.0173267;0.002195;0.0687656;0.0687656;1.25;0.0016129;0.951782;0.970149;
25000;0.0082;0.349214;0.401241;4.90789e-05;0.0167308;0.0167308;0.0572505;0.0177414;0.00150001;0.0690561;0.0690561;1.17073;0.00221819;0.950296;0.96717;
25500;0.0096;0.353352;0.401545;4.02395e-05;0.0143732;0.0143732;0.0524725;0.0170042;0.000970053;0.0639095;0.0639095;0.770833;0.00141357;0.915733;0.969897;
26000;0.009;0.359609;0.401949;5.9161e-05;0.015764;0.015764;0.0520561;0.0143609;0.00127296;0.0696862;0.0696862;1.24444;0.00221998;0.939112;0.971406;
26500;0.0068;0.361396;0.401218;6.9282e-05;0.0149703;0.0149703;0.0487735;0.0123045;0.00134728;0.066034;0.066034;0.970588;0.00322191;0.937903;0.96983;
27000;0.0084;0.362329;0.401012;6.09288e-05;0.0142314;0.0142314;0.0500287;0.0147909;0.00196516;0.0631648;0.0631648;0.857143;0.00242033;0.940102;0.970373;
27500;0.0114;0.36361;0.400461;7.3588e-05;0.0133768;0.0133768;0.0455476;0.01402;0.00165894;0.0613724;0.0613724;0.649123;0.00141614;0.931365;0.971639;
28000;0.0106;0.365017;0.400959;9.16325e-05;0.0152779;0.0152779;0.0464966;0.0139985;0.00161976;0.0682843;0.0682843;0.830189;0.00222357;0.923701;0.97028;
28500;0.0078;0.370245;0.401308;4.57898e-06;0.0138709;0.0138709;0.0476554;0.014744;0.000122293;0.0637046;0.0637046;1.28205;0.00100786;0.966532;0.972639;
29000;0.01;0.373669;0.401201;4.6122e-05;0.0136105;0.0136105;0.0491412;0.0148258;0.000970885;0.064114;0.064114;0.92;0.00222222;0.932595;0.974568;
29500;0.01;0.372787;0.399963;7.62211e-05;0.0151582;0.0151582;0.0486691;0.0161068;0.00188033;0.0669198;0.0669198;0.94;0.0020202;0.933163;0.97092;
30000;0.0102;0.372096;0.398396;7.03171e-05;0.0132229;0.0132229;0.0504173;0.0163684;0.00173357;0.0606576;0.0606576;0.823529;0.000808244;0.935012;0.972091;
30500;0.01;0.373883;0.397957;8.83534e-05;0.0128081;0.0128081;0.0531276;0.0168477;0.00226567;0.0605081;0.0605081;0.74;0.0020202;0.93815;0.97369;
31000;0.0106;0.374637;0.397874;0.000118164;0.015315;0.015315;0.0542853;0.0171812;0.00178846;0.0676539;0.0676539;0.924528;0.00202143;0.947577;0.97073;
31500;0.0078;0.373065;0.398499;6.87601e-05;0.0144243;0.0144243;0.052918;0.0170641;0.00162704;0.0642647;0.0642647;1.12821;0.00262044;0.908599;0.972014;
32000;0.008;0.37416;0.397815;4.02407e-05;0.0132105;0.0132105;0.0537023;0.0186769;0.00105924;0.0592173;0.0592173;0.975;0.00120968;0.950342;0.970903;
32500;0.0106;0.372492;0.397959;1.97302e-05;0.0129506;0.0129506;0.0484939;0.0174995;0.000707984;0.0599735;0.0599735;0.641509;0.00222357;0.940729;0.972649;
33000;0.0084;0.370287;0.398101;3.13651e-05;0.0141945;0.0141945;0.0467134;0.0153961;0.00129814;0.0647756;0.0647756;1.2619;0.00161355;0.95761;0.973017;
33500;0.0074;0.372039;0.398487;0.000179246;0.0141082;0.0141082;0.0487671;0.0150616;0.00295856;0.0642078;0.0642078;1.32432;0.00201491;0.942534;0.972517;
34000;0.0106;0.374423;0.398314;0.000138521;0.0159499;0.0159499;0.0462374;0.0152733;0.00348886;0.0699077;0.0699077;0.924528;0.00363857;0.939693;0.971249;
34500;0.0104;0.372396;0.398212;9.31371e-05;0.0148243;0.0148243;0.0461187;0.0175444;0.00225474;0.0654498;0.0654498;0.865385;0.00141471;0.91701;0.970822;
35000;0.0104;0.370071;0.397355;1.17977e-05;0.0135805;0.0135805;0.0486099;0.0162598;0.000590018;0.0646226;0.0646226;0.807692;0.00161681;0.957191;0.973188;
35500;0.007;0.37102;0.397154;8.13499e-06;0.0145315;0.0145315;0.0470465;0.0178696;0.000575173;0.0669263;0.0669263;1.37143;0.00342397;0.950466;0.973357;
36000;0.0102;0.368097;0.397634;5.96068e-05;0.0129796;0.0129796;0.0483535;0.0179088;0.0017665;0.0601308;0.0601308;0.607843;0.00282885;0.97504;0.972635;
36500;0.0104;0.37052;0.397732;9.53937e-05;0.0133892;0.0133892;0.053642;0.0194133;0.00196765;0.0608814;0.0608814;0.615385;0.00202102;0.922964;0.972004;
37000;0.008;0.370921;0.39751;2.84912e-05;0.0132232;0.0132232;0.0530339;0.0209477;0.00103699;0.063846;0.063846;1.125;0.0016129;0.948976;0.974668;
37500;0.01;0.372433;0.398237;6.68719e-05;0.014405;0.014405;0.0523028;0.022039;0.00183339;0.0653304;0.0653304;1.06;0.00242424;0.961414;0.972946;
38000;0.0086;0.373509;0.400018;7.63362e-05;0.0148565;0.0148565;0.0526348;0.0212763;0.00195703;0.065505;0.065505;1.18605;0.00181561;0.918365;0.971709;
38500;0.0084;0.371849;0.399276;6.9332e-05;0.0146991;0.0146991;0.0527777;0.021699;0.00133223;0.0653004;0.0653004;1.2381;0.000806777;0.939584;0.97055;
39000;0.008;0.373428;0.396974;0.000132812;0.0126343;0.0126343;0.0515869;0.0226469;0.00210307;0.06073;0.06073;0.975;0.00302419;0.987247;0.974443;
39500;0.009;0.38229;0.39663;0.000186888;0.0164697;0.0164697;0.0576001;0.0224372;0.00307544;0.0710632;0.0710632;1.31111;0.00262361;0.912631;0.971159;
40000;0.0094;0.38224;0.39806;0.000107246;0.013468;0.013468;0.0578898;0.0234958;0.00316616;0.0617371;0.0617371;0.808511;0.00201898;0.934745;0.972736;
40500;0.0096;0.385148;0.400266;0.000101096;0.011628;0.011628;0.0588514;0.0257691;0.00291592;0.0565205;0.0565205;0.708333;0.000605816;0.920039;0.974494;
41000;0.0092;0.384128;0.400042;5.89589e-05;0.0153423;0.0153423;0.0595722;0.0266919;0.0015307;0.0695121;0.0695121;1.41304;0.00161486;0.971998;0.973291;
41500;0.007;0.383018;0.401963;4.55522e-05;0.014023;0.014023;0.0579609;0.0255429;0.00141979;0.0635531;0.0635531;1.2;0.00161128;0.906465;0.971786;
42000;0.0098;0.382546;0.402649;3.27112e-05;0.0130569;0.0130569;0.0551677;0.0288226;0.000922982;0.0623899;0.0623899;0.857143;0.00242375;0.939188;0.974812;
42500;0.011;0.387004;0.398245;1.24363e-05;0.0150806;0.0150806;0.0571608;0.0281432;0.00087929;0.0681321;0.0681321;0.981818;0.00242669;0.905948;0.97336;
43000;0.0086;0.383239;0.39817;1.08957e-05;0.0124264;0.0124264;0.0546521;0.0275694;0.000546919;0.0605331;0.0605331;0.953488;0.00141214;0.925368;0.975336;
43500;0.0138;0.382203;0.396815;4.26247e-05;0.0136904;0.0136904;0.0570456;0.0282862;0.00138483;0.0638521;0.0638521;0.637681;0.00263638;0.917709;0.974089;
44000;0.0102;0.380635;0.395181;5.58218e-05;0.0137751;0.0137751;0.0562839;0.0326989;0.00192945;0.0646012;0.0646012;0.764706;0.00202061;0.884654;0.973246;
44500;0.0088;0.384763;0.39398;9.12494e-05;0.0130108;0.0130108;0.0567712;0.0303711;0.00304023;0.0606966;0.0606966;0.863636;0.00181598;0.893767;0.973718;
45000;0.0084;0.388529;0.393171;3.84895e-05;0.0131796;0.0131796;0.0602675;0.0333811;0.00122688;0.0625363;0.0625363;1.11905;0.00181525;0.925187;0.975217;
45500;0.0086;0.391333;0.392407;5.71487e-05;0.0145663;0.0145663;0.0607856;0.033795;0.0021188;0.0685178;0.0685178;1.34884;0.00201735;0.90976;0.975447;
46000;0.01;0.386245;0.391717;4.80126e-05;0.0135391;0.0135391;0.0576363;0.0365872;0.00161468;0.0628143;0.0628143;0.78;0.00282828;0.930554;0.973651;
46500;0.0092;0.38549;0.391193;8.1261e-05;0.013538;0.013538;0.0569077;0.0360355;0.001838;0.0632499;0.0632499;1.02174;0.001413;0.907359;0.974026;
47000;0.0068;0.389165;0.389351;3.35966e-05;0.0123032;0.0123032;0.059716;0.0375169;0.00120815;0.0594214;0.0594214;1.02941;0.00221506;0.974143;0.975086;
47500;0.0088;0.394542;0.391119;1.95927e-05;0.0130804;0.0130804;0.06236;0.0339246;0.000845086;0.0626445;0.0626445;0.954545;0.00343019;0.934165;0.975744;
48000;0.0114;0.395132;0.389136;3.74697e-06;0.0125336;0.0125336;0.0626298;0.0349799;0.000226924;0.0621936;0.0621936;0.807018;0.00222537;0.945636;0.977356;
48500;0.0092;0.39445;0.390612;5.14745e-05;0.0145452;0.0145452;0.0646179;0.0334917;0.00138658;0.0683437;0.0683437;1.23913;0.00161486;0.931676;0.9747;
49000;0.0098;0.390147;0.390649;6.79444e-05;0.0134048;0.0134048;0.061195;0.0303871;0.00281499;0.0638324;0.0638324;0.959184;0.00262573;0.968752;0.97557;
49500;0.0074;0.392017;0.390868;0.000160361;0.0128938;0.0128938;0.0610688;0.0313536;0.00481913;0.0628517;0.0628517;0.945946;0.0022164;0.919988;0.974703;
50000;0.0084;0.393463;0.38878;5.47534e-05;0.0154231;0.0154231;0.0625569;0.0318595;0.00172441;0.0679851;0.0679851;1.11905;0.00262203;0.870945;0.972023;
50500;0.012;0.393576;0.388467;8.40321e-05;0.0130687;0.0130687;0.0645664;0.0338742;0.00195751;0.0622091;0.0622091;0.6;0.00283401;0.9557;0.974253;
51000;0.0092;0.397746;0.388888;9.86984e-05;0.012264;0.012264;0.0677487;0.0337303;0.00271565;0.0598636;0.0598636;0.673913;0.00222043;0.893301;0.975079;
51500;0.0058;0.401845;0.390489;4.0254e-05;0.0113263;0.0113263;0.0688275;0.0324924;0.00137491;0.0561858;0.0561858;1.03448;0.0018105;0.997134;0.975136;
52000;0.0088;0.403179;0.390182;1.34705e-05;0.0127835;0.0127835;0.0700443;0.0332996;0.000674984;0.0629667;0.0629667;1.15909;0.000807103;0.960699;0.976388;
52500;0.0088;0.413143;0.391035;1.35463e-05;0.011664;0.011664;0.0727395;0.0321882;0.000379822;0.0570445;0.0570445;0.863636;0.00100888;0.918014;0.975901;
53000;0.0082;0.410933;0.390484;8.9887e-05;0.0128129;0.0128129;0.0720701;0.032364;0.00236824;0.0622719;0.0622719;0.95122;0.00241984;0.882399;0.975933;
53500;0.0096;0.413558;0.388571;7.81175e-05;0.0108649;0.0108649;0.0709021;0.0333654;0.0020981;0.0547026;0.0547026;0.75;0.000605816;0.919735;0.977099;
54000;0.0086;0.417644;0.390226;5.88041e-05;0.0115138;0.0115138;0.0712609;0.0336794;0.00163193;0.0580487;0.0580487;0.930233;0.00100867;0.900006;0.976839;
54500;0.0074;0.41952;0.38738;7.83915e-05;0.0131859;0.0131859;0.070542;0.0343341;0.00260911;0.0639337;0.0639337;1.35135;0.00181342;0.967675;0.976297;
55000;0.009;0.423391;0.386108;3.412e-05;0.011187;0.011187;0.0713489;0.0347912;0.00113897;0.0558869;0.0558869;0.711111;0.00181635;0.938849;0.976695;
55500;0.0102;0.426143;0.385387;4.73492e-05;0.0133822;0.0133822;0.0711468;0.0351309;0.00131498;0.0657559;0.0657559;1.01961;0.00282885;0.967843;0.978076;
56000;0.0094;0.428649;0.386763;2.38859e-05;0.0117959;0.0117959;0.0726939;0.0334124;0.00137956;0.0588231;0.0588231;0.851064;0.00161518;0.953004;0.977168;
56500;0.0092;0.431492;0.386141;0.000103108;0.0124477;0.0124477;0.0737729;0.034141;0.0027429;0.061833;0.061833;0.978261;0.00262414;0.906149;0.977583;
57000;0.0114;0.431311;0.38827;0.000167501;0.0124317;0.0124317;0.0755398;0.032817;0.00308998;0.0617759;0.0617759;0.807018;0.00182076;0.946311;0.977198;
57500;0.0106;0.436135;0.390092;7.5149e-05;0.0115084;0.0115084;0.0754339;0.0316057;0.00191605;0.0585724;0.0585724;0.830189;0.00101071;0.947491;0.977854;
58000;0.0104;0.434906;0.391327;8.04047e-05;0.0130287;0.0130287;0.0766115;0.0313577;0.00157144;0.0652018;0.0652018;1.03846;0.00161681;0.903326;0.978319;
58500;0.0106;0.441458;0.391821;9.30736e-05;0.0130784;0.0130784;0.079068;0.0295451;0.00205227;0.0641776;0.0641776;0.943396;0.00242571;0.933622;0.977588;
59000;0.0106;0.447207;0.392119;0.000201581;0.0118939;0.0118939;0.0803338;0.028908;0.00336476;0.0591545;0.0591545;0.679245;0.00283;0.94043;0.977461;
59500;0.011;0.449124;0.392779;1.68986e-05;0.0120949;0.0120949;0.0812725;0.0277528;0.000511187;0.0609614;0.0609614;0.8;0.00222447;0.973478;0.978235;
60000;0.0072;0.456388;0.392493;0.000123188;0.0120782;0.0120782;0.0795196;0.0265933;0.00268795;0.0609755;0.0609755;1.11111;0.00362611;0.959162;0.978677;
60500;0.0096;0.455593;0.390902;8.77803e-05;0.0125281;0.0125281;0.0801109;0.0287129;0.00176692;0.0621494;0.0621494;1.10417;0.00181745;0.954212;0.978106;
61000;0.0088;0.46043;0.390556;0.000121636;0.0116782;0.0116782;0.0816992;0.0283421;0.00239288;0.0603018;0.0603018;1.11364;0.00121065;0.950136;0.978941;
61500;0.0108;0.465116;0.390653;2.71446e-05;0.0119218;0.0119218;0.0823105;0.0276655;0.000991159;0.0605924;0.0605924;0.759259;0.0024262;0.942644;0.978879;
62000;0.0098;0.463249;0.390956;4.74909e-05;0.011248;0.011248;0.0818233;0.0284395;0.00167254;0.0596141;0.0596141;1.08163;0.00201979;0.970535;0.98167;
62500;0.0106;0.467354;0.393689;0.000129158;0.0107127;0.0107127;0.0797631;0.0244775;0.00285807;0.0568063;0.0568063;0.660377;0.00283;0.929056;0.980348;
63000;0.0112;0.467476;0.394463;3.20907e-05;0.0112203;0.0112203;0.0814155;0.0240784;0.000873626;0.0595328;0.0595328;0.75;0.00242718;0.951768;0.980079;
63500;0.0118;0.466075;0.393324;1.14396e-05;0.0114866;0.0114866;0.0809255;0.0265621;0.000372338;0.0599228;0.0599228;0.779661;0.00263105;0.961871;0.980416;
64000;0.008;0.469171;0.393038;9.81467e-05;0.00929643;0.00929643;0.0790229;0.0259834;0.00191415;0.051571;0.051571;0.8;0.00181452;0.946242;0.981498;
64500;0.0074;0.472716;0.392727;0.000134397;0.0121488;0.0121488;0.0783296;0.0248138;0.0024414;0.0597901;0.0597901;1.24324;0.00241789;0.942442;0.977959;
65000;0.0088;0.472411;0.391098;0.000101597;0.0112718;0.0112718;0.0795466;0.0250261;0.00211512;0.0609455;0.0609455;1.15909;0.00201776;0.971082;0.981427;
65500;0.0106;0.46939;0.392874;0.000129294;0.0114957;0.0114957;0.0833297;0.024346;0.00236058;0.0601341;0.0601341;0.849057;0.00181928;0.917316;0.979673;
66000;0.0076;0.472942;0.393875;5.92716e-05;0.0113267;0.0113267;0.0819657;0.0237422;0.00215904;0.0588296;0.0588296;1.05263;0.00302297;0.960827;0.979447;
66500;0.0082;0.477854;0.392955;3.32575e-05;0.00809082;0.00809082;0.0800411;0.0256816;0.00148799;0.0472165;0.0472165;0.731707;0.00161323;0.977296;0.983012;
67000;0.0104;0.477854;0.393645;5.55167e-05;0.0115044;0.0115044;0.079826;0.0247711;0.00132326;0.0587417;0.0587417;0.788462;0.00282943;0.949892;0.979541;
67500;0.0094;0.481712;0.394043;8.21766e-05;0.0105579;0.0105579;0.0811282;0.0241798;0.0019409;0.0578673;0.0578673;0.914894;0.00161518;0.881338;0.982292;
68000;0.0106;0.490141;0.392111;1.91903e-05;0.010965;0.010965;0.0797865;0.0249115;0.000859659;0.0582209;0.0582209;0.924528;0.00262786;0.932263;0.981989;
68500;0.0092;0.487957;0.392205;2.17665e-06;0.00934766;0.00934766;0.0802065;0.0246091;0.000153897;0.0539758;0.0539758;0.847826;0.00222043;0.954656;0.983937;
69000;0.0098;0.488295;0.390346;8.54152e-05;0.0107143;0.0107143;0.0779548;0.025608;0.00242117;0.0549772;0.0549772;0.795918;0.00161584;0.952525;0.979073;
69500;0.0092;0.490833;0.391212;9.0083e-05;0.0103501;0.0103501;0.0790246;0.0250826;0.00171622;0.0559744;0.0559744;0.847826;0.00181671;0.908189;0.981298;
70000;0.0086;0.49313;0.390772;2.98529e-05;0.00833571;0.00833571;0.0800498;0.0255299;0.00176573;0.0501125;0.0501125;0.860465;0.00141214;0.972889;0.984213;
70500;0.0066;0.488644;0.390366;5.26861e-05;0.0101549;0.0101549;0.0802751;0.0259479;0.00165548;0.0557778;0.0557778;1.36364;0.00161063;0.972651;0.982127;
71000;0.0116;0.489879;0.391648;3.71376e-05;0.00971732;0.00971732;0.0830326;0.0247125;0.00150768;0.051769;0.051769;0.534483;0.00182113;0.964041;0.980433;
71500;0.0088;0.489653;0.392688;5.9996e-05;0.00982507;0.00982507;0.0820322;0.0262769;0.00189738;0.0547183;0.0547183;0.909091;0.00161421;0.964446;0.981935;
72000;0.009;0.489965;0.391958;7.18797e-05;0.0110836;0.0110836;0.0826842;0.0262904;0.00208323;0.059942;0.059942;1.2;0.00221998;0.973473;0.982188;
72500;0.0088;0.488143;0.390679;6.18968e-05;0.0104057;0.0104057;0.081525;0.0271888;0.00126499;0.0577447;0.0577447;1.15909;0.00201776;0.981756;0.982995;
73000;0.009;0.480173;0.391372;6.06014e-05;0.0108951;0.0108951;0.0827346;0.0270634;0.00123554;0.0568948;0.0568948;1.06667;0.00161453;0.96656;0.980173;
73500;0.0092;0.482679;0.391914;0.000166932;0.0120459;0.0120459;0.0799233;0.0297522;0.00268229;0.0609534;0.0609534;1.28261;0.00161486;0.952745;0.97981;
74000;0.0102;0.478963;0.391056;0.000103535;0.0105236;0.0105236;0.0798742;0.0296996;0.0016421;0.0579378;0.0579378;0.843137;0.00242473;0.963901;0.981633;
74500;0.0096;0.479651;0.390102;8.7612e-05;0.0109705;0.0109705;0.0812692;0.0301928;0.00194193;0.0588503;0.0588503;0.9375;0.00242326;0.978608;0.981191;
75000;0.0084;0.484887;0.390876;4.42866e-05;0.010771;0.010771;0.0797379;0.0296256;0.00101529;0.0576164;0.0576164;1;0.00302541;0.953897;0.981456;
75500;0.0104;0.488804;0.388331;6.68236e-05;0.0108105;0.0108105;0.0792457;0.0304536;0.00134321;0.0572822;0.0572822;0.807692;0.00161681;0.926621;0.980378;
76000;0.0074;0.487088;0.387558;0.000136591;0.010728;0.010728;0.0791581;0.0330614;0.00247517;0.0574148;0.0574148;1.27027;0.00120895;0.968441;0.980603;
76500;0.0096;0.482351;0.383934;0.000284599;0.010106;0.010106;0.0781346;0.0360309;0.00535161;0.0544164;0.0544164;0.791667;0.00201939;0.95774;0.980402;
77000;0.0082;0.481698;0.384181;9.97497e-05;0.00974645;0.00974645;0.0784221;0.0358586;0.00282249;0.0531062;0.0531062;0.902439;0.00120992;0.970507;0.980509;
77500;0.0064;0.487953;0.382129;4.93894e-05;0.0101264;0.0101264;0.0788026;0.0375695;0.00163583;0.0547212;0.0547212;1.15625;0.00301932;0.985971;0.980884;
78000;0.0088;0.48504;0.381791;6.6545e-05;0.0106633;0.0106633;0.0776716;0.0381603;0.00185121;0.0569299;0.0569299;1.13636;0.00141243;0.918227;0.982076;
78500;0.0102;0.487763;0.384746;9.40221e-05;0.0110605;0.0110605;0.0772572;0.036203;0.00231382;0.058631;0.058631;1.07843;0.00181855;0.951068;0.982068;
79000;0.0078;0.488048;0.385248;9.54923e-05;0.0100157;0.0100157;0.0778245;0.0397398;0.00249276;0.0547972;0.0547972;1.15385;0.00100786;0.992585;0.9815;
79500;0.0092;0.484194;0.388613;4.07449e-05;0.0099976;0.0099976;0.0794365;0.0383626;0.00131724;0.0540087;0.0540087;0.826087;0.00181671;0.967992;0.980964;
80000;0.0084;0.490255;0.390942;5.56715e-05;0.011538;0.011538;0.0792043;0.0367159;0.00156901;0.0609189;0.0609189;1.30952;0.00161355;0.95336;0.981584;
80500;0.013;0.488898;0.390574;1.40978e-05;0.0110555;0.0110555;0.0810859;0.0356484;0.000996765;0.0585145;0.0585145;0.738462;0.00182371;0.977934;0.980533;
81000;0.0088;0.497456;0.390763;6.06966e-05;0.0116163;0.0116163;0.0832571;0.0348521;0.00165229;0.0619768;0.0619768;1.34091;0.00242131;0.955376;0.983142;
81500;0.0108;0.499105;0.388731;0;0.0102564;0.0102564;0.082444;0.0371954;0;0.0564543;0.0564543;0.703704;0.00303275;0.944187;0.982447;
82000;0.006;0.506196;0.388539;5.6556e-05;0.0111058;0.0111058;0.08208;0.0377557;0.00195176;0.0602008;0.0602008;1.43333;0.00362173;0.896267;0.982188;
82500;0.01;0.505293;0.390066;9.93969e-05;0.00921263;0.00921263;0.0787221;0.0369813;0.00209873;0.0523937;0.0523937;0.62;0.00161616;0.951081;0.981995;
83000;0.0098;0.509068;0.389087;4.07104e-05;0.00953565;0.00953565;0.0783455;0.0413714;0.00137896;0.0550564;0.0550564;0.755102;0.00242375;0.935793;0.984005;
83500;0.0102;0.505654;0.387773;6.20742e-06;0.0103604;0.0103604;0.0788797;0.0388853;0.000393177;0.0573383;0.0573383;0.901961;0.00282885;0.959844;0.983056;
84000;0.0086;0.506484;0.389348;8.83654e-05;0.0105142;0.0105142;0.0810744;0.0398086;0.00196584;0.055197;0.055197;0.953488;0.00161388;0.947221;0.980528;
84500;0.01;0.50926;0.388946;7.72457e-05;0.010114;0.010114;0.0835927;0.0405414;0.00201237;0.0558415;0.0558415;0.96;0.00222222;0.964184;0.982914;
85000;0.0092;0.516707;0.391432;0.000114331;0.00953377;0.00953377;0.0836626;0.0373004;0.00258567;0.051383;0.051383;0.695652;0.00242229;0.982541;0.980764;
85500;0.0116;0.512412;0.394669;5.44421e-05;0.00907696;0.00907696;0.0813675;0.0351372;0.00151649;0.0522965;0.0522965;0.62069;0.00242817;0.985346;0.98384;
86000;0.0098;0.509724;0.395154;2.70042e-05;0.00937051;0.00937051;0.0811096;0.0342638;0.00132244;0.0524872;0.0524872;0.734694;0.00181781;0.952943;0.982896;
86500;0.0088;0.515435;0.394698;5.51125e-05;0.0091043;0.0091043;0.0785727;0.0344806;0.00137258;0.0506037;0.0506037;0.772727;0.00181598;0.958025;0.981977;
87000;0.009;0.518629;0.391375;1.27099e-05;0.00929984;0.00929984;0.0770543;0.0365258;0.000330695;0.0534758;0.0534758;0.8;0.00262361;0.977908;0.983213;
87500;0.0088;0.518209;0.39098;5.73661e-05;0.0108448;0.0108448;0.0760261;0.0370188;0.00111102;0.0574204;0.0574204;1.04545;0.00201776;0.955652;0.981547;
88000;0.0102;0.523533;0.391439;0.000129188;0.00976258;0.00976258;0.0750776;0.0390352;0.0023723;0.0555523;0.0555523;1;0.00202061;0.974371;0.98425;
88500;0.0108;0.523972;0.392205;0.000131752;0.00717939;0.00717939;0.0775497;0.039528;0.00274381;0.0459478;0.0459478;0.518519;0.00202184;0.968098;0.985969;
89000;0.0114;0.529884;0.390819;8.77528e-05;0.0097066;0.0097066;0.076318;0.041408;0.00172831;0.0560994;0.0560994;0.736842;0.00283229;0.954516;0.98415;
89500;0.0098;0.533065;0.392364;0.000284758;0.0107445;0.0107445;0.0776772;0.0415303;0.00368469;0.0581326;0.0581326;0.877551;0.00343365;0.938611;0.982659;
90000;0.0088;0.538764;0.391909;0.000168443;0.00874217;0.00874217;0.0757061;0.0433039;0.00302603;0.0519261;0.0519261;0.818182;0.00201776;0.955057;0.985195;
90500;0.0104;0.536675;0.393331;7.87692e-05;0.00926765;0.00926765;0.0763635;0.0409564;0.00168553;0.0522603;0.0522603;0.711538;0.00262732;0.968523;0.9834;
91000;0.0092;0.536892;0.392702;9.46364e-05;0.00985372;0.00985372;0.0734692;0.0424926;0.0024696;0.0553694;0.0553694;1;0.00222043;0.938151;0.9842;
91500;0.0096;0.538085;0.396781;0.000106497;0.0090954;0.0090954;0.077426;0.0389523;0.00271912;0.0530088;0.0530088;0.9375;0.00141357;0.991097;0.984788;
92000;0.0092;0.539859;0.394001;6.32031e-05;0.00876975;0.00876975;0.0780319;0.0427711;0.00184274;0.0517974;0.0517974;0.869565;0.001413;0.954692;0.984714;
92500;0.0094;0.542307;0.393852;0.000115032;0.00929761;0.00929761;0.074964;0.0419306;0.00185484;0.0535559;0.0535559;0.893617;0.00201898;0.971294;0.98367;
93000;0.0068;0.543254;0.395071;0.000122185;0.0109559;0.0109559;0.0714134;0.0400216;0.00131832;0.0597603;0.0597603;1.82353;0.00201369;0.94469;0.983893;
93500;0.008;0.547738;0.391532;4.36265e-05;0.00797944;0.00797944;0.0693693;0.0424644;0.000696015;0.0480906;0.0480906;0.85;0.00120968;0.985095;0.984266;
94000;0.009;0.549997;0.391922;1.91895e-05;0.00976271;0.00976271;0.0709737;0.0411431;0.000665781;0.0563988;0.0563988;1.08889;0.00262361;0.953336;0.985406;
94500;0.0086;0.549378;0.390747;1.35279e-05;0.0072752;0.0072752;0.0721726;0.0412431;0.000623955;0.0463084;0.0463084;0.651163;0.00181561;0.973233;0.986143;
95000;0.0084;0.547047;0.390494;6.65118e-05;0.0083978;0.0083978;0.0722747;0.0414222;0.00150493;0.0491757;0.0491757;0.714286;0.00181525;0.947352;0.983833;
95500;0.0088;0.547676;0.3916;7.63051e-06;0.0103447;0.0103447;0.0744518;0.039742;0.000446765;0.0583406;0.0583406;1.27273;0.00322841;0.98471;0.985645;
96000;0.01;0.547723;0.394603;6.89924e-05;0.0100589;0.0100589;0.0737952;0.0385373;0.0018208;0.0560238;0.0560238;1.1;0.00222222;0.939913;0.985241;
96500;0.0082;0.548036;0.396227;0;0.00854748;0.00854748;0.0701973;0.0392679;0;0.0523429;0.0523429;1.09756;0.00201654;0.982378;0.986829;
97000;0.0082;0.549205;0.394275;0;0.00946265;0.00946265;0.0677022;0.0402615;0;0.0552476;0.0552476;1.21951;0.00241984;0.945019;0.98606;
97500;0.0108;0.550278;0.396307;4.04566e-05;0.00810869;0.00810869;0.067765;0.0392657;0.00111904;0.0511111;0.0511111;0.851852;0.00141529;0.972215;0.98761;
98000;0.0092;0.549645;0.396656;0.000135045;0.00983149;0.00983149;0.0690747;0.0386146;0.00415275;0.0554555;0.0554555;1.21739;0.00181671;0.964696;0.985012;
98500;0.0082;0.549146;0.396262;0.000164159;0.00903836;0.00903836;0.069613;0.0358802;0.00378381;0.0525832;0.0525832;0.97561;0.00201654;0.976413;0.984901;
99000;0.0094;0.547166;0.396312;0.000143113;0.00950974;0.00950974;0.0708341;0.0328972;0.00302787;0.0532926;0.0532926;1;0.00242277;0.971168;0.984498;
99500;0.0104;0.545085;0.397127;9.18214e-05;0.0103408;0.0103408;0.0685679;0.030527;0.00254557;0.0580751;0.0580751;1.07692;0.00242522;0.936303;0.985195;
100000;0.01;0.540722;0.398025;5.38968e-05;0.00839224;0.00839224;0.0683622;0.0292289;0.00144582;0.0514799;0.0514799;0.84;0.00141414;0.951581;0.985932;
100500;0.0096;0.544104;0.398271;0;0.0102175;0.0102175;0.0700712;0.0285214;0;0.0571405;0.0571405;1.10417;0.00181745;0.977518;0.984253;
101000;0.0104;0.540767;0.399859;0.000324246;0.00961685;0.00961685;0.0698628;0.0276588;0.00536901;0.0531613;0.0531613;0.730769;0.00161681;0.915234;0.982758;
101500;0.0094;0.54278;0.401226;5.1859e-05;0.0095462;0.0095462;0.0710815;0.0276154;0.00135265;0.0548119;0.0548119;1.04255;0.00242277;0.956817;0.984802;
102000;0.01;0.543987;0.399245;0.000167968;0.00783127;0.00783127;0.0692783;0.0281013;0.00309077;0.0474309;0.0474309;0.74;0.00141414;0.961835;0.985135;
102500;0.0064;0.544211;0.398709;7.16902e-05;0.00910724;0.00910724;0.0714854;0.0297586;0.00190612;0.0527578;0.0527578;1.375;0.00140902;0.976834;0.984658;
103000;0.0078;0.542884;0.400032;0.000127147;0.00907668;0.00907668;0.0710341;0.0309462;0.00263407;0.0513073;0.0513073;1.07692;0.00201572;0.970297;0.983701;
103500;0.0104;0.546837;0.400148;5.12203e-05;0.00845736;0.00845736;0.0684108;0.030644;0.00158124;0.050259;0.050259;0.865385;0.000808407;0.988113;0.98488;
104000;0.0092;0.547471;0.400969;0.000127868;0.0101298;0.0101298;0.06881;0.0303823;0.00313391;0.0577212;0.0577212;1.3913;0.00222043;0.962888;0.986455;
104500;0.0096;0.551613;0.400978;3.338e-05;0.0100491;0.0100491;0.0698107;0.0300801;0.00107264;0.0565546;0.0565546;1.1875;0.00181745;0.967396;0.985135;
105000;0.008;0.556836;0.402248;6.65284e-05;0.0077511;0.0077511;0.0674937;0.0286884;0.00164195;0.0473549;0.0473549;0.9;0.00221774;0.962938;0.986599;
105500;0.009;0.557487;0.402233;0.000165689;0.00947352;0.00947352;0.0650826;0.028328;0.00261187;0.0540759;0.0540759;1.06667;0.00181635;0.978341;0.984213;
106000;0.0092;0.554706;0.405003;0.000109885;0.00911836;0.00911836;0.0634723;0.0284414;0.00186354;0.052691;0.052691;1.04348;0.00222043;0.967284;0.985567;
106500;0.008;0.553268;0.404215;2.18427e-05;0.00727709;0.00727709;0.0621855;0.0285546;0.000479315;0.0472028;0.0472028;0.975;0.000604839;0.96552;0.987215;
107000;0.011;0.554341;0.402145;4.55675e-05;0.00981681;0.00981681;0.0622052;0.0279601;0.00116363;0.0554296;0.0554296;0.981818;0.00202224;0.987798;0.984601;
107500;0.0136;0.557132;0.403776;0.000162332;0.00955483;0.00955483;0.0651956;0.0284839;0.00300381;0.0549159;0.0549159;0.779412;0.00182482;0.971767;0.985196;
108000;0.011;0.557502;0.400942;0.000137474;0.00869173;0.00869173;0.0656166;0.029502;0.00278255;0.0511271;0.0511271;0.709091;0.00182002;0.933485;0.985106;
108500;0.0094;0.557484;0.400909;0.00025055;0.00919506;0.00919506;0.0643414;0.0291978;0.00355959;0.052646;0.052646;1.04255;0.00121139;0.927733;0.984856;
109000;0.0088;0.55758;0.399854;0.000120586;0.00772681;0.00772681;0.0653849;0.0315717;0.00261821;0.0473815;0.0473815;0.818182;0.00201776;0.954835;0.986167;
109500;0.0108;0.56058;0.40102;2.0896e-05;0.00803287;0.00803287;0.0630964;0.0322584;0.000902018;0.0484216;0.0484216;0.648148;0.00222402;0.970562;0.985609;
110000;0.0078;0.561183;0.400329;5.19993e-05;0.00793103;0.00793103;0.0654077;0.0334941;0.00154831;0.0482532;0.0482532;0.923077;0.00262044;0.962372;0.986298;
110500;0.0092;0.561565;0.399574;2.25079e-05;0.00837686;0.00837686;0.0637518;0.0346678;0.000908851;0.051264;0.051264;1;0.00242229;0.985753;0.987231;
111000;0.0086;0.563885;0.398356;0.000135915;0.00810661;0.00810661;0.0602223;0.0389399;0.00302344;0.0494674;0.0494674;0.906977;0.00201735;0.962748;0.98668;
111500;0.0102;0.561092;0.398233;6.01542e-05;0.0086936;0.0086936;0.059752;0.0413661;0.00188103;0.0510905;0.0510905;0.921569;0.00181855;0.983623;0.985625;
112000;0.0106;0.558792;0.398376;5.57036e-05;0.0090073;0.0090073;0.0600703;0.0407152;0.00133647;0.0508041;0.0508041;0.754717;0.00222357;0.951495;0.984154;
112500;0.0098;0.556908;0.396666;2.20631e-05;0.00956277;0.00956277;0.0569328;0.0407333;0.00143345;0.0549958;0.0549958;1.14286;0.00282771;0.94924;0.986615;
113000;0.0116;0.556454;0.396773;5.35619e-05;0.0090925;0.0090925;0.0603183;0.041426;0.00169199;0.0515845;0.0515845;0.706897;0.00263051;0.999609;0.984635;
113500;0.0106;0.55753;0.394956;0.000156086;0.00849456;0.00849456;0.0603665;0.0422767;0.00263207;0.0516023;0.0516023;0.754717;0.00202143;0.965184;0.985771;
114000;0.0126;0.558807;0.391472;0.000159796;0.00769539;0.00769539;0.0602392;0.0410535;0.00256965;0.0482652;0.0482652;0.619048;0.00182297;0.949764;0.987314;
114500;0.0076;0.562905;0.392693;0.000100824;0.00931382;0.00931382;0.058193;0.0412592;0.00184752;0.0535384;0.0535384;1.39474;0.00181378;0.962334;0.985569;
115000;0.0092;0.564702;0.39059;9.43555e-05;0.00841326;0.00841326;0.0602866;0.0439969;0.00235844;0.0494591;0.0494591;0.891304;0.00222043;0.96654;0.985639;
115500;0.0088;0.560487;0.387105;3.00128e-05;0.00702458;0.00702458;0.0610744;0.0465745;0.00150034;0.045555;0.045555;0.75;0.000807103;0.888905;0.987207;
116000;0.0086;0.559045;0.38812;8.08954e-05;0.00843838;0.00843838;0.0619797;0.0443719;0.00222228;0.0503687;0.0503687;0.906977;0.00262255;0.979083;0.985732;
116500;0.0066;0.563539;0.38906;0.000253539;0.00828184;0.00828184;0.0597729;0.0446861;0.00386372;0.0482008;0.0482008;1.09091;0.00241595;0.982616;0.98495;
117000;0.0096;0.562089;0.389996;5.05198e-05;0.0087188;0.0087188;0.0643689;0.0432129;0.00125279;0.0527647;0.0527647;0.9375;0.00161551;0.958884;0.986348;
117500;0.0098;0.559942;0.390554;7.5406e-05;0.00849317;0.00849317;0.0655733;0.0435459;0.00192469;0.0502362;0.0502362;0.734694;0.00201979;0.936901;0.985336;
118000;0.009;0.563729;0.387544;4.27399e-05;0.00819805;0.00819805;0.0670979;0.0425974;0.00193365;0.0505248;0.0505248;0.911111;0.00181635;0.972133;0.986673;
118500;0.0106;0.563494;0.388811;8.28022e-06;0.00901747;0.00901747;0.0626191;0.0442027;0.000488181;0.0543362;0.0543362;0.830189;0.00283;0.954294;0.986855;
119000;0.011;0.564438;0.390619;0.00011364;0.00857319;0.00857319;0.0624797;0.0432672;0.00244367;0.0492887;0.0492887;0.763636;0.00202224;0.972644;0.985053;
119500;0.0084;0.56965;0.390253;0.000161105;0.00914646;0.00914646;0.0628568;0.0441462;0.00246277;0.0522817;0.0522817;1.09524;0.00242033;0.981107;0.984817;
120000;0.0098;0.570437;0.388926;5.95041e-05;0.00914863;0.00914863;0.0631827;0.0470395;0.00155425;0.053141;0.053141;1.02041;0.00201979;0.961943;0.986094;
120500;0.0078;0.57735;0.384487;0.00015657;0.0077139;0.0077139;0.0624675;0.0484043;0.00245216;0.0482738;0.0482738;0.974359;0.00161258;0.973726;0.986139;
121000;0.0088;0.572285;0.382412;0.000172416;0.00726863;0.00726863;0.0621693;0.0490644;0.00328559;0.0466979;0.0466979;0.818182;0.00181598;0.972565;0.986868;
121500;0.0084;0.573614;0.379253;4.9534e-05;0.00841589;0.00841589;0.0613382;0.0529931;0.0019074;0.0506185;0.0506185;1.04762;0.00121017;0.937563;0.986509;
122000;0.0118;0.571895;0.379122;9.00229e-05;0.00855071;0.00855071;0.0612354;0.0509342;0.00237821;0.0528839;0.0528839;0.711864;0.00242866;0.96943;0.986856;
122500;0.0104;0.574835;0.382828;2.60143e-05;0.00877066;0.00877066;0.0645125;0.0482213;0.000599094;0.0527951;0.0527951;1;0.00161681;0.937597;0.987428;
123000;0.0084;0.575766;0.382939;0.000134575;0.00588394;0.00588394;0.0638649;0.0460323;0.00321557;0.0407044;0.0407044;0.619048;0.00121017;0.969125;0.988036;
123500;0.0096;0.582701;0.386724;5.1542e-05;0.00892115;0.00892115;0.060796;0.0448876;0.00131842;0.0538794;0.0538794;1.08333;0.00222132;0.929873;0.987728;
124000;0.008;0.582582;0.385345;0.000102069;0.00866381;0.00866381;0.0589698;0.0446164;0.00182849;0.0520891;0.0520891;1.3;0.00141129;0.958589;0.986954;
124500;0.0084;0.583187;0.382435;1.35489e-05;0.00789716;0.00789716;0.0598012;0.0441788;0.000603547;0.0483397;0.0483397;0.809524;0.00262203;0.933254;0.986755;
125000;0.0106;0.580094;0.383062;1.25778e-05;0.00906739;0.00906739;0.0613866;0.0423755;0.000644567;0.0529295;0.0529295;0.830189;0.00323428;0.98205;0.986085;
125500;0.0052;0.577153;0.383136;8.53152e-05;0.00782695;0.00782695;0.0644325;0.0444425;0.00237715;0.0498611;0.0498611;1.76923;0.00140732;0.959326;0.988272;
126000;0.0096;0.579136;0.38342;1.60957e-05;0.00708123;0.00708123;0.0648827;0.0454274;0.000543254;0.0462971;0.0462971;0.791667;0.00201939;0.973131;0.988343;
126500;0.0072;0.58271;0.380817;0.000130426;0.00713069;0.00713069;0.0642162;0.0469597;0.00256616;0.0452455;0.0452455;0.972222;0.00141015;0.984956;0.986327;
127000;0.011;0.579593;0.380926;9.61518e-05;0.00841749;0.00841749;0.066611;0.0451017;0.00219308;0.0508015;0.0508015;0.8;0.00202224;0.925719;0.986778;
127500;0.0078;0.58965;0.379514;8.89365e-06;0.00878429;0.00878429;0.0662119;0.0458196;0.000444593;0.0522941;0.0522941;1.10256;0.00262044;0.985659;0.986122;
128000;0.0072;0.590159;0.377474;1.06538e-05;0.00741068;0.00741068;0.0652201;0.0469456;0.000607208;0.0476786;0.0476786;1.05556;0.00181305;0.973884;0.987969;
128500;0.0092;0.596354;0.374382;0.000141757;0.00815587;0.00815587;0.0639528;0.0491458;0.00294367;0.0524519;0.0524519;0.956522;0.00222043;0.966281;0.988543;
129000;0.0078;0.596351;0.374648;0.000142339;0.00641802;0.00641802;0.0619971;0.0489987;0.00271901;0.0417147;0.0417147;0.692308;0.00161258;0.987699;0.98731;
129500;0.0098;0.599317;0.371682;0.000125691;0.00949992;0.00949992;0.0618372;0.0509286;0.00289505;0.0556952;0.0556952;1.02041;0.00282771;0.972576;0.986506;
130000;0.0106;0.599772;0.37492;5.9069e-05;0.00802463;0.00802463;0.061464;0.049623;0.00248369;0.0507652;0.0507652;0.849057;0.00101071;0.966305;0.987854;
130500;0.0084;0.596555;0.376832;4.14194e-05;0.00907207;0.00907207;0.061137;0.0500541;0.00127183;0.0542921;0.0542921;1.16667;0.0034288;0.978326;0.987306;
131000;0.01;0.595191;0.375001;5.02059e-05;0.0095727;0.0095727;0.0587249;0.0502888;0.00125351;0.0551112;0.0551112;1.18;0.00141414;0.976489;0.985872;
131500;0.0074;0.591702;0.376454;5.50832e-06;0.00730442;0.00730442;0.0591067;0.0484283;0.000270135;0.0483228;0.0483228;1.05405;0.00201491;0.96226;0.988814;
132000;0.0104;0.590947;0.380302;2.83672e-05;0.00794616;0.00794616;0.0596368;0.0486484;0.00112671;0.0506253;0.0506253;0.903846;0.00181892;0.954872;0.988558;
132500;0.0086;0.594498;0.374576;2.80894e-05;0.00682316;0.00682316;0.057103;0.047314;0.0014102;0.0450098;0.0450098;0.837209;0.00201735;0.966854;0.988719;
133000;0.0082;0.59817;0.37286;0.000136645;0.0081701;0.0081701;0.0579633;0.0498707;0.0028388;0.0501392;0.0501392;1.09756;0.00181488;0.935117;0.987396;
133500;0.008;0.596732;0.372192;0.000121528;0.00832578;0.00832578;0.0572107;0.0500931;0.00282444;0.0521681;0.0521681;1.15;0.00262097;0.99109;0.988046;
134000;0.0096;0.59122;0.371629;3.82538e-05;0.00781944;0.00781944;0.0578126;0.0509408;0.00125196;0.0487226;0.0487226;0.8125;0.00242326;0.929893;0.987289;
134500;0.0102;0.594938;0.371519;7.98798e-05;0.00701607;0.00701607;0.057901;0.0528908;0.00206058;0.0450718;0.0450718;0.647059;0.00181855;0.998197;0.987176;
135000;0.0094;0.594041;0.369506;4.30752e-05;0.00822495;0.00822495;0.0576359;0.0529099;0.000825736;0.0503716;0.0503716;1.04255;0.00222088;0.976227;0.9872;
135500;0.0096;0.594432;0.371255;0.000170309;0.00863907;0.00863907;0.0570503;0.0530426;0.00232409;0.0534004;0.0534004;1.04167;0.00282714;0.938881;0.988266;
136000;0.0086;0.592295;0.371446;7.77351e-05;0.00753729;0.00753729;0.0600532;0.0547424;0.00138795;0.0481134;0.0481134;0.883721;0.00181561;0.966965;0.987092;
136500;0.0096;0.595476;0.372741;0.000118941;0.00828304;0.00828304;0.0602202;0.0542085;0.00242727;0.0521538;0.0521538;0.833333;0.00302908;0.95559;0.987592;
137000;0.012;0.598116;0.373655;0.000142526;0.00886744;0.00886744;0.0577756;0.0544495;0.00230857;0.0535701;0.0535701;0.75;0.00303644;0.957239;0.98719;
137500;0.0084;0.595943;0.372066;0.000109079;0.00794554;0.00794554;0.0585003;0.0524181;0.00195037;0.0491708;0.0491708;0.833333;0.00181525;0.964506;0.985911;
138000;0.0096;0.599659;0.373385;7.35055e-05;0.00800994;0.00800994;0.0576261;0.0557346;0.0015936;0.0505398;0.0505398;0.875;0.00242326;0.963799;0.988309;
138500;0.0092;0.598584;0.37112;0.000124674;0.00883119;0.00883119;0.0548948;0.05336;0.00269252;0.0531419;0.0531419;1.06522;0.002826;0.965291;0.98761;
139000;0.0086;0.594427;0.366445;0.000146606;0.00831769;0.00831769;0.0569938;0.0558079;0.0026453;0.0513724;0.0513724;1.06977;0.00221908;0.931085;0.987505;
139500;0.0076;0.597282;0.367938;0.000223469;0.00786925;0.00786925;0.0548438;0.0579296;0.00336104;0.0484592;0.0484592;1.10526;0.00161225;0.994586;0.986557;
140000;0.0102;0.599403;0.373398;7.94905e-05;0.00754015;0.00754015;0.0520443;0.0568801;0.00199002;0.047685;0.047685;0.823529;0.00181855;0.96777;0.988034;
140500;0.0066;0.596462;0.374235;0.000183309;0.0092438;0.0092438;0.0501555;0.0577944;0.00264406;0.0531763;0.0531763;1.57576;0.00241595;0.978324;0.984958;
141000;0.0082;0.59933;0.371172;0.000205297;0.0084248;0.0084248;0.0494973;0.0573231;0.00284202;0.050162;0.050162;1;0.0026215;0.958413;0.985893;
141500;0.0102;0.600708;0.372639;9.29873e-05;0.00760965;0.00760965;0.0482701;0.0559966;0.00172553;0.0478823;0.0478823;0.803922;0.00161649;0.971454;0.987017;
142000;0.0122;0.600582;0.373984;5.10256e-05;0.00747046;0.00747046;0.0484621;0.0557943;0.00142097;0.0468353;0.0468353;0.622951;0.0020247;0.985072;0.987292;
142500;0.0074;0.600217;0.369049;0.000105572;0.00784529;0.00784529;0.048729;0.0541488;0.00274819;0.0481649;0.0481649;1.13514;0.00141044;0.96153;0.986861;
143000;0.0118;0.599802;0.372609;7.92086e-05;0.00932882;0.00932882;0.0471907;0.0512112;0.0017406;0.0563893;0.0563893;1.08475;0.00202388;0.970951;0.988411;
143500;0.0088;0.597614;0.372714;7.71892e-05;0.00746083;0.00746083;0.0472777;0.0510591;0.00233999;0.0484739;0.0484739;1.13636;0.000807103;0.976851;0.988579;
144000;0.0096;0.596055;0.370217;1.56097e-05;0.00811675;0.00811675;0.0474095;0.050716;0.000786988;0.0512137;0.0512137;0.958333;0.00302908;0.970545;0.989062;
144500;0.0094;0.59722;0.37161;0.000150059;0.0090052;0.0090052;0.050412;0.0505477;0.0032832;0.0538528;0.0538528;1.19149;0.00222088;0.956835;0.987648;
145000;0.0066;0.597918;0.371542;4.11621e-05;0.00756219;0.00756219;0.0492662;0.0519883;0.000927446;0.0473461;0.0473461;1.24242;0.00161063;0.999084;0.987219;
145500;0.0092;0.600498;0.365579;5.01183e-05;0.00707217;0.00707217;0.0481345;0.0499649;0.00158438;0.0487233;0.0487233;0.869565;0.00222043;0.992688;0.989803;
146000;0.01;0.600271;0.367622;6.85781e-05;0.00819227;0.00819227;0.0496504;0.051804;0.0018642;0.051404;0.051404;0.88;0.0030303;0.961659;0.988369;
146500;0.009;0.596665;0.365728;0.000158439;0.00820297;0.00820297;0.0504049;0.0521013;0.00226545;0.0511236;0.0511236;1.11111;0.00221998;0.988666;0.987955;
147000;0.0096;0.597858;0.36649;8.05222e-05;0.00775482;0.00775482;0.0503817;0.0547053;0.00162652;0.0483376;0.0483376;0.875;0.00201939;0.99617;0.986962;
147500;0.0084;0.599733;0.365596;6.13904e-05;0.00682934;0.00682934;0.0508799;0.0544047;0.00147206;0.0436841;0.0436841;0.857143;0.000806777;0.936085;0.988176;
148000;0.011;0.604859;0.36083;3.67855e-05;0.00776014;0.00776014;0.0489537;0.0547585;0.00109639;0.0498747;0.0498747;0.872727;0.000808898;0.971108;0.988497;
148500;0.0086;0.607068;0.358234;7.56193e-05;0.00812164;0.00812164;0.0465446;0.0546353;0.00240393;0.0507143;0.0507143;0.906977;0.00282429;0.953588;0.988021;
149000;0.0082;0.606921;0.360483;6.88077e-05;0.0071902;0.0071902;0.0485061;0.0545699;0.00132776;0.0477315;0.0477315;0.97561;0.00241984;0.965892;0.988838;
149500;0.011;0.608889;0.360722;0.000112977;0.00844969;0.00844969;0.0454072;0.0540639;0.00187596;0.051764;0.051764;0.981818;0.00202224;0.962548;0.987845;
150000;0.0104;0.610148;0.365154;0.000202531;0.00829731;0.00829731;0.0461188;0.0555187;0.00336684;0.0493887;0.0493887;0.865385;0.00121261;0.932079;0.986494;
150500;0.0114;0.611111;0.363008;2.60984e-05;0.00804089;0.00804089;0.0441056;0.0564456;0.00137615;0.0504947;0.0504947;0.666667;0.0032369;0.984288;0.988035;
151000;0.0096;0.61122;0.363208;1.68641e-05;0.00760783;0.00760783;0.0437592;0.0540046;0.000653839;0.0498079;0.0498079;0.979167;0.00141357;0.964182;0.989011;
151500;0.0108;0.609533;0.360252;9.76617e-05;0.00831672;0.00831672;0.0431842;0.0546361;0.0028429;0.0517025;0.0517025;0.944444;0.0012131;0.994429;0.987531;
152000;0.0128;0.610512;0.360855;3.5984e-05;0.00826655;0.00826655;0.0423078;0.0525389;0.00135136;0.051642;0.051642;0.8125;0.00141815;0.982717;0.987822;
152500;0.0104;0.609206;0.362175;8.39232e-05;0.00802697;0.00802697;0.0418419;0.0548556;0.00242029;0.050057;0.050057;0.846154;0.00222312;0.964174;0.988;
153000;0.0108;0.610412;0.363836;8.65572e-05;0.00822778;0.00822778;0.0415997;0.0548732;0.0021635;0.0517809;0.0517809;0.833333;0.0024262;0.985217;0.988323;
153500;0.01;0.610357;0.364515;3.08879e-05;0.00832841;0.00832841;0.0407339;0.0534007;0.00109009;0.0530893;0.0530893;1.04;0.00181818;0.968705;0.989062;
154000;0.0084;0.610442;0.365701;5.46414e-05;0.00752446;0.00752446;0.0405574;0.0537117;0.00148823;0.0487921;0.0487921;1.11905;0.00141186;0.988781;0.988757;
154500;0.0072;0.609844;0.363361;7.92287e-05;0.00671073;0.00671073;0.0423019;0.0548711;0.0026936;0.0450626;0.0450626;1.02778;0.0012087;0.973766;0.988353;
155000;0.0072;0.612251;0.362281;3.00593e-05;0.00730009;0.00730009;0.0410622;0.0571485;0.00127272;0.0497894;0.0497894;1.22222;0.00181305;0.965268;0.990506;
155500;0.0092;0.609032;0.36015;4.79958e-05;0.00703877;0.00703877;0.0442312;0.0573027;0.00141622;0.0467094;0.0467094;0.934783;0.001413;0.973627;0.989112;
156000;0.01;0.607463;0.358502;4.07913e-05;0.0077516;0.0077516;0.0443525;0.0584909;0.00159907;0.0504094;0.0504094;0.9;0.0020202;0.942614;0.989132;
156500;0.01;0.606033;0.355859;0.000115318;0.00903054;0.00903054;0.0441047;0.0568225;0.00267977;0.053203;0.053203;0.98;0.00262626;0.959417;0.987084;
157000;0.0118;0.607316;0.351392;6.09394e-05;0.00818512;0.00818512;0.0435673;0.0583696;0.00154696;0.0515863;0.0515863;0.915254;0.00121433;0.978125;0.988325;
157500;0.0096;0.607069;0.35139;4.86829e-05;0.00732276;0.00732276;0.0444532;0.0597166;0.00154944;0.048821;0.048821;0.8125;0.00161551;0.980755;0.988623;
158000;0.0124;0.6075;0.347278;3.22673e-05;0.0083495;0.0083495;0.04199;0.0583163;0.000943925;0.0523466;0.0523466;0.774194;0.00243013;0.982263;0.988426;
158500;0.0102;0.605639;0.346082;0.000121539;0.00856454;0.00856454;0.0437801;0.0603338;0.0026789;0.0525348;0.0525348;1.05882;0.00141443;0.986709;0.988041;
159000;0.0098;0.607636;0.350239;0.000219244;0.00735451;0.00735451;0.0448713;0.0578376;0.00371595;0.0471365;0.0471365;0.77551;0.00141386;0.983833;0.987555;
159500;0.01;0.604377;0.356523;0.000162726;0.0093372;0.0093372;0.0466675;0.0572425;0.00294715;0.056791;0.056791;1;0.00343434;0.968347;0.988003;
160000;0.0078;0.601313;0.357897;0.000205917;0.00908056;0.00908056;0.048928;0.057148;0.00365638;0.0537334;0.0537334;1.30769;0.00221729;0.977062;0.986692;
160500;0.0088;0.604302;0.361631;2.28336e-05;0.00685425;0.00685425;0.0489751;0.0566209;0.000939719;0.0458834;0.0458834;0.681818;0.00201776;0.947024;0.988159;
161000;0.0114;0.607719;0.362515;9.21275e-05;0.00816992;0.00816992;0.0467058;0.0584782;0.002456;0.0512782;0.0512782;0.877193;0.00161845;0.97931;0.987835;
161500;0.0106;0.606204;0.362164;0.000120089;0.00721182;0.00721182;0.047717;0.0596484;0.00216362;0.0465099;0.0465099;0.641509;0.00222357;0.979655;0.987683;
162000;0.01;0.60537;0.356162;7.95168e-05;0.00752588;0.00752588;0.046791;0.0602328;0.0016284;0.0486085;0.0486085;0.76;0.00282828;0.986437;0.987991;
162500;0.0108;0.603633;0.35782;6.4408e-05;0.00858801;0.00858801;0.0494033;0.0590925;0.00126723;0.0534699;0.0534699;0.87037;0.00262839;0.973712;0.98762;
163000;0.0074;0.599226;0.358188;3.7503e-05;0.00749861;0.00749861;0.0509901;0.0590992;0.00115577;0.0485076;0.0485076;1.21622;0.00141044;0.993685;0.988018;
163500;0.0106;0.600338;0.359428;9.76855e-05;0.0075532;0.0075532;0.0517988;0.0587204;0.00275366;0.0484243;0.0484243;0.679245;0.00222357;0.960793;0.987726;
164000;0.01;0.596934;0.364548;0.000144803;0.00925719;0.00925719;0.0504949;0.0586173;0.00313703;0.0551397;0.0551397;1.18;0.00181818;0.979325;0.987407;
164500;0.0094;0.597251;0.367051;5.17269e-05;0.0078086;0.0078086;0.052537;0.0573618;0.00145602;0.0499349;0.0499349;0.87234;0.00201898;0.952265;0.987936;
165000;0.0088;0.597074;0.363672;7.91926e-05;0.00905174;0.00905174;0.0500729;0.0548855;0.00150481;0.0541077;0.0541077;1.11364;0.00242131;0.970924;0.986534;
165500;0.012;0.597896;0.361385;9.75554e-05;0.00687651;0.00687651;0.0489055;0.0548398;0.00195752;0.0460128;0.0460128;0.566667;0.00202429;0.982506;0.988472;
166000;0.01;0.599879;0.367023;2.11561e-05;0.00727211;0.00727211;0.0491129;0.0548349;0.000943679;0.0465982;0.0465982;0.74;0.0020202;0.966325;0.98733;
166500;0.009;0.6044;0.366358;4.7331e-05;0.00747511;0.00747511;0.0491959;0.0548197;0.00108797;0.048791;0.048791;0.866667;0.00221998;0.966393;0.988414;
167000;0.0074;0.600997;0.365566;8.18876e-05;0.00921904;0.00921904;0.0508159;0.0541396;0.00207663;0.0554447;0.0554447;1.48649;0.0022164;0.954732;0.987438;
167500;0.008;0.608067;0.368831;8.05898e-05;0.00727398;0.00727398;0.0494575;0.0539574;0.0018624;0.0484997;0.0484997;1.15;0.00221774;0.962001;0.989748;
168000;0.0096;0.608954;0.365852;0.000142879;0.00781856;0.00781856;0.0479143;0.0535995;0.00275963;0.0495363;0.0495363;1.0625;0.00141357;0.962525;0.988644;
168500;0.0106;0.613293;0.369351;5.46536e-05;0.00760758;0.00760758;0.0485425;0.0537129;0.00135066;0.0494276;0.0494276;0.811321;0.00202143;0.970076;0.988624;
169000;0.0094;0.614785;0.365695;0.000118665;0.00797894;0.00797894;0.0501253;0.054861;0.00194169;0.0504357;0.0504357;1.19149;0.00242277;0.982063;0.989123;
169500;0.009;0.618139;0.365572;0.000119927;0.00810232;0.00810232;0.0485994;0.0565667;0.00275637;0.0508857;0.0508857;1.22222;0.00181635;0.95252;0.988683;
170000;0.0096;0.616129;0.36912;3.67303e-05;0.0075989;0.0075989;0.0472583;0.0545747;0.00140623;0.0510367;0.0510367;0.979167;0.0026252;0.945494;0.990314;
170500;0.0082;0.617353;0.370885;0.000122653;0.00664757;0.00664757;0.0463123;0.057908;0.00296613;0.0433987;0.0433987;0.926829;0.00201654;0.982694;0.988682;
171000;0.0088;0.614801;0.366989;8.20697e-05;0.00780141;0.00780141;0.0461074;0.0569634;0.00246109;0.0492252;0.0492252;0.863636;0.00282486;0.928585;0.988143;
171500;0.0104;0.612335;0.365084;0.000220407;0.00790284;0.00790284;0.0472084;0.0580526;0.00404278;0.0493845;0.0493845;0.865385;0.00202102;0.966497;0.987764;
172000;0.0086;0.614056;0.364084;5.0229e-05;0.00779985;0.00779985;0.0446791;0.05773;0.00167444;0.050608;0.050608;1.16279;0.00161388;0.958069;0.989241;
172500;0.0108;0.614535;0.367618;0.000101381;0.00746469;0.00746469;0.0465587;0.0571853;0.00253594;0.048945;0.048945;0.888889;0.00181965;0.9784;0.989302;
173000;0.0074;0.615821;0.368118;0.000146659;0.00683696;0.00683696;0.0447533;0.0581556;0.00246348;0.0446881;0.0446881;1.08108;0.00141044;0.92546;0.988836;
173500;0.0102;0.616004;0.368008;9.44066e-05;0.00726129;0.00726129;0.045098;0.0571625;0.00214921;0.0477746;0.0477746;0.72549;0.00282885;0.985473;0.98863;
174000;0.01;0.619008;0.368614;3.28512e-05;0.00653037;0.00653037;0.0447629;0.0586642;0.000802815;0.0431328;0.0431328;0.72;0.00161616;0.967815;0.988295;
174500;0.011;0.61789;0.370333;2.99359e-05;0.00660197;0.00660197;0.0461286;0.0591623;0.000764567;0.0459141;0.0459141;0.745455;0.00242669;0.966114;0.990407;
175000;0.0096;0.620525;0.369776;3.78259e-05;0.00652976;0.00652976;0.0457469;0.0596679;0.00125277;0.0445836;0.0445836;0.770833;0.00201939;0.979236;0.989356;
175500;0.0078;0.622379;0.370908;0.000131391;0.00782207;0.00782207;0.0462109;0.058723;0.00175445;0.0493302;0.0493302;1.28205;0.00181415;0.938378;0.988103;
176000;0.0072;0.621418;0.369945;6.65213e-05;0.0091211;0.0091211;0.0469501;0.0594864;0.00126356;0.0548757;0.0548757;1.63889;0.00322321;0.9566;0.988868;
176500;0.0076;0.621207;0.371008;0.000148744;0.00770737;0.00770737;0.047604;0.0579936;0.00265131;0.0496634;0.0496634;1.23684;0.00322451;0.946882;0.989148;
177000;0.0088;0.620029;0.375209;0.000128538;0.00722283;0.00722283;0.0478799;0.0586146;0.00223137;0.0467995;0.0467995;0.886364;0.00221953;0.981719;0.987743;
177500;0.0126;0.619106;0.377644;8.45461e-05;0.00815366;0.00815366;0.0492165;0.0590643;0.00251778;0.0511697;0.0511697;0.857143;0.00182297;0.986492;0.988952;
178000;0.0094;0.619161;0.376789;7.67057e-05;0.00726369;0.00726369;0.0501368;0.0598138;0.00241597;0.0478411;0.0478411;0.87234;0.00242277;0.984602;0.989281;
178500;0.012;0.616869;0.379076;4.89759e-05;0.00707506;0.00707506;0.0522986;0.0626254;0.00244831;0.0470972;0.0470972;0.75;0.001417;0.975888;0.989323;
179000;0.0088;0.62031;0.378875;3.4561e-05;0.0076998;0.0076998;0.0523626;0.0641736;0.000963119;0.0493069;0.0493069;1.22727;0.00161421;0.992984;0.988979;
179500;0.0092;0.618884;0.379601;3.82184e-05;0.00724141;0.00724141;0.05496;0.0635724;0.00132317;0.0474434;0.0474434;0.913043;0.00242229;0.979781;0.988831;
180000;0.0094;0.622624;0.380602;3.37367e-05;0.0075537;0.0075537;0.0542487;0.0622686;0.00138604;0.0496047;0.0496047;0.93617;0.00302847;0.980231;0.989549;
180500;0.0108;0.622423;0.377595;3.95526e-05;0.00685906;0.00685906;0.0528625;0.063289;0.00102108;0.0465468;0.0465468;0.759259;0.00161747;0.971493;0.989215;
181000;0.0072;0.624264;0.375153;4.88682e-05;0.00727736;0.00727736;0.0532905;0.0630082;0.00220942;0.0485724;0.0485724;1.16667;0.00282031;0.988311;0.989883;
181500;0.0076;0.62502;0.373386;0.000112591;0.00682606;0.00682606;0.0540476;0.0604731;0.00252542;0.0449203;0.0449203;1.10526;0.00141072;0.973823;0.989008;
182000;0.0102;0.62624;0.375628;9.89577e-06;0.00724633;0.00724633;0.0521578;0.0654581;0.000699666;0.0475302;0.0475302;0.921569;0.00202061;0.967604;0.989597;
182500;0.0086;0.625279;0.373181;1.67039e-05;0.00796276;0.00796276;0.05211;0.0648518;0.000837305;0.0506748;0.0506748;1.18605;0.00242082;0.986565;0.989139;
183000;0.0114;0.62427;0.374172;2.0869e-05;0.00650594;0.00650594;0.0524797;0.0653146;0.000879059;0.0442513;0.0442513;0.684211;0.00182076;0.977282;0.989509;
183500;0.0078;0.619644;0.373697;3.49792e-05;0.00602273;0.00602273;0.0530977;0.0670084;0.00134217;0.0420342;0.0420342;0.948718;0.00181415;0.973835;0.99019;
184000;0.0094;0.619882;0.371423;6.96439e-05;0.00669575;0.00669575;0.0534592;0.0659728;0.00192692;0.0445758;0.0445758;1;0.00100949;0.990846;0.989348;
184500;0.0088;0.619643;0.372342;6.63239e-05;0.00657313;0.00657313;0.0528259;0.0673796;0.00190454;0.0447186;0.0447186;0.954545;0.00121065;0.982128;0.989231;
185000;0.0084;0.62256;0.369167;4.2448e-05;0.00616354;0.00616354;0.0514017;0.0661257;0.000865775;0.0432767;0.0432767;0.738095;0.00242033;0.988547;0.989535;
185500;0.0124;0.623253;0.369193;0.000111182;0.00724702;0.00724702;0.0513384;0.0677211;0.00230107;0.0483985;0.0483985;0.741935;0.00222762;0.955166;0.989358;
186000;0.0092;0.620249;0.367215;0.000142564;0.00723013;0.00723013;0.0540469;0.0708626;0.00250571;0.0475528;0.0475528;1.13043;0.00161486;0.987177;0.989358;
186500;0.0082;0.617803;0.361864;0.000176284;0.00687349;0.00687349;0.0571529;0.0707799;0.00276334;0.0443818;0.0443818;1.12195;0.00161323;0.962369;0.988862;
187000;0.0118;0.62032;0.365039;0.000130372;0.00763752;0.00763752;0.0546497;0.0703694;0.00207015;0.0477604;0.0477604;0.864407;0.00202388;0.980954;0.988169;
187500;0.0098;0.624446;0.365159;3.73903e-05;0.0078033;0.0078033;0.0555013;0.0732264;0.00115459;0.0487419;0.0487419;0.857143;0.00282771;0.974458;0.988331;
188000;0.0106;0.627799;0.364198;2.46005e-05;0.00688049;0.00688049;0.0539318;0.0728184;0.000653101;0.0452619;0.0452619;0.792453;0.00262786;0.984599;0.9895;
188500;0.0082;0.633894;0.362048;0.000167525;0.00654384;0.00654384;0.0532253;0.0723411;0.00297039;0.0430791;0.0430791;0.829268;0.00221819;0.961767;0.988424;
189000;0.0088;0.632798;0.364408;8.16946e-05;0.00677301;0.00677301;0.0525524;0.0740026;0.00201005;0.0443909;0.0443909;0.977273;0.00221953;0.992288;0.989192;
189500;0.008;0.636578;0.365553;0.000211918;0.00738182;0.00738182;0.0515673;0.07261;0.00347447;0.0477602;0.0477602;1.075;0.00282258;0.985308;0.989223;
190000;0.0088;0.637093;0.36797;0.000127566;0.00679921;0.00679921;0.0519282;0.0730968;0.00253067;0.0450151;0.0450151;1.02273;0.00161421;0.947672;0.989603;
190500;0.0104;0.641688;0.362606;5.29932e-05;0.00750672;0.00750672;0.0508368;0.0707491;0.00123082;0.0478809;0.0478809;0.903846;0.00282943;0.955116;0.989398;
191000;0.01;0.635603;0.361082;6.06765e-05;0.00685327;0.00685327;0.0506557;0.070618;0.00121821;0.0462205;0.0462205;1.04;0.00222222;0.976259;0.991009;
191500;0.0096;0.639067;0.359427;0.000156554;0.00658464;0.00658464;0.0504326;0.0694802;0.00259903;0.0434762;0.0434762;0.895833;0.00181745;0.977429;0.988846;
192000;0.0114;0.63383;0.363615;4.49434e-05;0.00663079;0.00663079;0.0517019;0.0725164;0.00118926;0.0461454;0.0461454;0.77193;0.00242768;0.987522;0.990392;
192500;0.0092;0.635571;0.363006;5.07937e-05;0.00642508;0.00642508;0.0520577;0.0721831;0.00186405;0.0436546;0.0436546;1.06522;0.000807428;0.964589;0.990119;
193000;0.009;0.632736;0.364692;7.30906e-05;0.00740599;0.00740599;0.0541406;0.0746201;0.00231249;0.04753;0.04753;1.2;0.00302725;0.973663;0.990137;
193500;0.012;0.630502;0.361692;2.85291e-05;0.00617106;0.00617106;0.0533489;0.0724984;0.00107403;0.0427047;0.0427047;0.75;0.00182186;0.977578;0.990798;
194000;0.01;0.631214;0.363587;7.03164e-05;0.00598908;0.00598908;0.0509569;0.0712216;0.00192761;0.0406155;0.0406155;0.68;0.0020202;0.970376;0.989178;
194500;0.0092;0.630649;0.364826;9.67089e-05;0.00681144;0.00681144;0.0531677;0.069757;0.00159255;0.0427503;0.0427503;0.869565;0.00201857;0.948336;0.988297;
195000;0.0074;0.636742;0.367399;4.65047e-05;0.00496278;0.00496278;0.0504852;0.0698245;0.00096478;0.0357453;0.0357453;0.756757;0.00181342;0.980984;0.990475;
195500;0.007;0.636137;0.371048;3.79398e-05;0.00671663;0.00671663;0.0515152;0.0686739;0.00068365;0.0430901;0.0430901;1.28571;0.00140987;0.94948;0.988918;
196000;0.006;0.637055;0.377004;4.47401e-05;0.00533554;0.00533554;0.0510745;0.0709264;0.000645285;0.0386721;0.0386721;1.3;0.00140845;0.967554;0.990792;
196500;0.0086;0.638615;0.375679;0.000109231;0.0068391;0.0068391;0.0478084;0.0703029;0.00241841;0.0430208;0.0430208;1.04651;0.00342949;0.954283;0.989376;
197000;0.0104;0.635674;0.37746;0.000109868;0.00564418;0.00564418;0.049262;0.068753;0.00216626;0.0393657;0.0393657;0.730769;0.00141471;0.972598;0.990159;
197500;0.01;0.633253;0.383093;8.23821e-05;0.00587854;0.00587854;0.0508248;0.0667096;0.00204523;0.0393373;0.0393373;0.68;0.00242424;0.983652;0.989212;
198000;0.0108;0.626467;0.387738;0.000115452;0.00695709;0.00695709;0.0532004;0.0676057;0.00183301;0.044688;0.044688;0.962963;0.00202184;0.997784;0.989238;
198500;0.0106;0.629936;0.387527;9.54188e-06;0.00692854;0.00692854;0.0539894;0.0700029;0.000460464;0.0441171;0.0441171;1.01887;0.00303214;0.986267;0.990097;
199000;0.0114;0.62832;0.381519;4.35868e-05;0.00664955;0.00664955;0.0539937;0.0685435;0.00154712;0.0428776;0.0428776;0.736842;0.00222537;0.993384;0.988768;
199500;0.0096;0.631594;0.379762;3.46504e-05;0.00642307;0.00642307;0.0519584;0.0671784;0.00154448;0.0427376;0.0427376;1.02083;0.00222132;0.985173;0.990621;
200000;0.0106;0.630185;0.381489;8.18526e-05;0.00448835;0.00448835;0.0540219;0.066041;0.00231096;0.032885;0.032885;0.603774;0.00101071;0.991854;0.990684;
